visualization/geoclaw_output/hmax_CC.asc
ncols     146
nrows     128
xllcorner -1.242151400000000e+02
yllcorner  4.173486100000000e+01
cellsize  2.777931034483439e-04
nodata_value       -9999
[rows 66 to 87 of 128, columns 0 to 49 of 146]
2.9471150e+00 2.6512748e+00 1.9255500e+00 1.2457856e+00 2.1065548e-03 0.0000000e+00 0.0000000e+00 0.0000000e+00 0.0000000e+00 0.0000000e+00 0.0000000e+00 0.0000000e+00 0.0000000e+00 0.0000000e+00 0.0000000e+00 0.0000000e+00 0.0000000e+00 0.0000000e+00 0.0000000e+00 0.0000000e+00 0.0000000e+00 0.0000000e+00 0.0000000e+00 0.0000000e+00 0.0000000e+00 0.0000000e+00 0.0000000e+00 0.0000000e+00 0.0000000e+00 0.0000000e+00 0.0000000e+00 0.0000000e+00 0.0000000e+00 0.0000000e+00 0.0000000e+00 0.0000000e+00 0.0000000e+00 0.0000000e+00 0.0000000e+00 0.0000000e+00 0.0000000e+00 0.0000000e+00 0.0000000e+00 0.0000000e+00 0.0000000e+00 0.0000000e+00 0.0000000e+00 0.0000000e+00 0.0000000e+00 0.0000000e+00
2.3907231e+00 2.4262891e+00 2.9111173e+00 2.8182542e+00 2.3394506e+00 2.5547606e-01 0.0000000e+00 0.0000000e+00 0.0000000e+00 0.0000000e+00 0.0000000e+00 0.0000000e+00 0.0000000e+00 0.0000000e+00 0.0000000e+00 0.0000000e+00 0.0000000e+00 0.0000000e+00 0.0000000e+00 0.0000000e+00 0.0000000e+00 0.0000000e+00 0.0000000e+00 0.0000000e+00 0.0000000e+00 0.0000000e+00 0.0000000e+00 0.0000000e+00 0.0000000e+00 0.0000000e+00 0.0000000e+00 0.0000000e+00 0.0000000e+00 0.0000000e+00 0.0000000e+00 0.0000000e+00 0.0000000e+00 0.0000000e+00 0.0000000e+00 0.0000000e+00 0.0000000e+00 0.0000000e+00 0.0000000e+00 0.0000000e+00 0.0000000e+00 0.0000000e+00 0.0000000e+00 0.0000000e+00 0.0000000e+00 0.0000000e+00
2.0275000e+00 2.5343431e+00 3.9063198e+00 4.6289406e+00 4.8688717e+00 4.5498963e+00 3.7914521e+00 1.9981000e+00 0.0000000e+00 0.0000000e+00 0.0000000e+00 0.0000000e+00 0.0000000e+00 0.0000000e+00 0.0000000e+00 0.0000000e+00 0.0000000e+00 0.0000000e+00 0.0000000e+00 0.0000000e+00 0.0000000e+00 0.0000000e+00 0.0000000e+00 0.0000000e+00 0.0000000e+00 0.0000000e+00 0.0000000e+00 0.0000000e+00 0.0000000e+00 0.0000000e+00 0.0000000e+00 0.0000000e+00 0.0000000e+00 0.0000000e+00 0.0000000e+00 0.0000000e+00 0.0000000e+00 0.0000000e+00 0.0000000e+00 0.0000000e+00 0.0000000e+00 0.0000000e+00 0.0000000e+00 0.0000000e+00 0.0000000e+00 0.0000000e+00 0.0000000e+00 0.0000000e+00 0.0000000e+00 0.0000000e+00
1.8603357e+00 4.0229208e+00 6.1040547e+00 6.3934837e+00 6.4547531e+00 6.5407429e+00 6.1102658e+00 5.2887638e+00 4.5816180e+00 4.3513800e+00 2.0067334e+00 0.0000000e+00 0.0000000e+00 0.0000000e+00 0.0000000e+00 0.0000000e+00 0.0000000e+00 0.0000000e+00 0.0000000e+00 0.0000000e+00 0.0000000e+00 0.0000000e+00 0.0000000e+00 0.0000000e+00 0.0000000e+00 0.0000000e+00 0.0000000e+00 0.0000000e+00 0.0000000e+00 0.0000000e+00 0.0000000e+00 0.0000000e+00 0.0000000e+00 0.0000000e+00 0.0000000e+00 0.0000000e+00 0.0000000e+00 0.0000000e+00 0.0000000e+00 0.0000000e+00 0.0000000e+00 0.0000000e+00 0.0000000e+00 0.0000000e+00 0.0000000e+00 0.0000000e+00 0.0000000e+00 0.0000000e+00 0.0000000e+00 0.0000000e+00
3.3376714e+00 6.1096148e+00 6.3478809e+00 6.5436076e+00 6.6863344e+00 6.6795917e+00 6.3053167e+00 6.0169796e+00 6.8244770e+00 6.3572914e+00 4.7359503e+00 1.9674253e+00 0.0000000e+00 0.0000000e+00 0.0000000e+00 0.0000000e+00 0.0000000e+00 0.0000000e+00 0.0000000e+00 0.0000000e+00 0.0000000e+00 0.0000000e+00 0.0000000e+00 0.0000000e+00 0.0000000e+00 0.0000000e+00 0.0000000e+00 0.0000000e+00 0.0000000e+00 0.0000000e+00 0.0000000e+00 0.0000000e+00 0.0000000e+00 0.0000000e+00 0.0000000e+00 0.0000000e+00 0.0000000e+00 0.0000000e+00 0.0000000e+00 0.0000000e+00 0.0000000e+00 0.0000000e+00 0.0000000e+00 0.0000000e+00 0.0000000e+00 0.0000000e+00 0.0000000e+00 0.0000000e+00 0.0000000e+00 0.0000000e+00
5.7661903e+00 4.1344459e+00 5.3363990e+00 6.4078825e+00 6.6678018e+00 5.4130256e+00 5.8978920e+00 6.0668254e+00 6.9464227e+00 6.3755285e+00 4.1071885e+00 0.0000000e+00 0.0000000e+00 0.0000000e+00 0.0000000e+00 0.0000000e+00 0.0000000e+00 0.0000000e+00 0.0000000e+00 0.0000000e+00 0.0000000e+00 0.0000000e+00 0.0000000e+00 0.0000000e+00 0.0000000e+00 0.0000000e+00 0.0000000e+00 0.0000000e+00 0.0000000e+00 0.0000000e+00 0.0000000e+00 0.0000000e+00 0.0000000e+00 0.0000000e+00 0.0000000e+00 0.0000000e+00 0.0000000e+00 0.0000000e+00 0.0000000e+00 0.0000000e+00 0.0000000e+00 0.0000000e+00 0.0000000e+00 0.0000000e+00 0.0000000e+00 0.0000000e+00 0.0000000e+00 0.0000000e+00 0.0000000e+00 0.0000000e+00
5.7155675e+00 4.6315855e+00 5.5172807e+00 5.4387677e+00 6.5823643e+00 6.7708256e+00 6.7533880e+00 6.7967139e+00 6.8531698e+00 5.9506842e+00 3.1587004e+00 0.0000000e+00 0.0000000e+00 0.0000000e+00 0.0000000e+00 0.0000000e+00 0.0000000e+00 0.0000000e+00 0.0000000e+00 0.0000000e+00 0.0000000e+00 0.0000000e+00 0.0000000e+00 0.0000000e+00 0.0000000e+00 0.0000000e+00 0.0000000e+00 0.0000000e+00 0.0000000e+00 0.0000000e+00 0.0000000e+00 0.0000000e+00 0.0000000e+00 0.0000000e+00 0.0000000e+00 0.0000000e+00 0.0000000e+00 0.0000000e+00 0.0000000e+00 0.0000000e+00 0.0000000e+00 0.0000000e+00 0.0000000e+00 0.0000000e+00 0.0000000e+00 0.0000000e+00 0.0000000e+00 0.0000000e+00 0.0000000e+00 0.0000000e+00
5.8257062e+00 5.7726166e+00 6.0484995e+00 6.0713648e+00 6.4759391e+00 6.6369701e+00 6.7326728e+00 6.8122738e+00 6.6250864e+00 5.0566621e+00 4.1540881e+00 3.4460107e+00 3.4010775e+00 3.8420624e+00 4.1047915e+00 4.0961182e+00 3.6391779e+00 3.2628193e+00 2.2457101e+00 0.0000000e+00 0.0000000e+00 0.0000000e+00 0.0000000e+00 0.0000000e+00 0.0000000e+00 0.0000000e+00 0.0000000e+00 0.0000000e+00 0.0000000e+00 0.0000000e+00 0.0000000e+00 0.0000000e+00 0.0000000e+00 0.0000000e+00 0.0000000e+00 0.0000000e+00 0.0000000e+00 0.0000000e+00 0.0000000e+00 0.0000000e+00 0.0000000e+00 0.0000000e+00 0.0000000e+00 0.0000000e+00 0.0000000e+00 2.1343545e-01 6.0332864e-01 3.1926352e-01 2.3990353e-01 3.2185068e-01
6.4664624e+00 5.9188038e+00 5.9255767e+00 6.0905485e+00 6.3322598e+00 6.6069402e+00 6.7772026e+00 6.8714636e+00 6.7996978e+00 6.4691891e+00 6.1686244e+00 5.9874826e+00 6.0012656e+00 6.1311511e+00 6.3328256e+00 6.1500817e+00 6.1831636e+00 6.1997647e+00 6.0267634e+00 5.7285299e+00 5.4361795e+00 4.4001028e+00 3.6031655e+00 2.5941400e+00 1.7903802e+00 1.9684413e-02 0.0000000e+00 0.0000000e+00 0.0000000e+00 0.0000000e+00 0.0000000e+00 0.0000000e+00 0.0000000e+00 0.0000000e+00 0.0000000e+00 0.0000000e+00 0.0000000e+00 0.0000000e+00 0.0000000e+00 0.0000000e+00 0.0000000e+00 0.0000000e+00 0.0000000e+00 0.0000000e+00 2.9619025e-01 4.8941634e-01 7.3497885e-01 7.0864400e-01 5.5255558e-01 5.8481491e-01
7.4397850e+00 6.2233383e+00 5.6349835e+00 5.9362045e+00 6.3323524e+00 6.7493142e+00 7.0209865e+00 7.1116991e+00 7.0834408e+00 6.9713341e+00 6.8194918e+00 6.7344996e+00 6.6987621e+00 6.6898478e+00 6.3192064e+00 5.4090278e+00 6.2414301e+00 6.5430695e+00 6.6020737e+00 6.5364788e+00 6.6626010e+00 6.3842691e+00 6.3083671e+00 5.7092584e+00 6.5326874e+00 4.5259339e+00 2.3530966e+00 0.0000000e+00 0.0000000e+00 0.0000000e+00 0.0000000e+00 0.0000000e+00 0.0000000e+00 0.0000000e+00 0.0000000e+00 0.0000000e+00 0.0000000e+00 0.0000000e+00 0.0000000e+00 0.0000000e+00 0.0000000e+00 0.0000000e+00 9.7290071e-03 4.4010734e-01 6.0012959e-01 2.6716966e-01 4.0979259e-01 1.1975901e+00 9.6746721e-01 9.9784079e-01
8.6286532e+00 6.6683306e+00 5.3826671e+00 5.0283976e+00 5.8237588e+00 7.2289602e+00 7.5113118e+00 7.6117670e+00 7.5606701e+00 7.3829031e+00 7.1319035e+00 6.8824577e+00 6.6964293e+00 6.5691065e+00 5.7922640e+00 5.2192611e+00 5.6943082e+00 6.3251436e+00 6.0035928e+00 6.1648430e+00 6.3077584e+00 6.0369042e+00 6.6555738e+00 6.6335556e+00 6.8765788e+00 6.9373131e+00 5.6701790e+00 2.9588595e+00 1.3831615e-01 0.0000000e+00 0.0000000e+00 0.0000000e+00 0.0000000e+00 0.0000000e+00 0.0000000e+00 0.0000000e+00 0.0000000e+00 0.0000000e+00 0.0000000e+00 0.0000000e+00 0.0000000e+00 0.0000000e+00 0.0000000e+00 6.5653734e-01 1.2053590e+00 9.0099488e-01 1.3924734e+00 1.4163393e+00 1.4648423e+00 1.3076032e+00
1.0798874e+01 8.1779238e+00 5.8401569e+00 5.1828022e+00 6.8377720e+00 7.9998341e+00 8.1952362e+00 8.2529170e+00 8.1440272e+00 7.8804573e+00 7.5351267e+00 7.1354850e+00 6.7850378e+00 6.5650993e+00 6.2060926e+00 5.6776139e+00 6.2751854e+00 6.4787336e+00 6.3799067e+00 6.3102839e+00 6.6424280e+00 6.4525521e+00 6.6271599e+00 6.6303106e+00 6.7763745e+00 7.0339945e+00 5.8486908e+00 6.3289426e+00 4.7454106e+00 2.1574759e+00 0.0000000e+00 0.0000000e+00 0.0000000e+00 0.0000000e+00 0.0000000e+00 0.0000000e+00 0.0000000e+00 0.0000000e+00 0.0000000e+00 0.0000000e+00 0.0000000e+00 0.0000000e+00 0.0000000e+00 8.7431226e-01 1.8336144e+00 1.8017854e+00 1.7379052e+00 1.6399463e+00 1.8048703e+00 1.7158858e+00
1.2646757e+01 1.0802461e+01 9.9164913e+00 8.3409235e+00 9.0006449e+00 8.9019142e+00 8.9165100e+00 8.8587955e+00 8.6376160e+00 8.3012202e+00 7.8275714e+00 7.2906543e+00 6.7890654e+00 6.4887271e+00 6.1714217e+00 5.4460715e+00 6.2644258e+00 6.3625212e+00 6.8796533e+00 6.7943342e+00 6.3406107e+00 6.4670067e+00 5.9686292e+00 6.5102740e+00 6.2827116e+00 5.9533598e+00 6.6211552e+00 6.8718510e+00 7.0878415e+00 5.6781188e+00 3.4567145e+00 0.0000000e+00 0.0000000e+00 0.0000000e+00 0.0000000e+00 0.0000000e+00 0.0000000e+00 0.0000000e+00 0.0000000e+00 0.0000000e+00 0.0000000e+00 0.0000000e+00 0.0000000e+00 1.3006155e+00 1.9780506e+00 2.0893216e+00 1.9288391e+00 1.8144363e+00 1.9700839e+00 1.9360556e+00
1.3173762e+01 1.2496148e+01 1.2448057e+01 1.0922842e+01 1.1221275e+01 1.0337343e+01 1.0005601e+01 9.7599316e+00 9.4280851e+00 8.9557752e+00 8.2448267e+00 7.4763397e+00 6.7979778e+00 6.2261577e+00 5.8407758e+00 5.7641422e+00 5.9435733e+00 6.1215236e+00 6.8155085e+00 6.3454621e+00 5.7118892e+00 6.5171174e+00 6.6174158e+00 6.7977525e+00 6.6239764e+00 6.8421111e+00 6.7510730e+00 6.6565083e+00 6.7057720e+00 7.1607347e+00 6.1216985e+00 4.3774686e+00 2.2154890e+00 0.0000000e+00 0.0000000e+00 0.0000000e+00 0.0000000e+00 0.0000000e+00 0.0000000e+00 0.0000000e+00 2.4799704e-01 4.7589095e-01 1.3133529e+00 1.6982988e+00 1.7580054e+00 1.8054512e+00 2.0676707e+00 1.9249585e+00 2.1969039e+00 2.4257062e+00
1.3845928e+01 1.3608570e+01 1.3327516e+01 1.2766375e+01 1.2305741e+01 1.1674873e+01 1.1287119e+01 1.0920859e+01 1.0680692e+01 1.0151482e+01 8.9870841e+00 7.7359230e+00 6.9079888e+00 6.2728296e+00 5.7941789e+00 5.7290050e+00 5.6872317e+00 5.8513530e+00 3.8312025e+00 4.8233286e+00 6.4569575e+00 6.4270933e+00 6.7161953e+00 6.6800288e+00 5.7513340e+00 6.5484562e+00 6.8782530e+00 6.6023462e+00 6.6318648e+00 5.5587963e+00 6.9800002e+00 6.9970946e+00 6.3266885e+00 4.2435000e+00 3.1686154e+00 2.0477456e+00 0.0000000e+00 0.0000000e+00 0.0000000e+00 3.0352956e-01 1.0148708e+00 1.1344400e+00 1.0969661e+00 1.0500276e+00 1.1332001e+00 1.1193524e+00 1.4209003e+00 1.7014687e+00 2.0547320e+00 1.9273465e+00
1.3800431e+01 1.3703604e+01 1.3519752e+01 1.3118213e+01 1.2682147e+01 1.2156914e+01 1.1756869e+01 1.1627978e+01 1.1562637e+01 1.1117174e+01 9.7056460e+00 7.9086919e+00 7.1781396e+00 6.6371619e+00 5.7369911e+00 4.8186775e+00 5.7203175e+00 5.7587586e+00 5.9581588e+00 6.1449669e+00 6.5427154e+00 6.5035617e+00 6.8072810e+00 6.4770858e+00 2.1123688e+00 5.5177443e+00 6.7833879e+00 6.5289572e+00 6.5914163e+00 6.7618096e+00 6.9329077e+00 7.0840733e+00 7.1365359e+00 6.8438501e+00 6.8380626e+00 6.3084530e+00 5.4996583e+00 3.9931499e+00 2.3291545e+00 1.1174309e+00 6.1880561e-01 5.6614069e-01 8.1932974e-01 3.6041617e-01 1.6902767e-01 2.5117952e-01 2.6476159e-01 1.0710151e+00 1.5598410e+00 1.6529004e+00
1.3615377e+01 1.3470662e+01 1.3356562e+01 1.3106951e+01 1.2805206e+01 1.2445402e+01 1.2161945e+01 1.1989216e+01 1.1819225e+01 1.1370722e+01 1.0185612e+01 8.1853028e+00 8.0659019e+00 7.8638674e+00 6.2655035e+00 5.8115270e+00 6.3441677e+00 6.5692633e+00 6.8155211e+00 6.7353423e+00 6.6223954e+00 6.5442922e+00 6.5518126e+00 6.5789876e+00 4.4871679e+00 6.2588975e+00 6.0513417e+00 6.8036482e+00 6.8434645e+00 6.6772623e+00 6.1704757e+00 6.9088174e+00 7.0327940e+00 7.1710707e+00 7.3663240e+00 7.4989220e+00 7.1712005e+00 6.7583144e+00 6.8191794e+00 4.8663152e+00 2.8947642e+00 7.1931349e-01 3.0920725e-01 6.4995244e-02 0.0000000e+00 0.0000000e+00 0.0000000e+00 0.0000000e+00 2.4956917e-02 9.1795506e-01
1.3502052e+01 1.3183121e+01 1.3136162e+01 1.3077829e+01 1.2873081e+01 1.2628538e+01 1.2370024e+01 1.2198018e+01 1.1959034e+01 1.1506500e+01 1.0578554e+01 9.6495661e+00 1.0083658e+01 1.0683362e+01 9.1690572e+00 8.1845626e+00 8.1035380e+00 7.9851892e+00 7.6987721e+00 7.4511549e+00 7.0949348e+00 6.6418098e+00 6.2431546e+00 6.0452180e+00 6.1723050e+00 6.6194126e+00 5.9643586e+00 6.8176335e+00 6.7564589e+00 5.9343086e+00 6.5237715e+00 6.9377838e+00 6.9712735e+00 6.9991769e+00 7.0746605e+00 7.0870695e+00 6.9982626e+00 7.1903257e+00 7.3165007e+00 6.5537000e+00 6.5133557e+00 4.3676041e+00 3.4764178e-01 0.0000000e+00 0.0000000e+00 0.0000000e+00 0.0000000e+00 0.0000000e+00 0.0000000e+00 0.0000000e+00
1.3471112e+01 1.2975091e+01 1.3144769e+01 1.3107225e+01 1.2895050e+01 1.2722733e+01 1.2527133e+01 1.2351476e+01 1.2107095e+01 1.1748009e+01 1.1237517e+01 1.0884540e+01 1.1122746e+01 1.1222796e+01 1.0348726e+01 9.9675101e+00 9.9195174e+00 9.5095878e+00 8.9588145e+00 8.2271111e+00 7.5993866e+00 7.0076218e+00 6.4710310e+00 6.1757359e+00 6.1271237e+00 6.4939119e+00 5.8621252e+00 6.0519657e+00 6.3207277e+00 6.2837524e+00 6.6768582e+00 6.7830215e+00 6.8891508e+00 6.9065784e+00 6.9132611e+00 6.9157142e+00 6.9120720e+00 7.0422498e+00 7.2629011e+00 6.9895914e+00 6.4709533e+00 6.0641896e+00 4.5189908e+00 3.6968302e-01 0.0000000e+00 0.0000000e+00 0.0000000e+00 0.0000000e+00 0.0000000e+00 0.0000000e+00
1.3502038e+01 1.3086558e+01 1.2956135e+01 1.2957819e+01 1.3034525e+01 1.2795984e+01 1.2678004e+01 1.2489318e+01 1.2258962e+01 1.1993345e+01 1.1687419e+01 1.1489304e+01 1.1481964e+01 1.1352472e+01 1.0875665e+01 1.0690660e+01 1.0715853e+01 1.0396352e+01 9.9837541e+00 9.1824464e+00 8.2538191e+00 7.3067063e+00 6.7617895e+00 6.3713445e+00 5.4379913e+00 6.0797912e+00 6.1187539e+00 5.8758385e+00 5.4583555e+00 6.1627705e+00 6.4928926e+00 6.6510460e+00 6.8436315e+00 6.8219238e+00 6.7987566e+00 6.8482997e+00 6.8943390e+00 6.9840197e+00 7.1526876e+00 7.1082555e+00 6.6566888e+00 7.0200272e+00 6.2774805e+00 2.1950426e+00 0.0000000e+00 0.0000000e+00 0.0000000e+00 0.0000000e+00 0.0000000e+00 0.0000000e+00
1.3868315e+01 1.2329077e+01 1.2879622e+01 1.2566754e+01 1.3193111e+01 1.2829490e+01 1.2755401e+01 1.2593877e+01 1.2387950e+01 1.2163938e+01 1.1933216e+01 1.1762450e+01 1.1659065e+01 1.1516273e+01 1.1259271e+01 1.1077051e+01 1.0963299e+01 1.0698405e+01 1.0272413e+01 9.9173656e+00 9.0011627e+00 7.5387756e+00 6.8059250e+00 6.3858173e+00 5.8468701e+00 5.5802557e+00 5.8083671e+00 6.4074237e+00 6.0848317e+00 6.1966864e+00 6.3589927e+00 6.6083497e+00 6.8846249e+00 6.7517918e+00 6.7144483e+00 6.7390040e+00 6.7860330e+00 6.8824643e+00 6.9908446e+00 7.0896347e+00 7.0348604e+00 7.2001149e+00 6.1553973e+00 3.3781828e+00 5.8862949e-01 1.4039779e+00 1.5032455e+00 0.0000000e+00 0.0000000e+00 0.0000000e+00
1.4586322e+01 1.3924400e+01 1.3460303e+01 1.3021259e+01 1.3009342e+01 1.3038042e+01 1.2887972e+01 1.2808384e+01 1.2649903e+01 1.2448420e+01 1.2232514e+01 1.2044035e+01 1.1873644e+01 1.1664711e+01 1.1424373e+01 1.1206402e+01 1.1009810e+01 1.0725034e+01 1.0265141e+01 9.6159096e+00 8.6384177e+00 7.7135187e+00 6.9695424e+00 6.5046578e+00 6.0531164e+00 5.4593657e+00 6.0510442e+00 6.2857601e+00 6.4616916e+00 6.1521159e+00 6.3178003e+00 6.8403656e+00 5.4424227e+00 5.4787064e+00 6.6290703e+00 6.6381903e+00 6.6872755e+00 6.7597483e+00 6.7968653e+00 6.8280172e+00 6.8715743e+00 5.9674511e+00 2.3416241e+00 4.6152989e+00 6.0177211e+00 5.2420710e+00 4.0096574e+00 2.5272522e+00 0.0000000e+00 0.0000000e+00
