visualization/geoclaw_output/hmax_CC.asc
ncols     146
nrows     128
xllcorner -1.242151400000000e+02
yllcorner  4.173486100000000e+01
cellsize  2.777931034483439e-04
nodata_value       -9999
[rows 88 to 109 of 128, columns 0 to 49 of 146]
1.3871552e+01 1.3916508e+01 1.3820186e+01 1.3415909e+01 1.3311478e+01 1.3521682e+01 1.3106669e+01 1.3013608e+01 1.2849364e+01 1.2651953e+01 1.2437989e+01 1.2221181e+01 1.2012945e+01 1.1789991e+01 1.1537268e+01 1.1271512e+01 1.0974677e+01 1.0567813e+01 9.9731374e+00 9.3547277e+00 8.5501753e+00 7.7291506e+00 7.0673719e+00 6.5492236e+00 6.1019901e+00 5.8047364e+00 5.6118698e+00 3.6437640e+00 2.4930043e+00 6.0148941e+00 6.3132794e+00 6.6717195e+00 6.5814126e+00 6.2618237e+00 6.5699178e+00 6.5786341e+00 6.6171211e+00 6.6334970e+00 6.6032592e+00 6.5652033e+00 6.6059310e+00 6.0050584e+00 5.9539363e+00 5.1134934e+00 7.2716905e+00 7.0928104e+00 6.4704322e+00 4.1612644e+00 2.1735704e+00 1.7715140e+00
1.4259331e+01 1.3753855e+01 1.3569517e+01 1.3336521e+01 1.3345240e+01 1.3513767e+01 1.3348484e+01 1.3228469e+01 1.3037048e+01 1.2828629e+01 1.2590398e+01 1.2372939e+01 1.2141757e+01 1.1887489e+01 1.1597397e+01 1.1259588e+01 1.0890053e+01 1.0386800e+01 9.6962200e+00 9.0807098e+00 8.3553257e+00 7.6471894e+00 7.0612556e+00 6.5955676e+00 6.1267091e+00 5.8035453e+00 5.5721188e+00 5.4417084e+00 4.2120421e+00 6.2177274e+00 6.3228911e+00 6.4971665e+00 6.5735987e+00 6.3828691e+00 6.4281367e+00 6.4864445e+00 6.5149832e+00 6.5089163e+00 6.4860119e+00 6.5051836e+00 6.6083077e+00 6.8672820e+00 6.8659629e+00 6.8948906e+00 6.9120706e+00 7.1056934e+00 7.0238101e+00 5.7167765e+00 3.6202599e+00 3.2194200e+00
1.4471837e+01 1.3901812e+01 1.3462268e+01 1.3245505e+01 1.3582080e+01 1.3623403e+01 1.3569372e+01 1.3457932e+01 1.3229882e+01 1.2977702e+01 1.2739196e+01 1.2519006e+01 1.2274720e+01 1.2011690e+01 1.1674767e+01 1.1281972e+01 1.0821186e+01 1.0241074e+01 9.4594449e+00 8.8249437e+00 8.1106342e+00 7.4668880e+00 6.9674744e+00 6.5708326e+00 6.1768688e+00 5.9056826e+00 5.8541753e+00 5.9433480e+00 5.9735223e+00 6.1423720e+00 6.3537543e+00 6.5239157e+00 6.5344685e+00 6.4520941e+00 6.4312251e+00 6.4225252e+00 6.4201689e+00 6.4251289e+00 6.4431885e+00 6.4808890e+00 6.5965058e+00 6.7928619e+00 6.8349261e+00 6.7324720e+00 6.8456508e+00 6.9401366e+00 7.0410973e+00 6.8288247e+00 5.3839436e+00 5.5835042e+00
1.4324192e+01 1.3964031e+01 1.3682126e+01 1.3613064e+01 1.3714599e+01 1.3882425e+01 1.3905035e+01 1.3776688e+01 1.3465945e+01 1.3120282e+01 1.2891024e+01 1.2665549e+01 1.2453539e+01 1.2173037e+01 1.1805129e+01 1.1342087e+01 1.0795427e+01 1.0129382e+01 9.2687235e+00 8.5709744e+00 7.8499793e+00 7.2242479e+00 6.7372758e+00 6.4408365e+00 6.1498330e+00 5.9613500e+00 5.9064978e+00 5.9644253e+00 6.0450949e+00 6.1027204e+00 6.2833489e+00 6.4714508e+00 6.5570124e+00 6.5244040e+00 6.4727981e+00 6.4202879e+00 6.3841254e+00 6.3592227e+00 6.3835059e+00 6.4161566e+00 6.5616569e+00 6.8120511e+00 7.3229107e+00 7.6206602e+00 7.0569100e+00 6.5888725e+00 5.5762663e+00 5.6698574e+00 6.7949117e+00 6.7122394e+00
1.4468013e+01 1.4427494e+01 1.4328805e+01 1.4234778e+01 1.4167322e+01 1.4228400e+01 1.3987575e+01 1.3887165e+01 1.3634346e+01 1.3503230e+01 1.3129953e+01 1.3025460e+01 1.2755582e+01 1.2422018e+01 1.1998582e+01 1.1457006e+01 1.0830282e+01 1.0055050e+01 9.1055140e+00 8.2965367e+00 7.5402718e+00 6.8960944e+00 6.4360952e+00 6.2155192e+00 6.0469811e+00 5.9630483e+00 5.9418688e+00 5.9504386e+00 6.0620450e+00 6.1827505e+00 6.2815166e+00 6.3379568e+00 6.3841282e+00 6.4046048e+00 6.3874130e+00 6.2991672e+00 6.2388565e+00 6.1975101e+00 6.2043141e+00 6.2481129e+00 6.3935833e+00 6.5042592e+00 5.7852390e+00 3.0523993e+00 3.1839456e+00 2.2106102e+00 8.5802025e-01 4.5076406e+00 5.8205580e+00 6.5012691e+00
1.5412038e+01 1.5329040e+01 1.5200747e+01 1.5040469e+01 1.4899193e+01 1.4761184e+01 1.4783057e+01 1.4620806e+01 1.3975634e+01 1.3675422e+01 1.3930063e+01 1.3610178e+01 1.3419710e+01 1.2802555e+01 1.2260776e+01 1.1611174e+01 1.0923619e+01 1.0044570e+01 8.9590390e+00 8.0281188e+00 7.1672997e+00 6.5012004e+00 6.1162283e+00 5.9718918e+00 5.8169975e+00 5.6479265e+00 5.6669822e+00 5.9124557e+00 6.0637925e+00 6.2421951e+00 6.4173343e+00 6.5201569e+00 6.5039629e+00 6.3730665e+00 6.2518601e+00 6.0802182e+00 5.9783778e+00 5.9755351e+00 6.0538153e+00 6.0182619e+00 6.0617390e+00 4.4215945e+00 0.0000000e+00 0.0000000e+00 0.0000000e+00 0.0000000e+00 0.0000000e+00 4.4586527e+00 6.4981402e+00 6.3329717e+00
1.6520136e+01 1.6319858e+01 1.6102538e+01 1.5899164e+01 1.5704738e+01 1.5539901e+01 1.5593552e+01 1.5364525e+01 1.5037807e+01 1.4850635e+01 1.4742048e+01 1.4632031e+01 1.3972716e+01 1.3236136e+01 1.2499234e+01 1.1778422e+01 1.1035977e+01 1.0065274e+01 8.8699952e+00 7.8186494e+00 6.8456739e+00 6.1081096e+00 5.8460817e+00 5.8496846e+00 5.4508218e+00 4.7579347e+00 4.9351362e+00 5.8207199e+00 6.0672453e+00 6.3167186e+00 6.5661810e+00 6.7269110e+00 6.7214833e+00 6.5586848e+00 6.2984839e+00 5.9953121e+00 5.7811125e+00 5.8134766e+00 5.9040304e+00 5.7121605e+00 5.9546477e+00 4.6703998e+00 0.0000000e+00 0.0000000e+00 0.0000000e+00 0.0000000e+00 1.6458528e+00 4.6584829e+00 6.3826575e+00 6.2386737e+00
1.7349511e+01 1.7119008e+01 1.6886074e+01 1.6688048e+01 1.6527983e+01 1.6403017e+01 1.6285434e+01 1.6178449e+01 1.5970856e+01 1.5504300e+01 1.4126516e+01 1.4505392e+01 1.4091441e+01 1.3472798e+01 1.2750324e+01 1.2013884e+01 1.1294544e+01 1.0346127e+01 8.9827238e+00 7.7346759e+00 6.5225016e+00 5.0509700e+00 4.9541262e+00 4.6795817e+00 5.0640031e+00 5.0534869e+00 5.1713617e+00 5.3575161e+00 6.1005221e+00 6.6630843e+00 7.0467922e+00 7.2694789e+00 7.2950933e+00 7.0701707e+00 6.7230226e+00 6.1978995e+00 5.6582883e+00 5.5796844e+00 4.7464863e+00 4.5818338e+00 5.8234835e+00 5.0913903e+00 0.0000000e+00 0.0000000e+00 1.0010193e+00 3.1729081e+00 4.2724031e+00 5.8860896e+00 6.0425344e+00 6.1537482e+00
1.8068496e+01 1.7893932e+01 1.7739951e+01 1.7651369e+01 1.7496295e+01 1.7318127e+01 1.7221234e+01 1.6715293e+01 1.5450894e+01 1.4599547e+01 1.3916783e+01 1.3950786e+01 1.3746424e+01 1.3315834e+01 1.2836699e+01 1.2248219e+01 1.1627248e+01 1.0764804e+01 9.3674660e+00 7.9438178e+00 6.3837687e+00 5.5033222e+00 4.2795197e+00 3.2009371e+00 5.0110551e+00 5.3858954e+00 5.4809461e+00 5.5505484e+00 6.5341172e+00 7.2369107e+00 7.6859528e+00 7.9395302e+00 7.9679329e+00 7.7144911e+00 7.3033199e+00 6.6912697e+00 5.9456831e+00 5.5433635e+00 5.7433949e+00 5.8963824e+00 5.9219755e+00 5.6974861e+00 5.5104300e+00 5.5926588e+00 5.1617916e+00 4.7940064e+00 5.1881982e+00 5.1606090e+00 6.1303434e+00 6.1839328e+00
1.8677427e+01 1.8925839e+01 1.8684316e+01 1.8244011e+01 1.7884291e+01 1.8008174e+01 1.7509128e+01 1.7393373e+01 1.5362292e+01 1.3843924e+01 1.3856613e+01 1.3729281e+01 1.3436633e+01 1.3230636e+01 1.2938880e+01 1.2506001e+01 1.2070943e+01 1.1448700e+01 1.0137837e+01 8.6896676e+00 6.6565853e+00 5.4279083e+00 5.1222719e+00 4.7922248e+00 4.6405106e+00 5.9426299e+00 6.5880990e+00 7.0251447e+00 7.5921194e+00 8.1436885e+00 8.5460899e+00 8.7804456e+00 8.7900979e+00 8.5394270e+00 8.1557482e+00 7.5976512e+00 6.9572673e+00 6.5097935e+00 6.5803006e+00 6.6170038e+00 6.4341852e+00 6.2274472e+00 6.1949042e+00 6.0196038e+00 5.7451443e+00 4.9052834e+00 5.3041382e+00 5.9763692e+00 6.2728440e+00 6.3250208e+00
1.9849928e+01 1.9972632e+01 1.9087297e+01 1.8989684e+01 1.8020400e+01 1.8344525e+01 1.7801484e+01 1.5477840e+01 1.3956270e+01 1.4209797e+01 1.3914589e+01 1.3588687e+01 1.3413530e+01 1.3335977e+01 1.3127324e+01 1.2780999e+01 1.2589624e+01 1.2513619e+01 1.1601005e+01 1.0609535e+01 9.1541926e+00 6.8365425e+00 5.6154775e+00 5.4682403e+00 5.7235101e+00 7.1583465e+00 8.1463643e+00 8.5993537e+00 8.9867746e+00 9.3606674e+00 9.6564925e+00 9.8160777e+00 9.8075637e+00 9.5911347e+00 9.2790935e+00 8.8394213e+00 8.3298627e+00 7.9487218e+00 7.7263561e+00 7.5263706e+00 7.2850842e+00 6.9537619e+00 6.6009797e+00 6.2253097e+00 5.7962896e+00 5.7283815e+00 6.0440361e+00 6.3143748e+00 6.4624258e+00 6.5410000e+00
2.0159963e+01 2.0692270e+01 2.0242735e+01 1.9590060e+01 1.9446455e+01 1.8075640e+01 1.6518728e+01 1.1840580e+01 1.2299274e+01 1.2462226e+01 1.3616414e+01 1.4142776e+01 1.3500687e+01 1.3545377e+01 1.3492712e+01 1.3139005e+01 1.2733390e+01 1.3356664e+01 1.3600906e+01 1.2997646e+01 1.2587814e+01 1.0564975e+01 9.1427385e+00 9.4051788e+00 9.9692761e+00 1.0713321e+01 1.0557334e+01 1.0370766e+01 1.0441574e+01 1.0656987e+01 1.0859124e+01 1.0948161e+01 1.0925006e+01 1.0763242e+01 1.0507274e+01 1.0164635e+01 9.7092160e+00 9.5580449e+00 9.3454851e+00 8.7480191e+00 8.1998764e+00 7.7879041e+00 7.3699959e+00 6.9258905e+00 6.4916490e+00 6.2776938e+00 6.4119089e+00 6.6190841e+00 6.7688258e+00 6.8039415e+00
2.0293522e+01 1.8880965e+01 2.0604120e+01 2.0087311e+01 1.9853701e+01 1.8979191e+01 1.5195458e+01 1.3166417e+01 1.0485933e+01 9.4925536e+00 1.2284658e+01 1.4435684e+01 1.3404643e+01 1.3650136e+01 1.4003085e+01 1.3945460e+01 1.3046338e+01 1.3901615e+01 1.5013968e+01 1.5154174e+01 1.4305985e+01 1.3851203e+01 1.3024639e+01 1.3227882e+01 1.3666861e+01 1.4073469e+01 1.2622417e+01 1.1649787e+01 1.1522978e+01 1.1689315e+01 1.1843701e+01 1.1876237e+01 1.1835430e+01 1.1731045e+01 1.1553202e+01 1.1239602e+01 1.0979135e+01 9.9642541e+00 1.0380126e+01 9.7931812e+00 9.0257266e+00 8.5128822e+00 8.0428542e+00 7.5984980e+00 7.1924993e+00 6.9414407e+00 6.9279062e+00 7.0303281e+00 7.0832855e+00 7.0734737e+00
2.1548321e+01 2.0573636e+01 2.0940809e+01 2.0072078e+01 1.9921748e+01 1.9041189e+01 1.7186195e+01 1.6208661e+01 1.3812288e+01 1.5012947e+01 1.5622606e+01 1.5753707e+01 1.5019719e+01 1.4970803e+01 1.4801721e+01 1.4860911e+01 1.5444414e+01 1.5601881e+01 1.5681402e+01 1.4651924e+01 1.4749375e+01 1.5100853e+01 1.5095737e+01 1.4823098e+01 1.4996527e+01 1.4499493e+01 1.2763146e+01 1.2318503e+01 1.2728273e+01 1.2930710e+01 1.3004559e+01 1.2898603e+01 1.2832794e+01 1.2829184e+01 1.2699951e+01 1.2499411e+01 1.2569735e+01 8.8626330e+00 4.9516460e+00 9.7522048e+00 1.0312170e+01 9.5402933e+00 8.9158079e+00 8.4032816e+00 8.0133421e+00 7.7644131e+00 7.7597544e+00 7.6009622e+00 7.4858998e+00 7.4216610e+00
2.1563525e+01 2.0978454e+01 2.0071669e+01 2.0445788e+01 2.0205506e+01 1.9501682e+01 1.9906804e+01 1.8024468e+01 1.7655487e+01 1.7491422e+01 1.5849540e+01 1.2445157e+01 1.6659860e+01 1.6326669e+01 1.5796276e+01 1.6174183e+01 1.6359623e+01 1.6290233e+01 1.6180933e+01 1.5827212e+01 1.5595565e+01 1.4942954e+01 1.5012644e+01 1.4367537e+01 1.5400700e+01 1.5381302e+01 1.3826549e+01 1.3391930e+01 1.3896681e+01 1.4096788e+01 1.4321978e+01 1.4068935e+01 1.3921652e+01 1.4268616e+01 1.4360280e+01 1.4037147e+01 1.4300553e+01 1.2457641e+01 1.1453715e+01 1.1364211e+01 6.3582989e+00 5.9341187e+00 9.6681327e+00 9.6090384e+00 9.2363449e+00 8.0651585e+00 5.1738077e+00 7.4470855e+00 8.2303994e+00 7.9748056e+00
2.1427338e+01 2.0972700e+01 2.0122565e+01 2.1147647e+01 2.0768971e+01 2.0149121e+01 1.9041289e+01 1.8092654e+01 1.8589630e+01 1.5794613e+01 1.6598883e+01 1.3333882e+01 1.6307660e+01 1.7408959e+01 1.7052084e+01 1.6885543e+01 1.6752806e+01 1.6759920e+01 1.6337706e+01 1.6049805e+01 1.5899126e+01 1.5544439e+01 1.5402870e+01 1.4014357e+01 1.5066074e+01 1.5316728e+01 1.5470093e+01 1.4750340e+01 1.5289236e+01 1.4743321e+01 1.4613289e+01 1.4523009e+01 1.4370811e+01 1.4610297e+01 1.5055424e+01 1.4452547e+01 1.4581319e+01 1.4891056e+01 1.4088611e+01 1.2863867e+01 1.0104927e+01 9.6352330e+00 1.0809167e+01 1.0384314e+01 1.0080972e+01 8.7831496e+00 5.3292315e+00 7.8587335e+00 8.8332313e+00 8.4564887e+00
2.2134141e+01 2.1269140e+01 2.1516488e+01 2.1542887e+01 1.8390502e+01 2.0741757e+01 1.9465711e+01 1.8875597e+01 1.8878049e+01 1.7117551e+01 1.7850711e+01 1.7059401e+01 1.7196011e+01 1.8260850e+01 1.7588818e+01 1.7346377e+01 1.7310696e+01 1.7361431e+01 1.7084736e+01 1.6466293e+01 1.6212953e+01 1.5941215e+01 1.5673678e+01 1.5185854e+01 1.5703363e+01 1.5603305e+01 1.5495960e+01 1.5317702e+01 1.5466000e+01 1.5006582e+01 1.4826865e+01 1.4503944e+01 1.4094054e+01 1.4529977e+01 1.3719585e+01 1.4570691e+01 1.4625151e+01 1.4629213e+01 1.4072384e+01 1.3385363e+01 1.2903405e+01 1.2282224e+01 1.1553483e+01 1.1022124e+01 1.0648776e+01 1.0221939e+01 9.5910751e+00 9.6191220e+00 9.3213855e+00 8.9705472e+00
2.2397188e+01 2.2143228e+01 2.1815368e+01 2.1163799e+01 2.0036659e+01 2.0734078e+01 2.0038755e+01 1.9495730e+01 1.9325914e+01 1.8983959e+01 1.9068124e+01 1.9054981e+01 1.8794298e+01 1.8653124e+01 1.8194442e+01 1.8029408e+01 1.7547130e+01 1.6539126e+01 1.6685519e+01 1.7308052e+01 1.6693796e+01 1.6348899e+01 1.6325951e+01 1.6067634e+01 1.6010386e+01 1.5234131e+01 1.4863358e+01 1.5453124e+01 1.5749294e+01 1.5146312e+01 1.4883858e+01 1.4886820e+01 1.3801557e+01 1.3468023e+01 1.4621797e+01 1.4899688e+01 1.4873836e+01 1.4575240e+01 1.4173729e+01 1.3683557e+01 1.3107989e+01 1.2530392e+01 1.2043058e+01 1.1637523e+01 1.1257489e+01 1.0973603e+01 1.0740381e+01 1.0347013e+01 9.8871618e+00 9.5225228e+00
2.2103510e+01 2.1968660e+01 2.1223188e+01 2.1220045e+01 2.1218811e+01 2.0582374e+01 2.1074087e+01 2.0562802e+01 2.0259386e+01 2.0209278e+01 1.9847981e+01 1.9455842e+01 1.9107118e+01 1.9120679e+01 1.8693022e+01 1.8135019e+01 1.7132068e+01 1.6061761e+01 1.7045744e+01 1.7841379e+01 1.7300967e+01 1.7047194e+01 1.6940705e+01 1.6488231e+01 1.6296602e+01 1.5556370e+01 1.5715159e+01 1.5848798e+01 1.5272098e+01 1.5547359e+01 1.4480707e+01 1.3543620e+01 1.3314627e+01 1.2861708e+01 1.3497290e+01 1.4308011e+01 1.4176417e+01 1.4039436e+01 1.4222883e+01 1.4168940e+01 1.3445556e+01 1.2940599e+01 1.2503075e+01 1.2128386e+01 1.1806709e+01 1.1549272e+01 1.1285199e+01 1.0973709e+01 1.0524060e+01 1.0070054e+01
2.1508184e+01 2.1472854e+01 2.1813211e+01 2.1437298e+01 2.1317018e+01 2.1294570e+01 2.1166671e+01 2.1048509e+01 2.0896692e+01 2.0630540e+01 2.0234958e+01 1.9651484e+01 1.9536187e+01 1.8957859e+01 1.8669837e+01 1.9173454e+01 1.8365723e+01 1.7934585e+01 1.8407262e+01 1.8304555e+01 1.7913746e+01 1.7578058e+01 1.7281296e+01 1.7042229e+01 1.6704870e+01 1.6477501e+01 1.5416847e+01 1.6304239e+01 1.6656985e+01 1.5203507e+01 1.5304002e+01 1.4813003e+01 1.4210192e+01 1.4132841e+01 1.3858547e+01 1.4030996e+01 1.3384044e+01 1.2421175e+01 1.4416935e+01 1.4445311e+01 1.3865540e+01 1.3422844e+01 1.2885505e+01 1.2515797e+01 1.2297949e+01 1.2107023e+01 1.1917156e+01 1.1649135e+01 1.1220264e+01 1.0738257e+01
2.2586536e+01 2.2472673e+01 2.2148051e+01 2.1725414e+01 2.1531980e+01 2.1006055e+01 2.1066524e+01 2.1140678e+01 2.1073572e+01 2.0850249e+01 2.0492833e+01 2.0133627e+01 1.9911756e+01 1.9555030e+01 1.9365541e+01 1.9415641e+01 1.9329531e+01 1.9137263e+01 1.9394170e+01 1.8920882e+01 1.8427988e+01 1.8129152e+01 1.7990454e+01 1.7675287e+01 1.7497111e+01 1.7358903e+01 1.6930072e+01 1.6428225e+01 1.5991961e+01 1.3333144e+01 1.3996046e+01 1.4344772e+01 1.4489660e+01 1.4863539e+01 1.4441040e+01 1.3933734e+01 1.3814087e+01 1.3730698e+01 1.3251812e+01 1.3788134e+01 1.2835958e+01 1.2442358e+01 1.2849823e+01 1.2904283e+01 1.2738351e+01 1.2642136e+01 1.2534803e+01 1.2327212e+01 1.1922922e+01 1.1460877e+01
2.1879381e+01 2.2549622e+01 2.2411411e+01 2.2083271e+01 2.1892309e+01 2.1827146e+01 2.1664334e+01 2.1481319e+01 2.1103014e+01 2.0888295e+01 2.0702178e+01 2.0600336e+01 2.0705204e+01 2.0202670e+01 1.9226834e+01 1.9828509e+01 1.9710476e+01 1.9014897e+01 1.9411266e+01 1.9486905e+01 1.9086492e+01 1.9055426e+01 1.8460327e+01 1.8264390e+01 1.7843187e+01 1.7619844e+01 1.7759442e+01 1.7656957e+01 1.7288569e+01 1.5126163e+01 1.6176388e+01 1.6090190e+01 1.5548767e+01 1.5161401e+01 1.4856455e+01 1.4408586e+01 1.4104453e+01 1.3459643e+01 1.3199494e+01 1.1842065e+01 5.6686352e+00 6.0580799e+00 1.2160005e+01 1.3284962e+01 1.3058509e+01 1.3098983e+01 1.3061808e+01 1.2906354e+01 1.2549294e+01 1.2096225e+01
