visualization/geoclaw_output/hmax_CC.asc
ncols     146
nrows     128
xllcorner -1.242151400000000e+02
yllcorner  4.173486100000000e+01
cellsize  2.777931034483439e-04
nodata_value       -9999
[rows 88 to 109 of 128, columns 50 to 99 of 146]
1.4587386e+00 1.8338512e+00 1.2219768e+00 1.2371773e+00 2.2007638e+00 2.4436540e+00 5.4799881e+00 7.1046695e+00 7.1851749e+00 7.1134271e+00 7.2530518e+00 7.5256054e+00 7.8806836e+00 8.2016818e+00 8.4707270e+00 8.6250368e+00 8.9624184e+00 9.4346268e+00 9.6543841e+00 9.8876762e+00 9.8514303e+00 1.0033742e+01 1.0068789e+01 9.9539167e+00 1.0079368e+01 9.9487741e+00 1.0043721e+01 9.5556548e+00 8.3509980e+00 9.4124268e+00 9.7479760e+00 9.3022041e+00 9.4374010e+00 9.6775922e+00 9.7617137e+00 9.6364212e+00 9.7187888e+00 9.7680954e+00 9.7362719e+00 9.6646947e+00 9.7261706e+00 9.7038812e+00 9.6446632e+00 9.6237510e+00 9.6549729e+00 9.6877591e+00 9.9078815e+00 9.0015719e+00 8.9821464e+00 9.5511799e+00
4.2827998e+00 4.9434061e+00 4.7791736e+00 2.0571076e+00 1.5632631e+00 1.9101551e+00 2.3159695e+00 4.7666890e+00 7.0066260e+00 7.3354022e+00 7.3824891e+00 7.5625598e+00 7.8844671e+00 8.4620577e+00 8.6852821e+00 8.9049693e+00 9.2767347e+00 9.4881694e+00 9.4806693e+00 9.8532934e+00 1.0218063e+01 1.0319280e+01 1.0134279e+01 9.9782926e+00 9.9651104e+00 9.4246890e+00 8.9260380e+00 8.6879890e+00 8.4101324e+00 8.9675144e+00 9.4458887e+00 9.6231111e+00 9.7098800e+00 9.7954076e+00 9.8602233e+00 9.8646072e+00 9.8453117e+00 9.9246432e+00 9.9358591e+00 9.9409382e+00 9.9398151e+00 9.9338218e+00 9.9717652e+00 9.8951387e+00 9.8472461e+00 9.8618219e+00 9.9776224e+00 9.5504759e+00 9.2096050e+00 9.1615837e+00
6.8524535e+00 6.4957545e+00 5.5850723e+00 5.1693031e+00 1.0077278e+00 1.8623317e+00 2.0918650e+00 1.9437908e+00 4.4359156e+00 7.1328526e+00 7.4924289e+00 7.5527828e+00 7.7823865e+00 8.1956701e+00 8.4195253e+00 8.7368315e+00 8.9619147e+00 9.1359340e+00 9.2177597e+00 9.4231586e+00 9.6379605e+00 9.6996522e+00 9.4687313e+00 9.2997851e+00 9.1655096e+00 8.5727421e+00 8.0023332e+00 8.6161285e+00 9.0796946e+00 9.3935130e+00 9.6885067e+00 9.8535563e+00 9.9444811e+00 9.9558914e+00 9.9830029e+00 1.0044375e+01 1.0073917e+01 1.0074644e+01 1.0141759e+01 1.0159412e+01 1.0162798e+01 1.0116753e+01 1.0210149e+01 1.0233333e+01 1.0159140e+01 1.0166052e+01 1.0075494e+01 1.0024038e+01 9.4541338e+00 9.4379207e+00
6.7780262e+00 6.7536997e+00 6.5052812e+00 6.2667549e+00 2.9500324e+00 1.1869587e+00 2.8425606e+00 2.8701638e+00 2.0970745e+00 4.1953235e+00 7.2348323e+00 7.5935157e+00 7.5862769e+00 7.7594809e+00 7.6820568e+00 7.6177965e+00 8.2695275e+00 8.5332497e+00 8.6368493e+00 8.7457282e+00 8.7917999e+00 8.7180386e+00 8.5108662e+00 8.3087097e+00 8.3953942e+00 8.4326293e+00 8.5276655e+00 9.0711969e+00 9.4937784e+00 9.7265757e+00 9.8662624e+00 9.9788485e+00 1.0041235e+01 1.0102931e+01 1.0117208e+01 1.0170836e+01 1.0240893e+01 1.0284449e+01 1.0279292e+01 1.0348820e+01 1.0332849e+01 1.0342069e+01 1.0464299e+01 1.0482433e+01 1.0446194e+01 1.0454611e+01 1.0378310e+01 1.0273530e+01 1.0136003e+01 1.0015254e+01
6.5770557e+00 6.6972433e+00 5.7636298e+00 6.5951963e+00 5.7698141e+00 1.5178664e+00 2.8621397e+00 3.5189313e+00 3.2296510e+00 2.0450735e+00 3.9366055e+00 7.1179922e+00 7.4807552e+00 7.5667102e+00 5.8312221e+00 4.0522688e+00 7.4407684e+00 7.9445808e+00 8.0065077e+00 8.0489131e+00 7.9646120e+00 7.8048273e+00 7.6869008e+00 7.5614217e+00 8.0761545e+00 8.6812542e+00 9.0607490e+00 9.4121993e+00 9.7269975e+00 9.9042726e+00 1.0004116e+01 1.0048941e+01 1.0108416e+01 1.0162076e+01 1.0209440e+01 1.0268452e+01 1.0343721e+01 1.0420896e+01 1.0464402e+01 1.0451618e+01 1.0479341e+01 1.0537209e+01 1.0645876e+01 1.0641134e+01 1.0669626e+01 1.0625342e+01 1.0480805e+01 1.0322884e+01 1.0127200e+01 9.9693476e+00
6.3065227e+00 6.4364743e+00 6.5685308e+00 6.7915179e+00 6.6228797e+00 4.1154332e+00 1.4353236e+00 3.6569646e+00 4.0654256e+00 4.6675824e+00 2.5522148e+00 2.8332738e+00 6.6334547e+00 7.3279896e+00 6.5002921e+00 6.2695072e+00 7.3747602e+00 7.4492467e+00 7.4930964e+00 7.4788345e+00 7.3403421e+00 7.2510737e+00 7.6163919e+00 7.9538627e+00 8.5987078e+00 9.1379117e+00 9.5195661e+00 9.7257855e+00 9.8653368e+00 9.9704037e+00 1.0065126e+01 1.0142275e+01 1.0175422e+01 1.0230940e+01 1.0296234e+01 1.0336815e+01 1.0414875e+01 1.0494541e+01 1.0511602e+01 1.0560134e+01 1.0645099e+01 1.0726692e+01 1.0782508e+01 1.0805395e+01 1.0794400e+01 1.0733589e+01 1.0474142e+01 1.0043987e+01 9.7311210e+00 9.5192633e+00
6.1975032e+00 6.3654952e+00 6.6662394e+00 6.6615932e+00 6.6108546e+00 5.7379203e+00 2.3395468e+00 2.7990305e+00 6.0911781e+00 6.7477005e+00 6.1519829e+00 2.8238950e+00 1.7999381e+00 3.0150949e+00 5.7160493e+00 7.4564531e+00 7.2189725e+00 7.2115778e+00 7.2292630e+00 7.1920356e+00 7.1606940e+00 7.6220823e+00 8.2279572e+00 8.7650153e+00 9.1533513e+00 9.4523316e+00 9.7006086e+00 9.8933716e+00 9.9923891e+00 1.0021731e+01 1.0090158e+01 1.0171383e+01 1.0253116e+01 1.0290063e+01 1.0369317e+01 1.0433762e+01 1.0499127e+01 1.0530908e+01 1.0580395e+01 1.0691513e+01 1.0784935e+01 1.0854964e+01 1.0929388e+01 1.0955842e+01 1.0970586e+01 1.0917261e+01 1.0142649e+01 9.3498054e+00 9.1107719e+00 8.8120297e+00
6.2453171e+00 6.3686266e+00 6.4731716e+00 6.5102985e+00 6.5390989e+00 6.3359172e+00 5.0561261e+00 1.7038400e+00 5.5338743e+00 6.9549330e+00 5.6007759e+00 5.5399465e+00 1.7935768e+00 7.5961252e-01 3.9332129e+00 7.2214282e+00 7.1093938e+00 7.1275165e+00 7.1450105e+00 7.3732079e+00 7.6857690e+00 8.2917689e+00 8.8221512e+00 9.1584858e+00 9.4592035e+00 9.6367735e+00 9.7926698e+00 9.9194829e+00 1.0033710e+01 1.0096355e+01 1.0132612e+01 1.0197610e+01 1.0282909e+01 1.0362140e+01 1.0426833e+01 1.0488434e+01 1.0515006e+01 1.0567350e+01 1.0644700e+01 1.0767396e+01 1.0884879e+01 1.0978784e+01 1.1090047e+01 1.1192051e+01 1.1338483e+01 1.1358456e+01 9.3026264e+00 7.7040492e+00 7.6381490e+00 7.9377322e+00
6.2620173e+00 6.3613226e+00 6.4106335e+00 6.4343506e+00 6.4284779e+00 6.4156386e+00 6.1337659e+00 4.3082631e+00 1.6495944e+00 6.1582573e+00 6.3964802e+00 6.4779415e+00 5.7175696e+00 5.3580150e+00 6.5145809e+00 7.1503641e+00 7.2454764e+00 7.3262311e+00 7.3822199e+00 7.9198661e+00 8.5797009e+00 8.9786671e+00 9.1844002e+00 9.3631392e+00 9.5410391e+00 9.7067883e+00 9.8011023e+00 9.9060494e+00 9.9896965e+00 1.0082545e+01 1.0147880e+01 1.0211086e+01 1.0295733e+01 1.0354243e+01 1.0394252e+01 1.0452251e+01 1.0523632e+01 1.0576880e+01 1.0679136e+01 1.0802464e+01 1.0905011e+01 1.1026969e+01 1.1149813e+01 1.1277690e+01 1.1396504e+01 1.0580851e+01 4.1631312e+00 3.6259302e+00 4.1930640e+00 5.4076450e+00
6.3728848e+00 6.4156405e+00 6.4447084e+00 6.4612178e+00 6.4512926e+00 6.3966156e+00 6.3918726e+00 6.1067919e+00 3.0902506e+00 2.2075443e+00 6.3522999e+00 6.7645963e+00 7.0802900e+00 7.3401960e+00 7.2968013e+00 7.4179534e+00 7.7102051e+00 7.9168052e+00 8.0820629e+00 8.5382553e+00 8.9475312e+00 9.2338379e+00 9.4270601e+00 9.4701858e+00 9.5736185e+00 9.6735559e+00 9.7678333e+00 9.8414527e+00 9.9150732e+00 1.0015863e+01 1.0091847e+01 1.0173476e+01 1.0249424e+01 1.0264496e+01 1.0373102e+01 1.0449001e+01 1.0568172e+01 1.0632885e+01 1.0736527e+01 1.0824822e+01 1.0925166e+01 1.1032994e+01 1.1120082e+01 1.1147112e+01 1.1049159e+01 1.0545136e+01 8.5057853e+00 7.1910548e+00 5.7100794e+00 4.6174406e+00
6.5812269e+00 6.5866390e+00 6.5832463e+00 6.5655664e+00 6.5097779e+00 6.4417670e+00 6.4082892e+00 6.5421580e+00 5.5420495e+00 1.3445685e+00 5.4844319e+00 7.1130545e+00 6.8916086e+00 7.0714654e+00 7.3259096e+00 7.5980466e+00 7.9404153e+00 8.1128386e+00 8.2852561e+00 8.7356883e+00 9.0589649e+00 9.3571646e+00 9.5371113e+00 9.5677107e+00 9.5766603e+00 9.6362296e+00 9.6846193e+00 9.7722319e+00 9.8470297e+00 9.9484599e+00 1.0036342e+01 1.0105304e+01 1.0133156e+01 1.0277583e+01 1.0390938e+01 1.0464281e+01 1.0595368e+01 1.0668072e+01 1.0769735e+01 1.0861124e+01 1.0961011e+01 1.1038472e+01 1.1056950e+01 1.1002645e+01 1.0878894e+01 1.0589379e+01 1.0345640e+01 1.0098972e+01 9.9606532e+00 9.6570338e+00
6.7916127e+00 6.7546048e+00 6.7371476e+00 6.6835779e+00 6.5917657e+00 6.5383342e+00 6.4599159e+00 6.4769330e+00 6.2817464e+00 3.7855197e+00 2.0696669e+00 6.5131570e+00 7.0008889e+00 7.2165497e+00 7.3876595e+00 7.6408606e+00 7.8418017e+00 7.9795064e+00 8.4671262e+00 8.8085695e+00 9.1082575e+00 9.3554227e+00 9.4992014e+00 9.5099421e+00 9.5391331e+00 9.5737169e+00 9.6077379e+00 9.6861133e+00 9.8051238e+00 9.8902198e+00 9.9836490e+00 1.0061969e+01 1.0121783e+01 1.0259635e+01 1.0407578e+01 1.0501581e+01 1.0627383e+01 1.0700624e+01 1.0796220e+01 1.0898703e+01 1.0985054e+01 1.1044979e+01 1.1035941e+01 1.0959328e+01 1.0870204e+01 1.0719094e+01 1.0634078e+01 1.0694612e+01 1.0577016e+01 1.0420605e+01
6.9919947e+00 6.9151358e+00 6.8753532e+00 6.7811457e+00 6.6566435e+00 6.5897368e+00 6.5023994e+00 6.4347612e+00 6.3695578e+00 5.5157225e+00 2.5617318e+00 2.0204580e+00 6.5867955e+00 7.2390230e+00 7.4130697e+00 7.7031122e+00 7.9879353e+00 8.1822415e+00 8.6169671e+00 8.8837436e+00 9.1078829e+00 9.2729980e+00 9.3562502e+00 9.4346238e+00 9.5034523e+00 9.5363111e+00 9.5626996e+00 9.6266759e+00 9.7464948e+00 9.8743890e+00 9.9765899e+00 1.0033401e+01 1.0150095e+01 1.0271262e+01 1.0420596e+01 1.0545520e+01 1.0676885e+01 1.0745655e+01 1.0846093e+01 1.0939758e+01 1.1035450e+01 1.1065686e+01 1.1052656e+01 1.1004312e+01 1.1006616e+01 1.1039148e+01 1.0970358e+01 1.0843394e+01 1.0744665e+01 1.0764012e+01
7.3309646e+00 7.2049303e+00 7.0919109e+00 6.9538743e+00 6.7935580e+00 6.6730242e+00 6.5671793e+00 6.4804859e+00 6.4503419e+00 6.4884244e+00 5.2363763e+00 1.2674187e+00 5.3876570e+00 7.3842747e+00 7.3628340e+00 7.7373244e+00 8.1385525e+00 8.4221088e+00 8.6148773e+00 8.9201786e+00 9.1061250e+00 9.2078275e+00 9.3147717e+00 9.3901634e+00 9.4628911e+00 9.5186016e+00 9.5380902e+00 9.5952455e+00 9.7261117e+00 9.8731461e+00 9.9774448e+00 1.0038268e+01 1.0187879e+01 1.0314941e+01 1.0474522e+01 1.0605653e+01 1.0719996e+01 1.0776344e+01 1.0873234e+01 1.0999164e+01 1.1054723e+01 1.1094810e+01 1.1108652e+01 1.1084690e+01 1.1151759e+01 1.1206987e+01 1.1175877e+01 1.1055628e+01 1.1063429e+01 1.1058418e+01
7.7730905e+00 7.5725629e+00 7.4134951e+00 7.2186100e+00 7.0029174e+00 6.8084445e+00 6.6601790e+00 6.5605554e+00 6.4677998e+00 6.5095279e+00 6.1530656e+00 3.3356447e+00 1.5846486e+00 7.0930848e+00 7.3373472e+00 7.6409221e+00 8.0492417e+00 8.4318711e+00 8.6879731e+00 8.8485465e+00 9.0327741e+00 9.1728094e+00 9.2759990e+00 9.3836593e+00 9.4485437e+00 9.5111426e+00 9.5838775e+00 9.6522593e+00 9.7483606e+00 9.8626397e+00 9.9675061e+00 1.0107045e+01 1.0261742e+01 1.0383727e+01 1.0531815e+01 1.0652056e+01 1.0778734e+01 1.0823113e+01 1.0904895e+01 1.1026418e+01 1.1103797e+01 1.1153271e+01 1.1185779e+01 1.1145019e+01 1.1169472e+01 1.1227103e+01 1.1243024e+01 1.1285432e+01 1.1302189e+01 1.1266722e+01
8.1731155e+00 7.9139395e+00 7.7059201e+00 7.4309414e+00 7.1423168e+00 6.8961177e+00 6.7114972e+00 6.5969142e+00 6.5031244e+00 6.4608382e+00 6.3595392e+00 4.9286796e+00 9.5100187e-01 4.5132872e+00 7.2947998e+00 7.4101348e+00 7.8373685e+00 8.2405626e+00 8.5579808e+00 8.8412161e+00 8.9405991e+00 9.1085792e+00 9.2593738e+00 9.3741164e+00 9.4870888e+00 9.5642715e+00 9.6591318e+00 9.7550396e+00 9.8386244e+00 9.8772694e+00 1.0040629e+01 1.0242076e+01 1.0353314e+01 1.0430238e+01 1.0591251e+01 1.0698954e+01 1.0820809e+01 1.0907401e+01 1.0950289e+01 1.1038165e+01 1.1142030e+01 1.1199337e+01 1.1264633e+01 1.1262544e+01 1.1306645e+01 1.1373686e+01 1.1390356e+01 1.1413271e+01 1.1414095e+01 1.1330691e+01
8.5860114e+00 8.2354552e+00 7.9602962e+00 7.5854918e+00 7.2157643e+00 6.9225252e+00 6.7223372e+00 6.6050149e+00 6.5318508e+00 6.4686426e+00 6.4314581e+00 6.4393887e+00 3.9477992e+00 1.1588787e+00 6.2324225e+00 7.3275891e+00 7.5898962e+00 7.9978478e+00 8.3062412e+00 8.6656765e+00 8.8992068e+00 8.9841271e+00 9.2036170e+00 9.3382425e+00 9.4624549e+00 9.6103451e+00 9.7115806e+00 9.8322416e+00 9.9341122e+00 9.9764839e+00 1.0182142e+01 1.0349426e+01 1.0451555e+01 1.0523377e+01 1.0645873e+01 1.0776299e+01 1.0876199e+01 1.0999790e+01 1.1018363e+01 1.1085558e+01 1.1186281e+01 1.1265800e+01 1.1322907e+01 1.1356365e+01 1.1417254e+01 1.1468696e+01 1.1460512e+01 1.1445218e+01 1.1431912e+01 1.1405001e+01
9.0565819e+00 8.6151629e+00 8.2302703e+00 7.7493860e+00 7.2665573e+00 6.9001040e+00 6.6913138e+00 6.6378104e+00 6.6380539e+00 6.5618027e+00 6.5027970e+00 6.5973680e+00 6.1717728e+00 1.5915548e+00 2.6682805e+00 7.0018118e+00 7.3956108e+00 7.7109160e+00 8.0370854e+00 8.4149358e+00 8.7327879e+00 8.9456333e+00 9.0766424e+00 9.2968537e+00 9.4428802e+00 9.5889299e+00 9.7526105e+00 9.8834266e+00 1.0016419e+01 1.0098091e+01 1.0300499e+01 1.0462902e+01 1.0583546e+01 1.0624889e+01 1.0732667e+01 1.0845004e+01 1.0945358e+01 1.1051336e+01 1.1047828e+01 1.1151145e+01 1.1253960e+01 1.1334302e+01 1.1389858e+01 1.1439083e+01 1.1482935e+01 1.1515887e+01 1.1500417e+01 1.1497930e+01 1.1495292e+01 1.1484806e+01
9.5669545e+00 9.0439033e+00 8.5355218e+00 7.9019988e+00 7.2578609e+00 6.7455731e+00 6.5212132e+00 6.4097276e+00 6.1323472e+00 6.5928458e+00 6.6894760e+00 6.6539336e+00 6.6062811e+00 4.8888466e+00 1.3643360e+00 3.8006720e+00 7.2239309e+00 7.4312449e+00 7.7837982e+00 8.2244273e+00 8.6190318e+00 8.9527473e+00 9.0149242e+00 9.1340153e+00 9.3315211e+00 9.5205059e+00 9.7464790e+00 9.8859518e+00 1.0054358e+01 1.0183352e+01 1.0339477e+01 1.0520458e+01 1.0685035e+01 1.0743333e+01 1.0821884e+01 1.0938166e+01 1.1009217e+01 1.1117972e+01 1.1123535e+01 1.1204599e+01 1.1300339e+01 1.1397924e+01 1.1463463e+01 1.1503645e+01 1.1529450e+01 1.1557233e+01 1.1584456e+01 1.1563254e+01 1.1550018e+01 1.1532559e+01
1.0141377e+01 9.5580351e+00 8.9166543e+00 8.0624212e+00 7.1995090e+00 6.3653954e+00 5.5342533e+00 5.4930000e+00 4.0212501e+00 6.3417409e+00 7.0214840e+00 6.9606228e+00 6.8656194e+00 6.2602821e+00 3.2128758e+00 1.5143912e+00 6.5207340e+00 7.2343068e+00 7.5358769e+00 7.9778280e+00 8.4244932e+00 8.8229304e+00 9.0269466e+00 9.0650690e+00 9.1859918e+00 9.3880540e+00 9.6268999e+00 9.8553257e+00 1.0049499e+01 1.0251896e+01 1.0456987e+01 1.0550015e+01 1.0701045e+01 1.0790669e+01 1.0900302e+01 1.1001891e+01 1.1074004e+01 1.1191253e+01 1.1208408e+01 1.1294196e+01 1.1401848e+01 1.1473937e+01 1.1548632e+01 1.1573796e+01 1.1574657e+01 1.1597415e+01 1.1643422e+01 1.1632742e+01 1.1572013e+01 1.1546213e+01
1.0825812e+01 1.0141681e+01 9.3724568e+00 8.3156333e+00 7.1701981e+00 6.1339260e+00 5.4204612e+00 5.9740213e+00 5.8520557e+00 6.6060352e+00 7.4291620e+00 7.4379852e+00 7.2761081e+00 6.7725066e+00 5.3705334e+00 2.3021283e+00 3.3596488e+00 7.2833962e+00 7.3881285e+00 7.6966932e+00 8.1694132e+00 8.5850804e+00 8.9065764e+00 9.0777618e+00 9.0456249e+00 9.1362777e+00 9.3746645e+00 9.6749539e+00 9.9420807e+00 1.0276025e+01 1.0608143e+01 1.0685992e+01 1.0729207e+01 1.0830100e+01 1.0936503e+01 1.1047192e+01 1.1133678e+01 1.1248166e+01 1.1275374e+01 1.1330313e+01 1.1434589e+01 1.1535802e+01 1.1625183e+01 1.1614789e+01 1.1606151e+01 1.1608464e+01 1.1644213e+01 1.1658491e+01 1.1645130e+01 1.1589065e+01
1.1501674e+01 1.0759374e+01 9.9015057e+00 8.7026878e+00 7.2951537e+00 6.3627287e+00 6.2255155e+00 6.1906225e+00 4.7704862e+00 7.0223410e+00 7.9267271e+00 7.9854143e+00 7.8520376e+00 7.4064838e+00 6.8656956e+00 5.5743591e+00 1.8374135e+00 5.3173320e+00 7.2256557e+00 7.4633602e+00 7.9318454e+00 8.3529421e+00 8.6935771e+00 8.9450054e+00 9.0193041e+00 8.9191778e+00 9.0205656e+00 9.3507902e+00 9.7108242e+00 1.0079520e+01 1.0245228e+01 1.0548864e+01 1.0706758e+01 1.0771490e+01 1.0916180e+01 1.1048276e+01 1.1158749e+01 1.1279149e+01 1.1337221e+01 1.1398759e+01 1.1485062e+01 1.1586541e+01 1.1666461e+01 1.1607617e+01 1.1582271e+01 1.1561040e+01 1.1592704e+01 1.1628350e+01 1.1653440e+01 1.1659454e+01
