visualization/geoclaw_output/hmax_CC.asc
ncols     146
nrows     128
xllcorner -1.242151400000000e+02
yllcorner  4.173486100000000e+01
cellsize  2.777931034483439e-04
nodata_value       -9999
[rows 66 to 87 of 128, columns 50 to 99 of 146]
0.0000000e+00 0.0000000e+00 0.0000000e+00 0.0000000e+00 0.0000000e+00 0.0000000e+00 0.0000000e+00 1.9538023e-03 0.0000000e+00 0.0000000e+00 0.0000000e+00 3.7644262e-02 2.0892878e-01 4.8986812e-01 7.7347866e-01 9.5331062e-01 1.0477093e+00 1.1386052e+00 1.2089426e+00 1.3125825e+00 1.5728040e+00 2.1155855e+00 2.7761313e+00 3.1923932e+00 3.3451017e+00 3.3453088e+00 3.3050822e+00 3.2565610e+00 3.2647111e+00 3.8556401e+00 4.9013681e+00 6.0502530e+00 4.8920498e+00 3.4216913e+00 3.1830290e+00 3.2091346e+00 3.1331821e+00 2.9233519e+00 2.6256985e+00 2.3232217e+00 2.1843468e+00 2.0666989e+00 1.9789881e+00 1.9359926e+00 1.8836379e+00 1.8521981e+00 1.8207867e+00 1.8311599e+00 1.8247772e+00 1.8173347e+00
0.0000000e+00 0.0000000e+00 0.0000000e+00 4.3190658e-02 3.9877736e-01 8.2190937e-01 1.0224705e+00 9.9028033e-01 8.5479495e-01 7.7026878e-01 7.7968166e-01 9.3073586e-01 1.0996502e+00 1.2310755e+00 1.2585736e+00 1.1651377e+00 1.0208629e+00 9.7870630e-01 1.1060047e+00 1.3498325e+00 1.8199353e+00 2.4421265e+00 2.9317507e+00 3.2052037e+00 3.3223959e+00 3.3105571e+00 3.2839339e+00 3.3533187e+00 5.6729623e+00 6.5821391e+00 5.9125463e+00 3.9454103e+00 3.1699664e+00 3.1241128e+00 3.1281513e+00 3.0430126e+00 2.9580448e+00 2.9054005e+00 2.8208808e+00 2.7373642e+00 2.6919031e+00 2.5836002e+00 2.4932428e+00 2.4090700e+00 2.3142600e+00 2.2379122e+00 2.1323524e+00 2.0120542e+00 1.9129702e+00 1.8080982e+00
0.0000000e+00 0.0000000e+00 0.0000000e+00 1.6388402e-01 6.8062873e-01 1.2465316e+00 1.6153013e+00 1.6873081e+00 1.5076297e+00 1.4470262e+00 1.5853009e+00 1.7219259e+00 1.7436814e+00 1.6853012e+00 1.5389942e+00 1.3103826e+00 1.0906795e+00 1.0164155e+00 1.1572959e+00 1.6086660e+00 2.3071055e+00 2.8340295e+00 3.0796139e+00 3.2274863e+00 3.3026741e+00 3.2778241e+00 3.2498604e+00 4.3270555e+00 6.6980751e+00 5.3043861e+00 3.6585852e+00 3.1322735e+00 3.1054032e+00 3.0903530e+00 3.0992770e+00 3.0646065e+00 2.9545448e+00 2.9312633e+00 2.9583967e+00 3.0192688e+00 3.0274689e+00 2.9977880e+00 2.9887790e+00 2.9574144e+00 2.9018885e+00 2.7989152e+00 2.7253791e+00 2.6617410e+00 2.5433693e+00 2.4735700e+00
0.0000000e+00 0.0000000e+00 0.0000000e+00 2.2073416e-01 6.3960689e-01 9.5308675e-01 1.5808704e+00 1.9886273e+00 1.7278390e+00 1.7028338e+00 2.0950681e+00 2.3267764e+00 2.2367337e+00 2.0169664e+00 1.8862356e+00 1.6656335e+00 1.3538593e+00 1.2193771e+00 1.3854752e+00 1.9776007e+00 2.6589418e+00 3.0406574e+00 3.1332968e+00 3.2379775e+00 3.2819446e+00 3.2470521e+00 3.2291069e+00 5.2069855e+00 6.7789670e+00 4.8436516e+00 3.5045520e+00 3.0720361e+00 3.0761400e+00 3.0887416e+00 3.0931345e+00 3.0449026e+00 3.0155299e+00 2.9938116e+00 3.0122854e+00 3.0462785e+00 3.1016224e+00 3.1301169e+00 3.1510833e+00 3.1730706e+00 3.1557055e+00 3.1010484e+00 3.0962716e+00 3.0926730e+00 3.0381633e+00 3.0016928e+00
0.0000000e+00 0.0000000e+00 1.5127272e-02 1.9364711e-01 4.0953288e-01 6.6550807e-01 1.3629122e+00 2.0921701e+00 2.1192491e+00 2.3168764e+00 2.1942992e+00 2.2080765e+00 2.3534878e+00 2.1565706e+00 2.1877855e+00 2.2594591e+00 1.8811094e+00 1.4569874e+00 1.7477518e+00 2.3608435e+00 2.6747503e+00 2.8813560e+00 2.9852026e+00 3.0992895e+00 3.2070987e+00 3.2225714e+00 3.2612657e+00 4.3571134e+00 7.1856648e+00 6.6448309e+00 5.1374136e+00 3.1777463e+00 3.1205131e+00 3.0871066e+00 3.0406506e+00 2.9962962e+00 3.0318202e+00 3.0777803e+00 3.0843988e+00 3.0905068e+00 3.1136912e+00 3.1585529e+00 3.1818184e+00 3.1898276e+00 3.1960541e+00 3.1972539e+00 3.2287483e+00 3.2481104e+00 3.2372291e+00 3.1838540e+00
0.0000000e+00 0.0000000e+00 0.0000000e+00 8.2395499e-01 8.4433561e-01 6.7300061e-01 1.6024465e+00 2.1516981e+00 2.2359555e+00 2.4663156e+00 2.1559850e+00 1.3082829e+00 1.9898922e+00 2.2169743e+00 2.2702097e+00 2.3851662e+00 2.1707141e+00 1.6295113e+00 2.2435004e+00 2.5187932e+00 2.3867317e+00 2.4526067e+00 2.7167126e+00 2.7891627e+00 2.8490379e+00 2.8845619e+00 2.9864760e+00 3.2290573e+00 5.7184979e+00 7.3305248e+00 5.9755959e+00 3.2012836e+00 3.1197932e+00 3.1849540e+00 3.1288184e+00 3.0213195e+00 3.0274029e+00 3.0570159e+00 3.0690023e+00 3.0932728e+00 3.1179141e+00 3.1418142e+00 3.1657616e+00 3.1823379e+00 3.2050059e+00 3.2127013e+00 3.2365386e+00 3.2604194e+00 3.2574264e+00 3.2549334e+00
0.0000000e+00 0.0000000e+00 5.9460309e-01 1.3881965e+00 1.6452360e+00 1.7418011e+00 1.6066748e+00 1.0544113e+00 1.1866437e+00 2.1073800e+00 2.3114466e+00 2.2706797e+00 2.3332328e+00 2.1791742e+00 2.2337264e+00 1.9343538e+00 2.0049895e+00 1.9645786e+00 2.1107088e+00 2.3704953e+00 2.4120308e+00 2.3662841e+00 2.5137073e+00 2.5493406e+00 2.4489490e+00 2.4193524e+00 2.2723551e+00 3.1609120e+00 4.0208443e+00 6.2293855e+00 4.9747935e+00 2.9368422e+00 3.2694032e+00 3.3162139e+00 3.3622659e+00 3.0322226e+00 2.9524500e+00 2.9382134e+00 2.9346087e+00 2.9673403e+00 3.0214873e+00 3.0603742e+00 3.0899739e+00 3.1101685e+00 3.1204528e+00 3.1257988e+00 3.1487772e+00 3.1880164e+00 3.2137779e+00 3.2330037e+00
5.8666239e-01 9.5121982e-01 1.3589189e+00 1.5928318e+00 1.4479131e+00 1.6984103e+00 1.4665682e+00 1.0339601e+00 6.2355153e-01 1.4461923e+00 2.3751681e+00 2.3990897e+00 2.3607527e+00 2.1287536e+00 1.9212338e+00 1.8935945e+00 1.8290441e+00 1.7931533e+00 1.8333948e+00 1.9968174e+00 2.3076208e+00 2.3774444e+00 2.3497561e+00 2.3830117e+00 2.4800463e+00 2.4741499e+00 1.8838546e+00 2.7855971e+00 4.2047321e+00 5.8030126e+00 4.1885662e+00 2.7772819e+00 2.7394438e+00 2.7049545e+00 3.2500829e+00 3.4243218e+00 3.5264156e+00 3.9991381e+00 4.0467352e+00 3.6813928e+00 3.6660546e+00 3.6679988e+00 3.6863030e+00 3.6941169e+00 3.7226989e+00 3.4583477e+00 3.2115453e+00 3.1771092e+00 3.1619624e+00 3.1840642e+00
7.6724859e-01 1.3302814e+00 1.1745412e+00 1.2944127e+00 1.6356020e+00 1.7049422e+00 1.6636764e+00 1.7485640e+00 1.6731081e+00 1.9848434e+00 2.1406201e+00 2.0501138e+00 1.9941681e+00 1.9424192e+00 1.8196609e+00 1.6264478e+00 1.2649840e+00 1.1210877e+00 1.7216156e+00 1.8708774e+00 2.0330768e+00 2.0982185e+00 2.1297825e+00 2.2144639e+00 2.2329620e+00 1.7824985e+00 1.0000374e+00 2.4958231e+00 5.2637369e+00 6.8600868e+00 6.2731027e+00 5.1362087e+00 5.9143265e+00 6.1518774e+00 5.5083136e+00 5.4903206e+00 5.4972899e+00 6.4773276e+00 7.2118605e+00 7.2365438e+00 7.2205169e+00 7.1929102e+00 7.1711254e+00 7.0943311e+00 7.0421120e+00 6.4060015e+00 5.9977283e+00 5.2836247e+00 4.6947121e+00 4.2617656e+00
1.1430567e+00 1.2829175e+00 1.6743974e+00 1.8044325e+00 1.8824817e+00 1.9419599e+00 2.0856831e+00 2.2646662e+00 2.2151181e+00 2.0143319e+00 1.9305411e+00 1.9280772e+00 1.9499623e+00 1.8213988e+00 1.7553539e+00 1.7372174e+00 1.5616846e+00 1.3466086e+00 1.6693598e+00 1.8840664e+00 2.1127014e+00 1.9017761e+00 1.6430946e+00 1.5474495e+00 1.2860160e+00 1.6730154e+00 3.3152291e+00 6.1544917e+00 7.2691672e+00 7.3851987e+00 7.5306879e+00 7.3141263e+00 7.4979143e+00 7.3960840e+00 7.3084389e+00 7.3380314e+00 7.3529363e+00 7.4545995e+00 7.6302741e+00 7.7273910e+00 7.6900603e+00 7.5867384e+00 7.3428740e+00 7.1804574e+00 7.3466150e+00 7.4371750e+00 7.4431609e+00 7.3976678e+00 7.1416779e+00 6.8941913e+00
9.1195777e-01 8.1169931e-01 1.7257130e+00 2.2365775e+00 2.3274132e+00 2.4164888e+00 2.3193038e+00 2.1002311e+00 1.9857112e+00 1.7986883e+00 1.7039068e+00 1.7660813e+00 1.6669157e+00 1.7458418e+00 1.7319352e+00 1.7398753e+00 1.7592855e+00 1.6124694e+00 1.7460191e+00 1.8585401e+00 1.9872860e+00 1.5298848e+00 1.0334140e+00 1.4126805e+00 2.6998775e+00 5.7858011e+00 6.8305282e+00 7.3794897e+00 7.4945399e+00 7.4916391e+00 7.6684231e+00 7.7255737e+00 7.5594629e+00 7.4115143e+00 7.4095713e+00 7.4766958e+00 7.5606632e+00 7.5196691e+00 7.5942328e+00 7.6699701e+00 7.6437600e+00 7.4806184e+00 7.0777537e+00 6.6821506e+00 7.1906225e+00 7.4578660e+00 7.5682918e+00 7.5936931e+00 7.5696651e+00 7.5344678e+00
1.4723666e+00 1.4260096e+00 1.9251450e+00 2.0708523e+00 2.0795518e+00 2.3720124e+00 2.0415293e+00 1.8903100e+00 1.7606609e+00 1.7503651e+00 1.6952425e+00 1.6792264e+00 1.6836807e+00 1.7142643e+00 1.8151014e+00 1.8023699e+00 1.8832300e+00 1.8180221e+00 1.8060501e+00 1.4735116e+00 9.8311015e-01 1.3289823e+00 2.8069209e+00 4.8727993e+00 6.8040854e+00 7.5357632e+00 7.1109903e+00 7.1332525e+00 7.4517383e+00 7.7014459e+00 7.8742936e+00 7.9559929e+00 7.9270075e+00 7.8618142e+00 7.8482649e+00 7.8707541e+00 7.8377449e+00 7.6520019e+00 7.7303320e+00 7.8700813e+00 7.8586065e+00 7.7558359e+00 7.6011240e+00 7.4915475e+00 7.4878632e+00 7.6644214e+00 7.8012359e+00 7.7828564e+00 7.7011388e+00 7.6430450e+00
1.8750595e+00 1.9218793e+00 1.9095321e+00 1.9223802e+00 2.2220259e+00 2.2621788e+00 1.9267955e+00 1.7348149e+00 1.6020352e+00 1.6547367e+00 1.5960879e+00 1.6448892e+00 1.6466651e+00 1.7614885e+00 1.8362066e+00 1.8574778e+00 1.7771157e+00 1.4631589e+00 1.0704977e+00 1.3475641e+00 2.5518016e+00 5.2160329e+00 6.5344175e+00 7.3916410e+00 7.7237670e+00 7.4817478e+00 7.0933410e+00 7.3841000e+00 7.8563193e+00 7.9321489e+00 8.1615989e+00 8.2039559e+00 8.1758857e+00 8.2025290e+00 8.2243725e+00 8.1772555e+00 8.0001169e+00 7.9541337e+00 8.0695452e+00 8.1075725e+00 8.1174114e+00 8.0990849e+00 8.0544858e+00 8.0699451e+00 8.0623183e+00 7.9281308e+00 8.0748991e+00 8.1280276e+00 7.9609327e+00 7.8074607e+00
2.0254319e+00 1.5338561e+00 1.5053689e+00 1.6004150e+00 1.7208022e+00 1.7785590e+00 1.6213466e+00 1.5552684e+00 1.4498936e+00 1.3905600e+00 1.4931842e+00 1.5364563e+00 1.6289701e+00 1.7113473e+00 1.6847061e+00 1.4385156e+00 9.0233181e-01 1.0776252e+00 2.5183873e+00 4.8117783e+00 6.6959677e+00 8.0466651e+00 7.7625068e+00 7.6526540e+00 8.0005015e+00 7.8516724e+00 7.7895884e+00 8.1196235e+00 8.6646369e+00 8.6402577e+00 8.7603001e+00 8.5448977e+00 8.4120379e+00 8.3533744e+00 8.4467138e+00 8.6527331e+00 8.4641048e+00 8.2239594e+00 8.3096306e+00 8.4608613e+00 8.6243225e+00 8.5718699e+00 8.5653132e+00 8.4400554e+00 8.4463507e+00 8.4300950e+00 8.3142605e+00 8.3834378e+00 8.5689329e+00 8.4091158e+00
1.7129639e+00 1.4341972e+00 1.3401007e+00 1.2222001e+00 1.1199999e+00 1.5368670e+00 1.8146166e+00 1.3255293e+00 1.3263698e+00 1.0716251e+00 1.3441368e+00 1.3673660e+00 1.4380899e+00 1.3427686e+00 8.9108321e-01 8.8632255e-01 2.1246191e+00 5.1345127e+00 7.1772509e+00 7.8608324e+00 8.3466463e+00 8.3450213e+00 8.4047228e+00 8.6575102e+00 8.7593055e+00 8.8738140e+00 8.9717524e+00 9.3265167e+00 9.3833315e+00 9.1464686e+00 9.1062275e+00 8.9873850e+00 8.8176546e+00 8.6463952e+00 8.7655215e+00 8.9570335e+00 9.0391208e+00 9.0189040e+00 8.9172571e+00 8.9340219e+00 8.9216942e+00 8.9320249e+00 9.0938090e+00 9.1730558e+00 9.1218111e+00 9.0019165e+00 9.0322339e+00 8.8878753e+00 8.8821432e+00 8.8114408e+00
1.4231626e+00 1.2020142e+00 1.0980551e+00 9.8067011e-01 7.5434631e-01 1.7612438e+00 1.9699892e+00 1.8531190e+00 1.1890869e+00 1.4123118e+00 1.5375406e+00 1.1347311e+00 9.4978992e-01 9.8852356e-01 1.8189552e+00 4.2806768e+00 6.7862690e+00 7.8940772e+00 8.0942455e+00 8.2704366e+00 8.5442214e+00 8.6984772e+00 8.9538146e+00 9.1758995e+00 9.1853074e+00 9.2873188e+00 9.5510604e+00 9.9340984e+00 9.9189162e+00 9.5703849e+00 9.4186939e+00 9.4659186e+00 9.3136233e+00 8.9995603e+00 9.0601010e+00 9.1681632e+00 9.2518023e+00 9.4317421e+00 9.4815474e+00 9.3748704e+00 9.2907602e+00 9.1938929e+00 9.1912007e+00 9.5490097e+00 9.6944780e+00 9.4513448e+00 9.3650778e+00 9.2906941e+00 9.2869093e+00 9.2642535e+00
9.6878619e-01 8.7369350e-01 8.6361884e-01 7.9977878e-01 6.7229597e-01 9.5773901e-01 2.2449302e+00 2.3844901e+00 1.8618392e+00 7.4983897e-01 1.0530022e+00 9.7280502e-01 1.7227419e+00 3.7518638e+00 6.3583249e+00 7.5819719e+00 7.8778781e+00 8.1368142e+00 8.3048963e+00 8.5709089e+00 8.8495149e+00 9.0002887e+00 9.1809747e+00 9.2116780e+00 9.4316793e+00 9.7463729e+00 9.8170006e+00 9.6676479e+00 9.8594978e+00 9.6166797e+00 9.5698749e+00 9.6114339e+00 9.6807953e+00 9.6990009e+00 9.6148580e+00 9.3827637e+00 9.2383624e+00 9.3300215e+00 9.5087389e+00 9.6535181e+00 9.6984523e+00 9.5525549e+00 9.4096104e+00 9.4817844e+00 9.7164771e+00 9.7490853e+00 9.6682312e+00 9.6099387e+00 9.5978993e+00 9.5251329e+00
3.8253283e-01 7.4575422e-01 6.2244753e-01 3.0035874e-01 8.7033639e-02 4.3676479e-01 8.3847414e-01 1.4860922e+00 7.0173069e-01 6.8370060e-01 9.2841245e-01 2.4273314e+00 5.8015392e+00 7.1956083e+00 7.5604199e+00 7.8968158e+00 8.2080197e+00 8.5639449e+00 8.6196359e+00 8.7963218e+00 9.0985590e+00 9.1678915e+00 9.2221911e+00 9.3053502e+00 9.4979149e+00 1.0041881e+01 1.0069730e+01 9.7750180e+00 9.9781584e+00 9.5415413e+00 9.5049519e+00 9.6094320e+00 9.7702667e+00 9.9858688e+00 1.0011116e+01 9.6291311e+00 9.4048770e+00 9.3886172e+00 9.4046976e+00 9.7799268e+00 1.0024417e+01 9.9046680e+00 9.7545127e+00 9.6963689e+00 9.8158960e+00 9.9542739e+00 9.9225909e+00 9.9022289e+00 9.8423879e+00 9.6384577e+00
0.0000000e+00 6.8306118e-01 8.6135054e-01 3.9087581e-01 0.0000000e+00 2.1916220e-01 1.4501498e+00 1.4829475e+00 1.2937472e+00 1.0127476e+00 2.6744751e+00 3.7444822e+00 5.7971673e+00 7.7477658e+00 8.0689070e+00 8.1978851e+00 8.5772245e+00 8.7664788e+00 8.7788156e+00 8.8330262e+00 9.0511194e+00 9.1316847e+00 9.2811964e+00 9.4320897e+00 9.5791293e+00 9.8138956e+00 9.5398313e+00 9.3733800e+00 1.0251821e+01 1.0017346e+01 9.7925311e+00 9.9375211e+00 9.5892442e+00 9.9174905e+00 9.9750369e+00 9.8505312e+00 9.9965173e+00 1.0318787e+01 9.7323760e+00 9.8464907e+00 9.9322257e+00 1.0011110e+01 1.0045268e+01 1.0034425e+01 1.0010658e+01 9.9646044e+00 9.9156565e+00 9.9833816e+00 1.0065347e+01 9.8658515e+00
0.0000000e+00 1.2934814e-01 1.6399519e+00 1.6272434e+00 8.4693795e-01 2.4379590e+00 3.1100552e+00 2.0178829e+00 2.8654435e+00 2.8672166e+00 3.9607009e+00 5.5907992e+00 7.1052833e+00 7.3995331e+00 8.2110089e+00 8.5406710e+00 8.8439156e+00 8.8057795e+00 8.8961488e+00 8.9998039e+00 9.0485199e+00 9.1268737e+00 9.4064170e+00 9.5917089e+00 9.6802401e+00 9.6865281e+00 9.3754309e+00 9.0253079e+00 9.2057933e+00 1.0036918e+01 1.0019831e+01 9.9410678e+00 9.7299687e+00 9.8112771e+00 9.9190199e+00 1.0052384e+01 1.0305312e+01 1.0577191e+01 1.0459362e+01 1.0331639e+01 1.0218001e+01 1.0163749e+01 1.0157397e+01 1.0306984e+01 1.0321337e+01 1.0189999e+01 9.9710792e+00 9.9754452e+00 1.0064201e+01 9.9977223e+00
0.0000000e+00 0.0000000e+00 1.3910964e+00 2.0866542e+00 2.7471509e+00 4.4293945e+00 5.6862411e+00 5.3257410e+00 5.0053653e+00 5.8593174e+00 6.7323294e+00 7.4147642e+00 7.7277257e+00 7.5884229e+00 7.9456746e+00 8.5122944e+00 8.9188551e+00 9.0371773e+00 9.0162168e+00 9.0624964e+00 9.1436764e+00 9.3629623e+00 9.6658501e+00 9.7850155e+00 9.8600495e+00 9.7111340e+00 9.5491171e+00 9.2283068e+00 9.2728884e+00 9.9317384e+00 1.0120318e+01 1.0226084e+01 1.0176532e+01 9.9019038e+00 9.9592706e+00 1.0154043e+01 1.0327841e+01 1.0474113e+01 1.0569979e+01 1.0456727e+01 1.0515129e+01 1.0564190e+01 1.0203655e+01 1.0251724e+01 1.0547119e+01 1.0298990e+01 1.0152937e+01 9.9476592e+00 1.0006757e+01 1.0024816e+01
0.0000000e+00 0.0000000e+00 0.0000000e+00 1.6671925e+00 2.5202591e+00 4.3846689e+00 7.2461649e+00 7.3020226e+00 7.1217646e+00 7.0674516e+00 7.2625933e+00 7.5280396e+00 7.8294573e+00 7.9011746e+00 8.1655324e+00 8.5411108e+00 8.7409745e+00 9.2820520e+00 9.2921818e+00 9.3423308e+00 9.4990716e+00 9.7015302e+00 9.9125491e+00 9.7142732e+00 9.8816065e+00 9.9387345e+00 9.9872590e+00 9.8107582e+00 9.6385732e+00 1.0135060e+01 1.0128552e+01 9.9294671e+00 9.9568554e+00 9.9641701e+00 1.0179344e+01 9.9981222e+00 1.0048521e+01 1.0157143e+01 1.0173004e+01 9.7569363e+00 9.8992393e+00 9.9083012e+00 9.5754739e+00 9.7206929e+00 1.0148970e+01 9.5020592e+00 9.0897703e+00 8.8095420e+00 9.3888051e+00 9.9460550e+00
