visualization/geoclaw_output/topo_CC.asc
ncols     146
nrows     128
xllcorner -1.242151400000000e+02
yllcorner  4.173486100000000e+01
cellsize  2.777931034483439e-04
nodata_value       -9999
[rows 0 to 21 of 128, columns 0 to 49 of 146]
1.3220912e+01 1.3193528e+01 1.3147502e+01 1.2976993e+01 1.2720218e+01 1.2495347e+01 1.2366038e+01 1.2332673e+01 1.2305185e+01 1.2293917e+01 1.2321104e+01 1.2514516e+01 1.3056146e+01 1.4159654e+01 1.5462074e+01 1.6375439e+01 1.6858096e+01 1.6952954e+01 1.6819260e+01 1.6554160e+01 1.6184955e+01 1.5857304e+01 1.5643698e+01 1.5426469e+01 1.5144842e+01 1.4847158e+01 1.4465404e+01 1.4004388e+01 1.3546204e+01 1.3222277e+01 1.3085836e+01 1.3082067e+01 1.3111875e+01 1.3131724e+01 1.3086368e+01 1.2929291e+01 1.2579602e+01 1.1919246e+01 1.0194179e+01 1.0200476e+01 1.3146997e+01 1.5134835e+01 1.5746183e+01 1.5884026e+01 1.5843885e+01 1.5780096e+01 1.5672069e+01 1.5559428e+01 1.5491267e+01 1.5446583e+01
1.2854331e+01 1.2898776e+01 1.2937166e+01 1.2815636e+01 1.2605280e+01 1.2395245e+01 1.2313758e+01 1.2377966e+01 1.2676381e+01 1.2944162e+01 1.3234502e+01 1.3879910e+01 1.4976589e+01 1.6086601e+01 1.6765884e+01 1.7139066e+01 1.7356209e+01 1.7334434e+01 1.7156212e+01 1.6854729e+01 1.6423922e+01 1.6034024e+01 1.5786387e+01 1.5627216e+01 1.5401420e+01 1.5054550e+01 1.4579936e+01 1.4006072e+01 1.3398691e+01 1.2916770e+01 1.2707411e+01 1.2631088e+01 1.2583201e+01 1.2583457e+01 1.2418269e+01 1.1916048e+01 1.1088325e+01 9.8980280e+00 9.1700397e+00 1.0449860e+01 1.2840916e+01 1.4564681e+01 1.5529079e+01 1.5888243e+01 1.5922166e+01 1.5854934e+01 1.5726019e+01 1.5637044e+01 1.5615844e+01 1.5621875e+01
1.2538172e+01 1.2578910e+01 1.2680137e+01 1.2643509e+01 1.2500208e+01 1.2373332e+01 1.2613426e+01 1.3560587e+01 1.4495816e+01 1.5001680e+01 1.5481780e+01 1.6103679e+01 1.6668122e+01 1.7199512e+01 1.7593731e+01 1.7826262e+01 1.7893633e+01 1.7778982e+01 1.7515571e+01 1.7118776e+01 1.6617264e+01 1.6154610e+01 1.5849226e+01 1.5709722e+01 1.5600065e+01 1.5286733e+01 1.4793078e+01 1.4175834e+01 1.3470964e+01 1.2868626e+01 1.2532006e+01 1.2247426e+01 1.1373233e+01 1.0814596e+01 1.0493765e+01 9.7732841e+00 9.1191915e+00 9.2407592e+00 1.0328941e+01 1.2092637e+01 1.3555902e+01 1.4599550e+01 1.5328028e+01 1.5742899e+01 1.5811670e+01 1.5747265e+01 1.5634212e+01 1.5501641e+01 1.5464890e+01 1.5481623e+01
1.2433265e+01 1.2225565e+01 1.2271808e+01 1.2299785e+01 1.2267748e+01 1.2335410e+01 1.3624948e+01 1.6070750e+01 1.6564513e+01 1.6679551e+01 1.6874994e+01 1.7246243e+01 1.7636637e+01 1.8038358e+01 1.8320010e+01 1.8465830e+01 1.8453868e+01 1.8243275e+01 1.7894485e+01 1.7353141e+01 1.6737172e+01 1.6155651e+01 1.5708422e+01 1.5556896e+01 1.5614469e+01 1.5553601e+01 1.5106237e+01 1.4452774e+01 1.3761825e+01 1.3203018e+01 1.2968670e+01 1.2706304e+01 1.1328916e+01 9.1657117e+00 8.6752065e+00 8.6713403e+00 9.2367158e+00 1.1232365e+01 1.2943813e+01 1.3654480e+01 1.4059047e+01 1.4565101e+01 1.5013853e+01 1.5265269e+01 1.5224115e+01 1.5126737e+01 1.5083169e+01 1.4959271e+01 1.4928330e+01 1.5001586e+01
1.2504236e+01 1.1795466e+01 1.1429620e+01 1.1530992e+01 1.1737141e+01 1.2106003e+01 1.3819062e+01 1.5753270e+01 1.5995401e+01 1.6753691e+01 1.7372236e+01 1.7864558e+01 1.8328097e+01 1.8692233e+01 1.8946824e+01 1.9014249e+01 1.8915722e+01 1.8612642e+01 1.8146282e+01 1.7537693e+01 1.6833487e+01 1.6205790e+01 1.5697880e+01 1.5431798e+01 1.5311800e+01 1.5289683e+01 1.5031673e+01 1.4542561e+01 1.4049332e+01 1.3683252e+01 1.3484714e+01 1.3230551e+01 1.2859843e+01 1.1110675e+01 8.8713334e+00 8.7423551e+00 1.0358163e+01 1.2724177e+01 1.3324845e+01 1.3622289e+01 1.3787073e+01 1.3802908e+01 1.3618241e+01 1.3630769e+01 1.3712693e+01 1.3714497e+01 1.3753665e+01 1.3921406e+01 1.4252670e+01 1.4482091e+01
1.2052406e+01 1.0514615e+01 1.0408826e+01 1.0912115e+01 1.1401988e+01 1.1888109e+01 1.3013103e+01 1.4879163e+01 1.5578984e+01 1.6515903e+01 1.7693964e+01 1.8389370e+01 1.8870551e+01 1.9202655e+01 1.9430253e+01 1.9425597e+01 1.9262966e+01 1.8879981e+01 1.8372986e+01 1.7702397e+01 1.6987851e+01 1.6283359e+01 1.5736895e+01 1.5450309e+01 1.5174265e+01 1.4974266e+01 1.4798753e+01 1.4542089e+01 1.4255669e+01 1.4035442e+01 1.3819273e+01 1.3527455e+01 1.3113757e+01 1.2183319e+01 9.4318584e+00 8.6982160e+00 9.9321415e+00 1.2425932e+01 1.3031016e+01 1.3306856e+01 1.3361104e+01 1.3054314e+01 1.2572023e+01 1.2524800e+01 1.2552956e+01 1.2561908e+01 1.2592438e+01 1.2946496e+01 1.3482546e+01 1.3862331e+01
1.0025827e+01 9.3463385e+00 9.9914410e+00 1.0794184e+01 1.1682667e+01 1.3238392e+01 1.5750705e+01 1.6890806e+01 1.7027744e+01 1.7564330e+01 1.8283602e+01 1.8864020e+01 1.9295492e+01 1.9593532e+01 1.9724450e+01 1.9692739e+01 1.9466821e+01 1.9075821e+01 1.8542249e+01 1.7843915e+01 1.7195476e+01 1.6471336e+01 1.5869944e+01 1.5576981e+01 1.5313952e+01 1.5056772e+01 1.4878934e+01 1.4715064e+01 1.4504781e+01 1.4246624e+01 1.3969636e+01 1.3662884e+01 1.3191048e+01 1.2443122e+01 1.0095874e+01 8.7302299e+00 9.0002508e+00 1.1110090e+01 1.2500147e+01 1.2850383e+01 1.2994090e+01 1.2879494e+01 1.2612490e+01 1.2527177e+01 1.2485351e+01 1.2436654e+01 1.2340696e+01 1.2524312e+01 1.2883734e+01 1.3241172e+01
9.0868986e+00 9.1187880e+00 9.9773868e+00 1.1189062e+01 1.2930746e+01 1.6299296e+01 1.7521169e+01 1.7782193e+01 1.8034788e+01 1.8342604e+01 1.8770504e+01 1.9217961e+01 1.9573200e+01 1.9822035e+01 1.9915011e+01 1.9826465e+01 1.9599761e+01 1.9260359e+01 1.8732366e+01 1.8132100e+01 1.7546429e+01 1.6930349e+01 1.6309979e+01 1.5854448e+01 1.5600526e+01 1.5458877e+01 1.5338242e+01 1.5182204e+01 1.4853157e+01 1.4399386e+01 1.3908750e+01 1.3545648e+01 1.3244349e+01 1.2768813e+01 1.1229358e+01 9.2637374e+00 8.7499536e+00 9.6743269e+00 1.1127627e+01 1.1986968e+01 1.2504840e+01 1.2697625e+01 1.2613592e+01 1.2548350e+01 1.2545417e+01 1.2468760e+01 1.2309945e+01 1.2352135e+01 1.2461746e+01 1.2654884e+01
8.9963328e+00 9.1625300e+00 1.0859455e+01 1.2413221e+01 1.4589736e+01 1.6596507e+01 1.7274445e+01 1.7670468e+01 1.8085255e+01 1.8545434e+01 1.8980959e+01 1.9347705e+01 1.9654470e+01 1.9849465e+01 1.9902613e+01 1.9841600e+01 1.9657027e+01 1.9344898e+01 1.8928823e+01 1.8471629e+01 1.7964105e+01 1.7451421e+01 1.6946065e+01 1.6517660e+01 1.6210323e+01 1.6012415e+01 1.5860812e+01 1.5668789e+01 1.5326906e+01 1.4419294e+01 1.3283297e+01 1.2870772e+01 1.2812711e+01 1.2975259e+01 1.2699837e+01 1.0774046e+01 8.8337925e+00 8.9982263e+00 9.7906960e+00 1.0736680e+01 1.1636828e+01 1.2256796e+01 1.2543805e+01 1.2548292e+01 1.2542243e+01 1.2462596e+01 1.2283702e+01 1.2211590e+01 1.2192858e+01 1.2320752e+01
9.0189422e+00 1.0086878e+01 1.2541259e+01 1.3845827e+01 1.4987293e+01 1.5708796e+01 1.6475934e+01 1.7253423e+01 1.7829803e+01 1.8341640e+01 1.8791054e+01 1.9200488e+01 1.9491067e+01 1.9667919e+01 1.9762456e+01 1.9750484e+01 1.9618029e+01 1.9385618e+01 1.9060095e+01 1.8667404e+01 1.8194899e+01 1.7769554e+01 1.7321441e+01 1.6986332e+01 1.6688355e+01 1.6495015e+01 1.6370824e+01 1.6185853e+01 1.5870946e+01 1.4411268e+01 1.2437407e+01 1.1834922e+01 1.1698303e+01 1.2243362e+01 1.3068794e+01 1.2751323e+01 9.8911112e+00 8.5942152e+00 8.8932550e+00 9.5542100e+00 1.0577420e+01 1.1659727e+01 1.2442792e+01 1.2547838e+01 1.2547412e+01 1.2540321e+01 1.2336397e+01 1.2114736e+01 1.2046569e+01 1.2080804e+01
9.4808826e+00 1.1516701e+01 1.3165044e+01 1.4155199e+01 1.4856469e+01 1.5434487e+01 1.6030600e+01 1.6738296e+01 1.7343117e+01 1.7899223e+01 1.8396258e+01 1.8812209e+01 1.9113157e+01 1.9348030e+01 1.9515816e+01 1.9552224e+01 1.9470573e+01 1.9291425e+01 1.9003627e+01 1.8616003e+01 1.8193004e+01 1.7732814e+01 1.7310554e+01 1.6995884e+01 1.6765253e+01 1.6591311e+01 1.6459917e+01 1.6306817e+01 1.6156733e+01 1.5005134e+01 1.2148573e+01 1.0426022e+01 9.6175849e+00 1.0285361e+01 1.1926896e+01 1.3191460e+01 1.1380450e+01 8.5234354e+00 8.0719917e+00 8.6639278e+00 9.6391858e+00 1.0733353e+01 1.1796392e+01 1.2377547e+01 1.2501284e+01 1.2541826e+01 1.2366794e+01 1.2014756e+01 1.1992992e+01 1.2031799e+01
1.1173792e+01 1.2816937e+01 1.3626159e+01 1.4438715e+01 1.5047060e+01 1.5567188e+01 1.5995196e+01 1.6460231e+01 1.6952084e+01 1.7401148e+01 1.7835070e+01 1.8255065e+01 1.8609114e+01 1.8912322e+01 1.9126243e+01 1.9234911e+01 1.9235913e+01 1.9088413e+01 1.8834193e+01 1.8480964e+01 1.7973678e+01 1.7391537e+01 1.6808255e+01 1.6469316e+01 1.6324617e+01 1.6076738e+01 1.5721657e+01 1.5380994e+01 1.5384135e+01 1.4789467e+01 1.1927510e+01 9.3939229e+00 7.5617358e+00 7.6428232e+00 9.4015538e+00 1.1398250e+01 1.0568412e+01 7.7648636e+00 6.7391084e+00 7.4488502e+00 8.5419740e+00 9.5166108e+00 1.0411469e+01 1.1212647e+01 1.1715243e+01 1.2011868e+01 1.1954932e+01 1.1973278e+01 1.2075584e+01 1.2132664e+01
1.2721316e+01 1.3370984e+01 1.4012366e+01 1.4724020e+01 1.5313378e+01 1.5781662e+01 1.6119735e+01 1.6403605e+01 1.6718640e+01 1.7088186e+01 1.7432415e+01 1.7739655e+01 1.8057644e+01 1.8376258e+01 1.8681565e+01 1.8830705e+01 1.8890903e+01 1.8830271e+01 1.8638793e+01 1.8291725e+01 1.7735704e+01 1.6898823e+01 1.5928554e+01 1.5211702e+01 1.4980506e+01 1.4354515e+01 1.3536038e+01 1.2796374e+01 1.2347314e+01 1.1592679e+01 9.9579808e+00 7.8193713e+00 6.2104289e+00 5.9899127e+00 6.3990398e+00 7.1700196e+00 7.2512575e+00 6.3660539e+00 5.9713781e+00 6.5214002e+00 7.5493604e+00 8.5233022e+00 9.3000510e+00 9.9544931e+00 1.0496857e+01 1.1000511e+01 1.1832862e+01 1.2354734e+01 1.2404860e+01 1.2404098e+01
1.3190094e+01 1.3655232e+01 1.4252048e+01 1.4891073e+01 1.5396777e+01 1.5762748e+01 1.6090776e+01 1.6355690e+01 1.6604732e+01 1.6879820e+01 1.7121350e+01 1.7363194e+01 1.7612339e+01 1.7881915e+01 1.8167832e+01 1.8384351e+01 1.8502965e+01 1.8515194e+01 1.8398278e+01 1.8131264e+01 1.7697842e+01 1.7021817e+01 1.5832592e+01 1.3350309e+01 1.1953739e+01 1.0962272e+01 9.7894457e+00 9.0469664e+00 8.6615994e+00 8.3857341e+00 7.9318192e+00 7.3563950e+00 7.9116885e+00 8.2518185e+00 7.1870794e+00 6.1089002e+00 5.6713618e+00 5.6464822e+00 5.7782846e+00 6.2326703e+00 7.0056533e+00 7.8520691e+00 8.6175102e+00 9.1598223e+00 9.6142924e+00 1.0261082e+01 1.1478788e+01 1.2448193e+01 1.2576367e+01 1.2540133e+01
1.3422321e+01 1.3844266e+01 1.4410630e+01 1.4935330e+01 1.5315804e+01 1.5617303e+01 1.5883147e+01 1.6186904e+01 1.6433927e+01 1.6694476e+01 1.6890520e+01 1.7141004e+01 1.7355632e+01 1.7522864e+01 1.7743812e+01 1.7940572e+01 1.8118767e+01 1.8168791e+01 1.8127291e+01 1.7955884e+01 1.7681752e+01 1.7421025e+01 1.6038098e+01 1.2247379e+01 9.8184788e+00 8.5684607e+00 8.0655117e+00 7.8507737e+00 7.7745353e+00 7.9279020e+00 9.0913442e+00 1.1552567e+01 1.4096784e+01 1.4440117e+01 1.1184659e+01 7.2649009e+00 5.4043210e+00 5.3716956e+00 5.6152983e+00 6.1669196e+00 6.9876974e+00 7.7017697e+00 8.3147803e+00 8.6782736e+00 8.9593356e+00 9.4416174e+00 1.0397156e+01 1.1705486e+01 1.2395981e+01 1.2535851e+01
1.3585937e+01 1.3978615e+01 1.4465325e+01 1.4872084e+01 1.5188515e+01 1.5461599e+01 1.5704813e+01 1.5925118e+01 1.6217881e+01 1.6444527e+01 1.6731613e+01 1.6950849e+01 1.7117941e+01 1.7274831e+01 1.7442872e+01 1.7602598e+01 1.7743569e+01 1.7806763e+01 1.7795586e+01 1.7700984e+01 1.7532849e+01 1.7355701e+01 1.6002587e+01 1.2251720e+01 9.6187214e+00 8.8899042e+00 8.8341127e+00 8.8066527e+00 9.1742332e+00 1.0413524e+01 1.3074551e+01 1.5942902e+01 1.6951779e+01 1.6577960e+01 1.3959758e+01 9.0533311e+00 5.8964233e+00 5.2684453e+00 5.4372288e+00 6.3097213e+00 8.0342337e+00 8.9109064e+00 8.9834816e+00 8.8579119e+00 8.8394903e+00 8.9392381e+00 9.3145949e+00 1.0272393e+01 1.1365993e+01 1.2119652e+01
1.3646411e+01 1.4027254e+01 1.4455080e+01 1.4818039e+01 1.5094227e+01 1.5332246e+01 1.5563577e+01 1.5786122e+01 1.6037191e+01 1.6303266e+01 1.6552542e+01 1.6792538e+01 1.6939536e+01 1.7070075e+01 1.7195404e+01 1.7305564e+01 1.7374356e+01 1.7424456e+01 1.7441095e+01 1.7393805e+01 1.7229329e+01 1.6945658e+01 1.5809550e+01 1.3148729e+01 1.2205985e+01 1.2230194e+01 1.2346096e+01 1.2565401e+01 1.3045052e+01 1.4068661e+01 1.5676091e+01 1.6953331e+01 1.7235858e+01 1.6922891e+01 1.5224163e+01 1.1097056e+01 6.9917318e+00 5.3865611e+00 5.1192432e+00 5.8275816e+00 8.8459211e+00 9.8630184e+00 9.7884576e+00 9.4051333e+00 8.9598046e+00 8.8481112e+00 8.8964465e+00 9.2756319e+00 1.0169992e+01 1.1306291e+01
1.3717572e+01 1.4077160e+01 1.4446297e+01 1.4764903e+01 1.5048047e+01 1.5286183e+01 1.5542325e+01 1.5748326e+01 1.5943799e+01 1.6160656e+01 1.6349920e+01 1.6574372e+01 1.6734827e+01 1.6883351e+01 1.6971057e+01 1.7057570e+01 1.7148666e+01 1.7159770e+01 1.7131923e+01 1.7032571e+01 1.6933871e+01 1.6689611e+01 1.6197452e+01 1.5711921e+01 1.5796628e+01 1.5862425e+01 1.5816788e+01 1.5681075e+01 1.5699260e+01 1.6085958e+01 1.6751482e+01 1.7295560e+01 1.7446736e+01 1.7353624e+01 1.6493404e+01 1.3649001e+01 9.1579051e+00 6.4462793e+00 5.1603503e+00 5.1603914e+00 7.1749493e+00 9.6899588e+00 1.0349324e+01 1.0099798e+01 9.3161558e+00 8.8942164e+00 8.8539744e+00 8.9051314e+00 9.3261314e+00 1.0313692e+01
1.3741360e+01 1.4063501e+01 1.4400571e+01 1.4706180e+01 1.4982309e+01 1.5212878e+01 1.5473402e+01 1.5672700e+01 1.5827692e+01 1.5978967e+01 1.6156595e+01 1.6325013e+01 1.6450848e+01 1.6618320e+01 1.6784431e+01 1.6888797e+01 1.6975118e+01 1.6954476e+01 1.6913043e+01 1.6910132e+01 1.6836611e+01 1.6730628e+01 1.6624963e+01 1.6483864e+01 1.6366561e+01 1.6468593e+01 1.6624674e+01 1.6766735e+01 1.6879302e+01 1.7084120e+01 1.7381604e+01 1.7587488e+01 1.7721165e+01 1.7726436e+01 1.7450677e+01 1.6404979e+01 1.2896648e+01 9.0981069e+00 6.0575685e+00 5.1045441e+00 5.4329425e+00 8.3798003e+00 1.1405323e+01 1.1541428e+01 1.0398675e+01 9.4321788e+00 8.9453480e+00 8.8553028e+00 8.9092349e+00 9.3509325e+00
1.3786647e+01 1.4072800e+01 1.4358476e+01 1.4658137e+01 1.4955643e+01 1.5177857e+01 1.5366458e+01 1.5525844e+01 1.5682905e+01 1.5815438e+01 1.5950722e+01 1.6076076e+01 1.6216856e+01 1.6411245e+01 1.6569140e+01 1.6726036e+01 1.6833218e+01 1.6879652e+01 1.6916665e+01 1.6974756e+01 1.6933196e+01 1.6887857e+01 1.6796403e+01 1.6725959e+01 1.6742973e+01 1.6805086e+01 1.6956821e+01 1.7144888e+01 1.7341169e+01 1.7523670e+01 1.7722405e+01 1.7874392e+01 1.7974463e+01 1.7949396e+01 1.7822781e+01 1.7286070e+01 1.5430810e+01 1.1933433e+01 8.2688913e+00 5.8612302e+00 5.1174452e+00 6.2355837e+00 1.0848444e+01 1.2843784e+01 1.1983870e+01 1.0687851e+01 9.6319622e+00 9.0216088e+00 8.8585738e+00 8.9658535e+00
1.3851217e+01 1.4083033e+01 1.4336719e+01 1.4622488e+01 1.4856150e+01 1.5048480e+01 1.5218789e+01 1.5392288e+01 1.5584671e+01 1.5685454e+01 1.5745362e+01 1.5820733e+01 1.5979809e+01 1.6179287e+01 1.6386020e+01 1.6550500e+01 1.6725948e+01 1.6878577e+01 1.6989500e+01 1.7059408e+01 1.7049424e+01 1.7042292e+01 1.7013656e+01 1.6959409e+01 1.6988303e+01 1.7099405e+01 1.7236414e+01 1.7355684e+01 1.7568261e+01 1.7748201e+01 1.7923315e+01 1.8071607e+01 1.8115094e+01 1.8042708e+01 1.7917875e+01 1.7609381e+01 1.6635420e+01 1.4253115e+01 1.0767442e+01 7.8950263e+00 5.7179704e+00 5.1495198e+00 7.7134519e+00 1.2478889e+01 1.3010008e+01 1.2019450e+01 1.0741673e+01 9.6894911e+00 9.0501568e+00 8.9748565e+00
1.3847605e+01 1.4074224e+01 1.4288763e+01 1.4532046e+01 1.4730453e+01 1.4896897e+01 1.5078367e+01 1.5263088e+01 1.5410184e+01 1.5493853e+01 1.5583728e+01 1.5711508e+01 1.5848433e+01 1.6023508e+01 1.6202321e+01 1.6408027e+01 1.6627273e+01 1.6826012e+01 1.6976949e+01 1.7069563e+01 1.7138376e+01 1.7140733e+01 1.7177536e+01 1.7192594e+01 1.7253056e+01 1.7282137e+01 1.7329919e+01 1.7477877e+01 1.7639319e+01 1.7775944e+01 1.7932475e+01 1.8019539e+01 1.8050795e+01 1.7986423e+01 1.7825443e+01 1.7639325e+01 1.7169344e+01 1.5944202e+01 1.3579710e+01 1.1572806e+01 8.6363593e+00 5.5579376e+00 5.5214875e+00 9.4892905e+00 1.3195527e+01 1.2985574e+01 1.2022802e+01 1.0700330e+01 9.6020946e+00 9.1779427e+00
