visualization/geoclaw_output/topo_CC.asc
ncols     146
nrows     128
xllcorner -1.242151400000000e+02
yllcorner  4.173486100000000e+01
cellsize  2.777931034483439e-04
nodata_value       -9999
[rows 88 to 109 of 128, columns 50 to 99 of 146]
4.0376219e+00 3.7689345e+00 4.2116344e+00 4.2407215e+00 3.5195824e+00 3.3413520e+00 4.3550406e-01 -1.1859012e+00 -1.2898146e+00 -1.2492739e+00 -1.4132297e+00 -1.7019923e+00 -2.0662869e+00 -2.4021574e+00 -2.6848450e+00 -2.8495326e+00 -3.1958268e+00 -3.6712641e+00 -3.9015956e+00 -4.1466690e+00 -4.1265300e+00 -4.3169097e+00 -4.3620053e+00 -4.2626670e+00 -4.3933712e+00 -4.2799147e+00 -4.3962310e+00 -3.9393211e+00 -2.8072017e+00 -3.8356751e+00 -4.1799184e+00 -3.7659591e+00 -3.9048347e+00 -4.1439980e+00 -4.2467449e+00 -4.1413112e+00 -4.2394145e+00 -4.3074374e+00 -4.3015859e+00 -4.2413358e+00 -4.3202382e+00 -4.3240663e+00 -4.2739028e+00 -4.2708300e+00 -4.3370958e+00 -4.3786410e+00 -4.6093423e+00 -3.7442808e+00 -3.7520856e+00 -4.3344183e+00
1.0931689e+00 4.3918555e-01 6.2407579e-01 3.1523731e+00 3.7996317e+00 3.6030535e+00 3.3237742e+00 1.0778969e+00 -1.1224366e+00 -1.4805319e+00 -1.5574007e+00 -1.7610735e+00 -2.0992342e+00 -2.6880857e+00 -2.9263138e+00 -3.1580205e+00 -3.5500660e+00 -3.7729387e+00 -3.7834205e+00 -4.1648971e+00 -4.5405644e+00 -4.6567173e+00 -4.4924381e+00 -4.3567807e+00 -4.3542758e+00 -3.8440350e+00 -3.4042504e+00 -3.2184410e+00 -2.9442757e+00 -3.4756460e+00 -3.9511920e+00 -4.1215300e+00 -4.2194043e+00 -4.3146971e+00 -4.3979669e+00 -4.4139410e+00 -4.4068263e+00 -4.4984131e+00 -4.5236926e+00 -4.5357317e+00 -4.5484055e+00 -4.5552663e+00 -4.6012334e+00 -4.5380103e+00 -4.5096599e+00 -4.5241269e+00 -4.6618512e+00 -4.2451980e+00 -3.9304920e+00 -3.8931387e+00
-1.4969729e+00 -1.1673123e+00 -2.8164359e-01 7.7657577e-02 4.1303198e+00 3.5707081e+00 3.2153160e+00 3.3786381e+00 1.3017182e+00 -1.3127939e+00 -1.6882062e+00 -1.7771929e+00 -2.0320699e+00 -2.4599432e+00 -2.7066732e+00 -3.0205791e+00 -3.2801211e+00 -3.4674463e+00 -3.5739574e+00 -3.7972545e+00 -4.0261681e+00 -4.1039700e+00 -3.8981008e+00 -3.7532695e+00 -3.6440108e+00 -3.1013890e+00 -2.5896864e+00 -3.1938594e+00 -3.6428424e+00 -3.9486228e+00 -4.2441303e+00 -4.4094186e+00 -4.5104625e+00 -4.5333520e+00 -4.5726759e+00 -4.6391533e+00 -4.6736971e+00 -4.6818927e+00 -4.7544283e+00 -4.7774993e+00 -4.7871636e+00 -4.7464116e+00 -4.8389257e+00 -4.8616783e+00 -4.7962082e+00 -4.8008477e+00 -4.7312846e+00 -4.6756340e+00 -4.1285982e+00 -4.1305219e+00
-1.4826021e+00 -1.5070033e+00 -1.2931180e+00 -1.0642407e+00 2.1697766e+00 3.8740738e+00 2.5399586e+00 2.2430673e+00 2.9143593e+00 1.3608728e+00 -1.4904695e+00 -1.8556989e+00 -1.8736095e+00 -2.0609166e+00 -2.0408874e+00 -1.9552098e+00 -2.6491367e+00 -2.9234884e+00 -3.0554668e+00 -3.1876269e+00 -3.2529042e+00 -3.2000669e+00 -3.0223069e+00 -2.8545270e+00 -2.9690332e+00 -3.0411746e+00 -3.1592827e+00 -3.6963221e+00 -4.1154561e+00 -4.3508910e+00 -4.4930137e+00 -4.6083573e+00 -4.6767942e+00 -4.7438618e+00 -4.7646898e+00 -4.8170837e+00 -4.8860241e+00 -4.9291951e+00 -4.9253377e+00 -4.9934490e+00 -4.9787955e+00 -4.9789942e+00 -5.0898781e+00 -5.1026552e+00 -5.0633360e+00 -5.0587037e+00 -4.9875824e+00 -4.8811109e+00 -4.7503959e+00 -4.6639364e+00
-1.3692396e+00 -1.5190604e+00 -6.0681048e-01 -1.4459488e+00 -6.4828129e-01 3.2440020e+00 2.3820615e+00 1.7393505e+00 1.6986004e+00 2.6726587e+00 1.4821749e+00 -1.4444128e+00 -1.8466418e+00 -1.9321814e+00 -3.0250133e-01 1.3862789e+00 -1.8909861e+00 -2.4118133e+00 -2.5029476e+00 -2.5703449e+00 -2.5089829e+00 -2.3762134e+00 -2.2916943e+00 -2.2100908e+00 -2.7390207e+00 -3.3558357e+00 -3.7497651e+00 -4.1042887e+00 -4.4247244e+00 -4.6097497e+00 -4.7159517e+00 -4.7674164e+00 -4.8233032e+00 -4.8772859e+00 -4.9216442e+00 -4.9726140e+00 -5.0403896e+00 -5.1099327e+00 -5.1482342e+00 -5.1348821e+00 -5.1534771e+00 -5.1920678e+00 -5.2827285e+00 -5.2642771e+00 -5.2771783e+00 -5.2099185e+00 -5.0667050e+00 -4.9059529e+00 -4.7050783e+00 -4.5888699e+00
-1.1871857e+00 -1.3349580e+00 -1.4869490e+00 -1.7324371e+00 -1.5973056e+00 7.8734310e-01 3.4631537e+00 1.6939019e+00 1.1865691e+00 3.0602391e-01 2.1162793e+00 2.2741001e+00 -1.0645636e+00 -1.6521904e+00 -9.3123843e-01 -8.7750581e-01 -1.9649177e+00 -2.0485613e+00 -2.1074578e+00 -2.1128085e+00 -1.9948552e+00 -1.9357373e+00 -2.3248357e+00 -2.6934923e+00 -3.3496401e+00 -3.8994958e+00 -4.2914511e+00 -4.5098969e+00 -4.6593244e+00 -4.7711220e+00 -4.8691112e+00 -4.9510571e+00 -4.9795034e+00 -5.0267811e+00 -5.0812076e+00 -5.1074832e+00 -5.1691596e+00 -5.2371270e+00 -5.2478177e+00 -5.2832856e+00 -5.3492617e+00 -5.4102488e+00 -5.4469238e+00 -5.4453470e+00 -5.4101422e+00 -5.3054110e+00 -5.0350237e+00 -4.6130182e+00 -4.3020552e+00 -4.1248292e+00
-1.2139845e+00 -1.3749624e+00 -1.6804017e+00 -1.7021963e+00 -1.6855761e+00 -8.8497734e-01 2.3483588e+00 2.2822886e+00 -7.2057690e-01 -1.4239749e+00 -1.0102705e+00 1.8785342e+00 3.2412773e+00 2.4367214e+00 -2.7619251e-01 -2.1010335e+00 -1.8754046e+00 -1.9048541e+00 -1.9492247e+00 -1.9376725e+00 -1.9346500e+00 -2.4222700e+00 -3.0489793e+00 -3.6082539e+00 -4.0127396e+00 -4.3235659e+00 -4.5823012e+00 -4.7838279e+00 -4.8923032e+00 -4.9261414e+00 -4.9919037e+00 -5.0710858e+00 -5.1462874e+00 -5.1727191e+00 -5.2290462e+00 -5.2740344e+00 -5.3178876e+00 -5.3341361e+00 -5.3663252e+00 -5.4548482e+00 -5.5274483e+00 -5.5780744e+00 -5.6294002e+00 -5.6300488e+00 -5.6111454e+00 -5.4560426e+00 -4.6546469e+00 -3.8843493e+00 -3.6804790e+00 -3.4564314e+00
-1.4199087e+00 -1.5203373e+00 -1.6232800e+00 -1.6796062e+00 -1.7354282e+00 -1.5908064e+00 -3.5246238e-01 2.9932484e+00 -2.1178819e-01 -1.6891024e+00 -4.2119784e-01 -4.9762522e-01 2.8879799e+00 4.3683217e+00 1.1174139e+00 -2.0126564e+00 -1.9053627e+00 -1.9397318e+00 -1.9704134e+00 -2.2194901e+00 -2.5699916e+00 -3.2056762e+00 -3.7611921e+00 -4.1185982e+00 -4.4337643e+00 -4.6257915e+00 -4.7933948e+00 -4.9288407e+00 -5.0509222e+00 -5.1130617e+00 -5.1396914e+00 -5.1935494e+00 -5.2653253e+00 -5.3281689e+00 -5.3675391e+00 -5.4010079e+00 -5.4055148e+00 -5.4327505e+00 -5.4823036e+00 -5.5762544e+00 -5.6684612e+00 -5.7351584e+00 -5.8215366e+00 -5.8974808e+00 -6.0022363e+00 -5.9216863e+00 -4.0089462e+00 -2.5360909e+00 -2.3484878e+00 -2.6698561e+00
-1.6099964e+00 -1.6779962e+00 -1.7143812e+00 -1.7424376e+00 -1.7474004e+00 -1.7415733e+00 -1.4537938e+00 3.6399722e-01 3.2252802e+00 -8.2381262e-01 -1.1912006e+00 -1.3078601e+00 -6.4114194e-01 -5.1133911e-01 -1.5458205e+00 -2.0800154e+00 -2.1705155e+00 -2.2421400e+00 -2.3070644e+00 -2.8598203e+00 -3.5502965e+00 -3.9888030e+00 -4.2332135e+00 -4.4442943e+00 -4.6429751e+00 -4.8259884e+00 -4.9361925e+00 -5.0485513e+00 -5.1365748e+00 -5.2191863e+00 -5.2667255e+00 -5.3088593e+00 -5.3703519e+00 -5.4081190e+00 -5.4237627e+00 -5.4479969e+00 -5.4792067e+00 -5.4996329e+00 -5.5638359e+00 -5.6581146e+00 -5.7387711e+00 -5.8330731e+00 -5.9375575e+00 -6.0684491e+00 -6.2150276e+00 -5.5595275e+00 5.9376515e-01 1.3072671e+00 8.7060094e-01 -2.0114613e-01
-1.8008069e+00 -1.8282749e+00 -1.8427016e+00 -1.8452070e+00 -1.8225089e+00 -1.7559200e+00 -1.7360074e+00 -1.3961704e+00 1.6293316e+00 2.5269580e+00 -1.1632265e+00 -1.5699257e+00 -1.8701775e+00 -2.1311092e+00 -2.1403550e+00 -2.2985664e+00 -2.6198354e+00 -2.8598645e+00 -3.0678238e+00 -3.5582078e+00 -4.0051048e+00 -4.3316817e+00 -4.5692064e+00 -4.6583747e+00 -4.7951113e+00 -4.9249826e+00 -5.0437035e+00 -5.1310269e+00 -5.2003924e+00 -5.2806853e+00 -5.3315870e+00 -5.3781260e+00 -5.4216073e+00 -5.4055476e+00 -5.4763202e+00 -5.5165248e+00 -5.5834499e+00 -5.6022028e+00 -5.6621163e+00 -5.7170424e+00 -5.7924550e+00 -5.8845156e+00 -5.9530728e+00 -6.0021059e+00 -5.9687202e+00 -5.6071793e+00 -3.6071039e+00 -2.2369354e+00 -7.1006190e-01 4.5186991e-01
-2.0425858e+00 -2.0317832e+00 -2.0146995e+00 -1.9842011e+00 -1.9158227e+00 -1.8358660e+00 -1.7730936e+00 -1.8287391e+00 -8.4578129e-01 3.3172673e+00 -3.3019634e-01 -1.9353578e+00 -1.7325495e+00 -1.9182666e+00 -2.1833645e+00 -2.4963740e+00 -2.8841041e+00 -3.1068637e+00 -3.3362639e+00 -3.8156738e+00 -4.1813434e+00 -4.5265984e+00 -4.7573086e+00 -4.8360467e+00 -4.8912001e+00 -4.9945704e+00 -5.0817162e+00 -5.1892785e+00 -5.2504162e+00 -5.3303077e+00 -5.3896506e+00 -5.4141611e+00 -5.3954785e+00 -5.4850112e+00 -5.5535887e+00 -5.5861795e+00 -5.6700318e+00 -5.6863042e+00 -5.7363087e+00 -5.7838324e+00 -5.8505255e+00 -5.9064851e+00 -5.9261072e+00 -5.8811374e+00 -5.7703151e+00 -5.5224581e+00 -5.1782557e+00 -4.8624747e+00 -4.6358593e+00 -4.3330446e+00
-2.2878681e+00 -2.2330177e+00 -2.2008618e+00 -2.1319137e+00 -2.0266611e+00 -1.9422657e+00 -1.8276392e+00 -1.8011432e+00 -1.5648060e+00 9.1914509e-01 2.6514994e+00 -1.2603301e+00 -1.7962753e+00 -2.0540375e+00 -2.2652518e+00 -2.5738042e+00 -2.8328104e+00 -3.0281406e+00 -3.5540334e+00 -3.9360873e+00 -4.2823978e+00 -4.5788487e+00 -4.7745486e+00 -4.8422288e+00 -4.9316839e+00 -5.0277880e+00 -5.1171629e+00 -5.2085902e+00 -5.3030038e+00 -5.3573949e+00 -5.4126028e+00 -5.4576898e+00 -5.4611117e+00 -5.5289882e+00 -5.6139521e+00 -5.6591045e+00 -5.7338492e+00 -5.7533244e+00 -5.7973893e+00 -5.8501766e+00 -5.8963511e+00 -5.9276286e+00 -5.9055593e+00 -5.8352904e+00 -5.7532877e+00 -5.5713841e+00 -5.4093552e+00 -5.3918486e+00 -5.2376727e+00 -5.0798189e+00
-2.5201996e+00 -2.4249044e+00 -2.3720083e+00 -2.2575097e+00 -2.1122721e+00 -2.0081642e+00 -1.8854881e+00 -1.7842503e+00 -1.6816529e+00 -7.9720588e-01 2.1408957e+00 2.8405535e+00 -1.3669665e+00 -2.0776197e+00 -2.3018378e+00 -2.6497001e+00 -2.9989554e+00 -3.2612796e+00 -3.7335030e+00 -4.0449591e+00 -4.3128187e+00 -4.5295331e+00 -4.6741275e+00 -4.8152052e+00 -4.9527697e+00 -5.0575367e+00 -5.1547233e+00 -5.2435812e+00 -5.3322317e+00 -5.4196404e+00 -5.4702235e+00 -5.4727885e+00 -5.5193059e+00 -5.5754932e+00 -5.6547602e+00 -5.7200312e+00 -5.7943415e+00 -5.8141050e+00 -5.8535330e+00 -5.8973533e+00 -5.9506760e+00 -5.9427682e+00 -5.9081276e+00 -5.8418303e+00 -5.8213949e+00 -5.8124479e+00 -5.7007485e+00 -5.5423772e+00 -5.3881372e+00 -5.3588984e+00
-2.8827753e+00 -2.7392699e+00 -2.6134042e+00 -2.4368669e+00 -2.2470515e+00 -2.1020518e+00 -1.9615797e+00 -1.8359864e+00 -1.7772638e+00 -1.7641225e+00 -5.1912741e-01 3.5021696e+00 -2.2546520e-01 -2.2410509e+00 -2.2868883e+00 -2.7163300e+00 -3.1776409e+00 -3.5171646e+00 -3.7528783e+00 -4.0989948e+00 -4.3317422e+00 -4.4870304e+00 -4.6542371e+00 -4.7975014e+00 -4.9408940e+00 -5.0703902e+00 -5.1647075e+00 -5.2683576e+00 -5.3652247e+00 -5.4549031e+00 -5.4997117e+00 -5.4942912e+00 -5.5646620e+00 -5.6228829e+00 -5.7112042e+00 -5.7767006e+00 -5.8341986e+00 -5.8404659e+00 -5.8848302e+00 -5.9517281e+00 -5.9671757e+00 -5.9687152e+00 -5.9462752e+00 -5.8867930e+00 -5.9151372e+00 -5.9304226e+00 -5.8603860e+00 -5.7076760e+00 -5.6664961e+00 -5.6095483e+00
-3.3421709e+00 -3.1269043e+00 -2.9294195e+00 -2.6958719e+00 -2.4501929e+00 -2.2268514e+00 -2.0565510e+00 -1.9248379e+00 -1.8032801e+00 -1.8074953e+00 -1.4082294e+00 1.4181095e+00 3.2760462e+00 -1.9523493e+00 -2.2608735e+00 -2.6371458e+00 -3.1083996e+00 -3.5319164e+00 -3.8226796e+00 -4.0320095e+00 -4.2673741e+00 -4.4641121e+00 -4.6238363e+00 -4.7941295e+00 -4.9271420e+00 -5.0541483e+00 -5.1818706e+00 -5.2928993e+00 -5.3865431e+00 -5.4505863e+00 -5.4880365e+00 -5.5475312e+00 -5.6234190e+00 -5.6694281e+00 -5.7418525e+00 -5.7992346e+00 -5.8674783e+00 -5.8674019e+00 -5.9010592e+00 -5.9707775e+00 -6.0034560e+00 -6.0117651e+00 -6.0045158e+00 -5.9287186e+00 -5.9169403e+00 -5.9367991e+00 -5.9157258e+00 -5.9117208e+00 -5.8716740e+00 -5.7956479e+00
-3.7639042e+00 -3.4819047e+00 -3.2211893e+00 -2.9062541e+00 -2.5869229e+00 -2.3089281e+00 -2.0989889e+00 -1.9581971e+00 -1.8485120e+00 -1.7887688e+00 -1.6465032e+00 -1.7538762e-01 3.7899359e+00 4.8393686e-01 -2.3029902e+00 -2.4756671e+00 -2.9370565e+00 -3.3613553e+00 -3.7028995e+00 -4.0221584e+00 -4.1685766e+00 -4.3830507e+00 -4.5862322e+00 -4.7493215e+00 -4.9121334e+00 -5.0377112e+00 -5.1752906e+00 -5.3051093e+00 -5.3899349e+00 -5.3974822e+00 -5.4999506e+00 -5.6286962e+00 -5.6651973e+00 -5.6704414e+00 -5.7603912e+00 -5.8093195e+00 -5.8726503e+00 -5.9167823e+00 -5.9241004e+00 -5.9640907e+00 -6.0215375e+00 -6.0405545e+00 -6.0610634e+00 -6.0189724e+00 -6.0237296e+00 -6.0514571e+00 -6.0309066e+00 -6.0153475e+00 -5.9741798e+00 -5.8606908e+00
-4.1957949e+00 -3.8112557e+00 -3.4837755e+00 -3.0680424e+00 -2.6661849e+00 -2.3416755e+00 -2.1128745e+00 -1.9683947e+00 -1.8783672e+00 -1.7972394e+00 -1.7338145e+00 -1.6699416e+00 7.7963958e-01 3.6131014e+00 -1.2784669e+00 -2.3911430e+00 -2.7073474e+00 -3.1313378e+00 -3.4589089e+00 -3.8469473e+00 -4.1172443e+00 -4.2417741e+00 -4.4947866e+00 -4.6667969e+00 -4.8267460e+00 -5.0063097e+00 -5.1319333e+00 -5.2730157e+00 -5.3728365e+00 -5.3838798e+00 -5.5428594e+00 -5.6534157e+00 -5.6912008e+00 -5.6952455e+00 -5.7570897e+00 -5.8368534e+00 -5.8840785e+00 -5.9661411e+00 -5.9611746e+00 -5.9868047e+00 -6.0403693e+00 -6.0836285e+00 -6.1041053e+00 -6.0977730e+00 -6.1211722e+00 -6.1387407e+00 -6.1013608e+00 -6.0557584e+00 -6.0101947e+00 -5.9559338e+00
-4.6805691e+00 -4.2015356e+00 -3.7630140e+00 -3.2388323e+00 -2.7227712e+00 -2.3282997e+00 -2.0904130e+00 -2.0070401e+00 -1.9851946e+00 -1.8818607e+00 -1.8057402e+00 -1.8619327e+00 -1.4054600e+00 3.1649875e+00 2.1450542e+00 -2.0974999e+00 -2.5350737e+00 -2.8569270e+00 -3.1998907e+00 -3.5963259e+00 -3.9351804e+00 -4.1697970e+00 -4.3222366e+00 -4.5678205e+00 -4.7374149e+00 -4.9024441e+00 -5.0750043e+00 -5.2160234e+00 -5.3421174e+00 -5.3942339e+00 -5.5556347e+00 -5.6719292e+00 -5.7387835e+00 -5.7243663e+00 -5.7820061e+00 -5.8527498e+00 -5.9086333e+00 -5.9753967e+00 -5.9553527e+00 -6.0251741e+00 -6.0812873e+00 -6.1245262e+00 -6.1430521e+00 -6.1548549e+00 -6.1684572e+00 -6.1775332e+00 -6.1417831e+00 -6.1204455e+00 -6.0933966e+00 -6.0580424e+00
-5.2073446e+00 -4.6496151e+00 -4.0863841e+00 -3.4041123e+00 -2.7245827e+00 -2.1922829e+00 -1.9374891e+00 -1.7955795e+00 -1.5007375e+00 -1.9300506e+00 -2.0043933e+00 -1.9418938e+00 -1.8565647e+00 -1.3025239e-01 3.4255754e+00 1.0300718e+00 -2.3588261e+00 -2.5748590e+00 -2.9386461e+00 -3.3904577e+00 -3.7962691e+00 -4.1413237e+00 -4.2177120e+00 -4.3512720e+00 -4.5615851e+00 -4.7585400e+00 -4.9835325e+00 -5.1241742e+00 -5.2785063e+00 -5.3795368e+00 -5.4986283e+00 -5.6402647e+00 -5.7601417e+00 -5.7749241e+00 -5.8127883e+00 -5.8944147e+00 -5.9273372e+00 -5.9993246e+00 -5.9919217e+00 -6.0513760e+00 -6.1000905e+00 -6.1573874e+00 -6.1885375e+00 -6.1944552e+00 -6.1928508e+00 -6.1994034e+00 -6.2093053e+00 -6.1786673e+00 -6.1544617e+00 -6.1284511e+00
-5.7975011e+00 -5.1895718e+00 -4.4940926e+00 -3.5819966e+00 -2.6822543e+00 -1.8301425e+00 -9.7257726e-01 -8.9721839e-01 5.7325042e-01 -1.6865164e+00 -2.3339519e+00 -2.2484268e+00 -2.1256576e+00 -1.5117233e+00 1.5525234e+00 3.3267364e+00 -1.6671759e+00 -2.3794526e+00 -2.6794108e+00 -3.1251973e+00 -3.5749378e+00 -3.9780631e+00 -4.1881319e+00 -4.2333976e+00 -4.3591325e+00 -4.5622747e+00 -4.7939020e+00 -5.0116117e+00 -5.1899367e+00 -5.3619572e+00 -5.5348830e+00 -5.5922760e+00 -5.7072526e+00 -5.7617233e+00 -5.8392608e+00 -5.9117914e+00 -5.9507864e+00 -6.0337684e+00 -6.0345067e+00 -6.1080537e+00 -6.1707803e+00 -6.2023326e+00 -6.2446374e+00 -6.2385026e+00 -6.2142439e+00 -6.2176361e+00 -6.2497589e+00 -6.2337934e+00 -6.1759261e+00 -6.1517853e+00
-6.5036979e+00 -5.8028363e+00 -4.9856830e+00 -3.8516534e+00 -2.6781308e+00 -1.6192424e+00 -8.7558077e-01 -1.3976220e+00 -1.2505237e+00 -1.9705068e+00 -2.7569592e+00 -2.7398779e+00 -2.5501355e+00 -2.0316991e+00 -6.1482633e-01 2.4960692e+00 1.4531563e+00 -2.4590066e+00 -2.5371826e+00 -2.8376935e+00 -3.2950751e+00 -3.7111371e+00 -4.0330061e+00 -4.2007089e+00 -4.1664945e+00 -4.2516742e+00 -4.4793199e+00 -4.7615797e+00 -5.0152913e+00 -5.3188628e+00 -5.6212179e+00 -5.6677916e+00 -5.6807120e+00 -5.7520061e+00 -5.8315505e+00 -5.9182478e+00 -5.9768887e+00 -6.0612905e+00 -6.0680008e+00 -6.1156241e+00 -6.1799844e+00 -6.2380197e+00 -6.2951241e+00 -6.2561246e+00 -6.2234039e+00 -6.2090419e+00 -6.2342354e+00 -6.2447967e+00 -6.2346780e+00 -6.1883223e+00
-7.1805410e+00 -6.4312854e+00 -5.5222539e+00 -4.2177226e+00 -2.8388705e+00 -1.8772225e+00 -1.6934030e+00 -1.6311083e+00 -1.8794461e-01 -2.3937396e+00 -3.2650034e+00 -3.2993893e+00 -3.1474454e+00 -2.6900416e+00 -2.1374834e+00 -8.1287990e-01 2.9120125e+00 -5.2153089e-01 -2.3862810e+00 -2.6082229e+00 -3.0404484e+00 -3.4577119e+00 -3.7926149e+00 -4.0306718e+00 -4.0914190e+00 -3.9790545e+00 -4.0662366e+00 -4.3759002e+00 -4.7225671e+00 -5.0613188e+00 -5.2045129e+00 -5.4818180e+00 -5.6157501e+00 -5.6554062e+00 -5.7764095e+00 -5.8860297e+00 -5.9750452e+00 -6.0698823e+00 -6.1043440e+00 -6.1569380e+00 -6.2090308e+00 -6.2668749e+00 -6.3155334e+00 -6.2315056e+00 -6.1841682e+00 -6.1486603e+00 -6.1710333e+00 -6.2020115e+00 -6.2281827e+00 -6.2405620e+00
