visualization/geoclaw_output/topo_CC.asc
ncols     146
nrows     128
xllcorner -1.242151400000000e+02
yllcorner  4.173486100000000e+01
cellsize  2.777931034483439e-04
nodata_value       -9999
[rows 22 to 43 of 128, columns 50 to 99 of 146]
9.2190066e+00 9.1383581e+00 9.0783185e+00 9.0688259e+00 9.0683617e+00 9.0697991e+00 9.0608110e+00 9.0466273e+00 9.0706123e+00 9.1670393e+00 9.3482605e+00 9.5314793e+00 9.6197380e+00 9.6282224e+00 9.5806585e+00 9.4557413e+00 9.2439351e+00 8.9911635e+00 8.6951525e+00 8.3923928e+00 8.0084380e+00 7.6119126e+00 7.1270661e+00 6.6866107e+00 6.3999352e+00 6.3394221e+00 6.3714826e+00 6.3663765e+00 6.3027648e+00 6.1603280e+00 5.9848026e+00 5.9121582e+00 5.9273394e+00 5.9960004e+00 6.1725789e+00 6.3522013e+00 6.3706643e+00 6.1912649e+00 5.9069483e+00 5.5883767e+00 5.2806015e+00 4.9583660e+00 4.6730251e+00 4.3800893e+00 4.1123585e+00 3.8449275e+00 3.5847564e+00 3.3620052e+00 3.2915274e+00 3.2597575e+00
9.5341141e+00 9.2393963e+00 9.1077217e+00 8.9868008e+00 8.9030049e+00 8.8553964e+00 8.8194318e+00 8.7997505e+00 8.8593760e+00 8.9445047e+00 9.1179702e+00 9.2620910e+00 9.3267752e+00 9.3202178e+00 9.3138014e+00 9.2012676e+00 9.0229235e+00 8.7781111e+00 8.5126334e+00 8.1846524e+00 7.8053570e+00 7.4602061e+00 7.1076083e+00 6.7670834e+00 6.4264210e+00 6.2406074e+00 6.1184244e+00 6.0922981e+00 6.0596079e+00 5.9522477e+00 5.8205841e+00 5.7551570e+00 5.7885689e+00 5.8006739e+00 5.9593497e+00 6.0980853e+00 6.0876126e+00 5.9403708e+00 5.6634364e+00 5.3853844e+00 5.0835973e+00 4.7478117e+00 4.4526821e+00 4.2272745e+00 3.9893988e+00 3.7776672e+00 3.5690199e+00 3.3633536e+00 3.2938971e+00 3.2576468e+00
1.0083501e+01 9.5046441e+00 9.2203672e+00 9.0367121e+00 8.8661781e+00 8.7403655e+00 8.6723112e+00 8.6442554e+00 8.6631137e+00 8.7654041e+00 8.8805996e+00 8.9578115e+00 9.0187283e+00 9.0131161e+00 8.9782133e+00 8.8832660e+00 8.7285015e+00 8.5305224e+00 8.2586468e+00 7.9629700e+00 7.6535038e+00 7.3984644e+00 7.1528836e+00 6.8365900e+00 6.5177859e+00 6.2693434e+00 6.0661819e+00 5.9553826e+00 5.8763749e+00 5.7454671e+00 5.6474865e+00 5.5849020e+00 5.5796724e+00 5.6261453e+00 5.7242035e+00 5.7237417e+00 5.6474274e+00 5.5342323e+00 5.3321836e+00 5.0996974e+00 4.7993614e+00 4.5553835e+00 4.3195792e+00 4.1102611e+00 3.9138631e+00 3.6841239e+00 3.4644916e+00 3.3206103e+00 3.2938316e+00 3.2572523e+00
1.0766232e+01 1.0004984e+01 9.4682557e+00 9.2054457e+00 8.9028083e+00 8.7094239e+00 8.5809685e+00 8.4839685e+00 8.4741013e+00 8.5160871e+00 8.5394869e+00 8.6048153e+00 8.6527250e+00 8.6573340e+00 8.5696033e+00 8.4766078e+00 8.3720759e+00 8.1803804e+00 7.9534833e+00 7.7348934e+00 7.5329539e+00 7.3686702e+00 7.1568683e+00 6.9253720e+00 6.6471589e+00 6.3814766e+00 6.1570132e+00 5.9487464e+00 5.7831338e+00 5.6257323e+00 5.5239065e+00 5.4469671e+00 5.4477233e+00 5.4670848e+00 5.4786760e+00 5.3634132e+00 5.2902910e+00 5.1122438e+00 4.9937941e+00 4.7672386e+00 4.5626845e+00 4.3445193e+00 4.1458891e+00 3.9330630e+00 3.7418643e+00 3.5445552e+00 3.3671340e+00 3.2960753e+00 3.2938451e+00 3.2594888e+00
1.1623012e+01 1.0639632e+01 9.8522414e+00 9.3722352e+00 8.9922892e+00 8.6779906e+00 8.4646981e+00 8.3171596e+00 8.2958392e+00 8.2289036e+00 8.2131819e+00 8.2648772e+00 8.2805231e+00 8.2153849e+00 8.1142458e+00 8.0296115e+00 7.9425784e+00 7.8277074e+00 7.6811919e+00 7.4992824e+00 7.3216746e+00 7.1828981e+00 7.0586838e+00 6.9010974e+00 6.7051243e+00 6.4740271e+00 6.2438899e+00 6.0057822e+00 5.7789298e+00 5.6025561e+00 5.4604583e+00 5.3597048e+00 5.2934270e+00 5.2698558e+00 5.1608062e+00 5.0938413e+00 5.0258792e+00 4.8299775e+00 4.6924307e+00 4.5282985e+00 4.3168614e+00 4.1750263e+00 4.0376557e+00 3.8317501e+00 3.6214214e+00 3.4272931e+00 3.3059915e+00 3.2952456e+00 3.2939524e+00 3.2628115e+00
1.2379881e+01 1.1245845e+01 1.0110700e+01 9.4641476e+00 9.0097719e+00 8.5242523e+00 8.1986580e+00 8.0111129e+00 7.9476789e+00 7.9836832e+00 7.9264399e+00 7.9130229e+00 7.9100786e+00 7.8195527e+00 7.7633402e+00 7.6861850e+00 7.5636221e+00 7.4749677e+00 7.3881879e+00 7.2331568e+00 7.0966887e+00 6.9528528e+00 6.8086989e+00 6.6901498e+00 6.6020656e+00 6.4435390e+00 6.2383896e+00 6.0067537e+00 5.7750840e+00 5.5572578e+00 5.3928107e+00 5.2570671e+00 5.1713627e+00 5.0548892e+00 4.9237062e+00 4.8847523e+00 4.7925846e+00 4.5903594e+00 4.4467409e+00 4.3175831e+00 4.1659956e+00 4.0192795e+00 3.8879959e+00 3.7642696e+00 3.5700861e+00 3.3625948e+00 3.2981036e+00 3.2953528e+00 3.2940401e+00 3.2637698e+00
1.1604245e+01 1.1200039e+01 9.6236664e+00 9.0056378e+00 8.4196032e+00 7.8715916e+00 7.6794214e+00 7.6358065e+00 7.6212492e+00 7.6178849e+00 7.5930021e+00 7.5856692e+00 7.5063828e+00 7.4507051e+00 7.4594420e+00 7.4026467e+00 7.2801140e+00 7.1673045e+00 7.0709198e+00 6.9743973e+00 6.8626094e+00 6.7276642e+00 6.5675346e+00 6.4282544e+00 6.3394407e+00 6.2465776e+00 6.1014629e+00 5.8993476e+00 5.6914509e+00 5.4570420e+00 5.2592187e+00 5.1286597e+00 5.0384941e+00 4.8530798e+00 4.7440529e+00 4.7016923e+00 4.6208398e+00 4.4038909e+00 4.2452326e+00 4.1430151e+00 4.0699789e+00 3.9482126e+00 3.7807303e+00 3.6333576e+00 3.4916057e+00 3.3445124e+00 3.2969356e+00 3.2954600e+00 3.2934179e+00 3.2532477e+00
7.5120585e+00 8.9115648e+00 8.5572408e+00 7.8219638e+00 7.2024311e+00 6.9572518e+00 7.1590070e+00 7.2551510e+00 7.2226228e+00 7.1579002e+00 7.1857054e+00 7.1737711e+00 7.1889694e+00 7.2228021e+00 7.2090465e+00 7.1177999e+00 7.0131668e+00 6.8961015e+00 6.7756239e+00 6.6784378e+00 6.6009710e+00 6.5199789e+00 6.4000827e+00 6.2318531e+00 6.1016163e+00 5.9843122e+00 5.8633667e+00 5.7132172e+00 5.5562950e+00 5.3487076e+00 5.1800444e+00 5.0277350e+00 4.8785346e+00 4.7363569e+00 4.6232027e+00 4.5458775e+00 4.4659434e+00 4.2963248e+00 4.1302398e+00 4.0630234e+00 3.9708485e+00 3.8663334e+00 3.7191866e+00 3.5599551e+00 3.4098216e+00 3.3076287e+00 3.2968599e+00 3.2955672e+00 3.2942436e+00 3.2766738e+00
4.4810474e+00 5.7325252e+00 6.4722072e+00 6.4490090e+00 6.1278486e+00 6.4044175e+00 6.7859528e+00 6.8630234e+00 6.8256430e+00 6.7822222e+00 6.7732966e+00 6.7841856e+00 6.9388452e+00 7.0509684e+00 7.0544580e+00 6.9432425e+00 6.8024432e+00 6.6663447e+00 6.5322001e+00 6.4055084e+00 6.3340222e+00 6.2563220e+00 6.1742760e+00 6.0363658e+00 5.8901969e+00 5.7448069e+00 5.5971936e+00 5.4770931e+00 5.3477787e+00 5.1660654e+00 5.0191625e+00 4.8791793e+00 4.7221298e+00 4.5827073e+00 4.4671864e+00 4.3900997e+00 4.3149105e+00 4.1849561e+00 4.0880641e+00 3.9761280e+00 3.8664715e+00 3.7624651e+00 3.6410611e+00 3.4875272e+00 3.3576215e+00 3.2989919e+00 3.2969669e+00 3.2956744e+00 3.2943819e+00 3.2952333e+00
2.7765620e+00 3.5023813e+00 4.2239400e+00 4.6307452e+00 5.0525060e+00 5.8241186e+00 6.1962776e+00 6.2773951e+00 6.2181391e+00 5.8436714e+00 5.5705240e+00 6.2337023e+00 6.7507117e+00 6.9338850e+00 6.9854402e+00 6.9257464e+00 6.7513077e+00 6.5452114e+00 6.3597360e+00 6.1979675e+00 6.0948580e+00 6.0149539e+00 5.9171518e+00 5.7986427e+00 5.6588753e+00 5.5251863e+00 5.3661473e+00 5.2644553e+00 5.1401559e+00 4.9340023e+00 4.7552187e+00 4.6415034e+00 4.5452927e+00 4.4322029e+00 4.3135346e+00 4.2244739e+00 4.1254438e+00 4.0367705e+00 3.9923061e+00 3.8882102e+00 3.7898859e+00 3.6777172e+00 3.5444051e+00 3.3909545e+00 3.3060825e+00 3.2982999e+00 3.2970740e+00 3.2957816e+00 3.2944893e+00 3.2921332e+00
2.4616585e+00 2.4806327e+00 2.8247326e+00 3.1570651e+00 3.8674708e+00 4.3832631e+00 4.7131124e+00 4.9338616e+00 4.4738128e+00 3.3262300e+00 2.7851337e+00 5.3104525e+00 6.7615582e+00 6.8876357e+00 6.9178411e+00 6.8677314e+00 6.7663646e+00 6.5719555e+00 6.3895939e+00 6.1802611e+00 5.9909293e+00 5.8594380e+00 5.7350430e+00 5.5817073e+00 5.4660691e+00 5.3104808e+00 5.1393885e+00 5.0075556e+00 4.9175702e+00 4.7210706e+00 4.5486171e+00 4.4497092e+00 4.3871452e+00 4.2873749e+00 4.1910135e+00 4.0443686e+00 3.9282023e+00 3.8487899e+00 3.8189734e+00 3.7690090e+00 3.7365758e+00 3.6403998e+00 3.5073169e+00 3.3466951e+00 3.3006571e+00 3.2985484e+00 3.2971810e+00 3.2958888e+00 3.2945966e+00 3.2924272e+00
6.3506125e+00 4.3099966e+00 3.3334265e+00 3.1789591e+00 3.6967836e+00 3.4206768e+00 3.2986118e+00 3.5219353e+00 3.3144218e+00 2.8480124e+00 3.7158604e+00 6.4366425e+00 6.8673608e+00 6.8181622e+00 6.8355734e+00 6.8226982e+00 6.7687114e+00 6.6475660e+00 6.4570025e+00 6.2711839e+00 6.0411186e+00 5.8287284e+00 5.6243050e+00 5.4376688e+00 5.2576090e+00 5.0933438e+00 4.9037439e+00 4.7793263e+00 4.6745662e+00 4.5054492e+00 4.3801469e+00 4.2694555e+00 4.2125815e+00 4.1342058e+00 4.0446722e+00 3.8922362e+00 3.7331152e+00 3.5833292e+00 3.5329490e+00 3.5823162e+00 3.6340562e+00 3.5952399e+00 3.4936343e+00 3.3477269e+00 3.2982446e+00 3.2984386e+00 3.2972881e+00 3.2959960e+00 3.2947040e+00 3.2932877e+00
1.1518839e+01 9.7253161e+00 7.9880311e+00 6.4254399e+00 4.9799981e+00 3.4905094e+00 2.7389721e+00 2.6837107e+00 2.6022552e+00 2.8767593e+00 4.6647442e+00 6.5111036e+00 6.5681916e+00 6.5542626e+00 6.6216334e+00 6.7478939e+00 6.7382811e+00 6.6422539e+00 6.5065493e+00 6.3472916e+00 6.0993801e+00 5.8176867e+00 5.5036225e+00 5.2452531e+00 5.0597871e+00 4.8993220e+00 4.6728150e+00 4.5353533e+00 4.4432900e+00 4.2983142e+00 4.1881849e+00 4.0766542e+00 3.9988391e+00 3.9497186e+00 3.8714804e+00 3.7472782e+00 3.5916112e+00 3.4075285e+00 3.3380096e+00 3.3627392e+00 3.4142466e+00 3.4693136e+00 3.4329155e+00 3.3304772e+00 3.3046160e+00 3.2990903e+00 3.2973951e+00 3.2961032e+00 3.2948113e+00 3.2966958e+00
1.2719945e+01 1.1687385e+01 1.0453446e+01 9.7219963e+00 8.3357809e+00 6.2643911e+00 4.1948805e+00 2.9151182e+00 2.5845598e+00 3.1687590e+00 4.4812525e+00 5.5805631e+00 5.9131453e+00 6.0799433e+00 6.4547836e+00 6.6422656e+00 6.6142517e+00 6.5536165e+00 6.4607337e+00 6.3538090e+00 6.0731052e+00 5.7260797e+00 5.3772242e+00 5.1021167e+00 4.8679802e+00 4.6554428e+00 4.4456316e+00 4.3078100e+00 4.1908639e+00 4.0637870e+00 3.9578828e+00 3.8587523e+00 3.7667533e+00 3.7188466e+00 3.6616183e+00 3.6229325e+00 3.4832667e+00 3.3408576e+00 3.3076497e+00 3.3066357e+00 3.3100408e+00 3.3324459e+00 3.3250993e+00 3.3031381e+00 3.3031087e+00 3.2990568e+00 3.2975022e+00 3.2962104e+00 3.2949187e+00 3.2914047e+00
1.2798585e+01 1.2525820e+01 1.2370293e+01 1.2231243e+01 1.1695333e+01 1.0333313e+01 7.6368568e+00 4.6236781e+00 2.9024148e+00 2.9350033e+00 3.6246739e+00 4.4152558e+00 5.0206980e+00 5.5173348e+00 6.0465543e+00 6.3124796e+00 6.3391421e+00 6.3039218e+00 6.1350508e+00 6.0347545e+00 5.7957926e+00 5.4653327e+00 5.1171266e+00 4.8019331e+00 4.5290401e+00 4.3779988e+00 4.2057638e+00 4.0720120e+00 3.9538598e+00 3.8277436e+00 3.7180063e+00 3.6112815e+00 3.5208760e+00 3.4404852e+00 3.4474097e+00 3.4423220e+00 3.3731473e+00 3.3130048e+00 3.3077281e+00 3.3065220e+00 3.3062547e+00 3.3040667e+00 3.3027756e+00 3.3014840e+00 3.2992708e+00 3.2988207e+00 3.2976093e+00 3.2963177e+00 3.2950261e+00 3.2939533e+00
1.3082310e+01 1.3028650e+01 1.3031466e+01 1.3012954e+01 1.2904193e+01 1.2615355e+01 1.1169248e+01 7.5003194e+00 4.1458478e+00 2.8557860e+00 3.1150004e+00 3.6611181e+00 4.3099187e+00 4.8476996e+00 5.2299768e+00 5.5350765e+00 5.6863373e+00 5.7107307e+00 5.6159081e+00 5.4713307e+00 5.2880481e+00 5.0476658e+00 4.7414872e+00 4.5196268e+00 4.3275544e+00 4.1673818e+00 4.0006486e+00 3.8555823e+00 3.7194821e+00 3.5835224e+00 3.4875953e+00 3.3883698e+00 3.3368404e+00 3.3169333e+00 3.3217804e+00 3.3254476e+00 3.3125811e+00 3.3090423e+00 3.3078364e+00 3.3066305e+00 3.3043750e+00 3.3041755e+00 3.3028845e+00 3.3015931e+00 3.3013239e+00 3.2990991e+00 3.2977188e+00 3.2964274e+00 3.2951360e+00 3.2948462e+00
1.3433054e+01 1.3344697e+01 1.3253973e+01 1.3149341e+01 1.3054742e+01 1.2887509e+01 1.2690831e+01 1.0821498e+01 6.7562266e+00 3.6286149e+00 2.9467953e+00 3.3223035e+00 3.8607640e+00 3.9718363e+00 4.2465094e+00 4.5231679e+00 4.7003057e+00 4.8372011e+00 4.8990265e+00 4.7681708e+00 4.6489872e+00 4.5148200e+00 4.3654164e+00 4.2499812e+00 4.0786711e+00 3.9148762e+00 3.7370536e+00 3.6132066e+00 3.4799883e+00 3.3760194e+00 3.3319635e+00 3.3146501e+00 3.3151815e+00 3.3139758e+00 3.3127701e+00 3.3085550e+00 3.3100969e+00 3.3091529e+00 3.3079471e+00 3.3067414e+00 3.3043619e+00 3.3042867e+00 3.3029959e+00 3.3017046e+00 3.2996499e+00 3.2990557e+00 3.2978308e+00 3.2965396e+00 3.2952483e+00 3.2939571e+00
1.3610020e+01 1.3469584e+01 1.3354564e+01 1.3242910e+01 1.3109693e+01 1.2978524e+01 1.2819632e+01 1.2450968e+01 9.5840572e+00 6.0092096e+00 4.5232079e+00 4.3335108e+00 4.2947235e+00 3.6754775e+00 3.6012374e+00 3.7228252e+00 3.8573474e+00 4.1493457e+00 4.2862335e+00 4.1518541e+00 4.0702332e+00 4.0773734e+00 4.0386399e+00 3.9102638e+00 3.7386700e+00 3.5750924e+00 3.4507951e+00 3.3744714e+00 3.3322149e+00 3.3193384e+00 3.3177025e+00 3.3154953e+00 3.3152914e+00 3.3140858e+00 3.3128802e+00 3.3099761e+00 3.3103213e+00 3.3092635e+00 3.3080579e+00 3.3068523e+00 3.3058178e+00 3.3043980e+00 3.3031073e+00 3.3018162e+00 3.3005823e+00 3.2992390e+00 3.2979429e+00 3.2966518e+00 3.2953607e+00 3.2969501e+00
1.3650315e+01 1.3529705e+01 1.3420405e+01 1.3303259e+01 1.3202760e+01 1.3090078e+01 1.2914131e+01 1.2776425e+01 1.1574340e+01 8.5143148e+00 7.1342160e+00 6.5521044e+00 5.9554446e+00 4.1757934e+00 3.5399569e+00 3.5363636e+00 3.5678610e+00 3.7160686e+00 3.6844827e+00 3.6047121e+00 3.6267447e+00 3.6904497e+00 3.7604800e+00 3.6491166e+00 3.4293083e+00 3.3486153e+00 3.3254990e+00 3.3215877e+00 3.3202228e+00 3.3190174e+00 3.3178120e+00 3.3176082e+00 3.3154012e+00 3.3141958e+00 3.3129904e+00 3.3148080e+00 3.3108425e+00 3.3093741e+00 3.3081687e+00 3.3069633e+00 3.3066967e+00 3.3045093e+00 3.3032188e+00 3.3019278e+00 3.3041336e+00 3.2757325e+00 3.2341194e+00 3.2432103e+00 3.3083918e+00 3.2905635e+00
1.3518746e+01 1.3482607e+01 1.3381864e+01 1.3266376e+01 1.3189807e+01 1.3132561e+01 1.2980468e+01 1.2832438e+01 1.2542053e+01 1.0303014e+01 8.4693174e+00 7.6370015e+00 6.8186249e+00 4.9904129e+00 3.6450003e+00 3.5479899e+00 3.5210451e+00 3.3977268e+00 3.3500061e+00 3.3459192e+00 3.3523038e+00 3.3917301e+00 3.4444631e+00 3.4148412e+00 3.3351397e+00 3.3239615e+00 3.3225846e+00 3.3215236e+00 3.3203320e+00 3.3191268e+00 3.3179215e+00 3.3147132e+00 3.3155110e+00 3.3143058e+00 3.3131005e+00 3.3176552e+00 3.3111910e+00 3.3094848e+00 3.3082795e+00 3.3071750e+00 3.3021233e+00 3.3062443e+00 3.3037661e+00 3.3003231e+00 3.2384762e+00 3.0660596e+00 3.0052539e+00 3.0197807e+00 3.2665846e+00 3.2920769e+00
1.3323221e+01 1.3289410e+01 1.3247607e+01 1.3178810e+01 1.3113994e+01 1.3053778e+01 1.2969635e+01 1.2900069e+01 1.2776266e+01 1.1761116e+01 9.1336102e+00 8.1258811e+00 7.1192403e+00 5.8125306e+00 4.4450442e+00 3.7114262e+00 3.4034556e+00 3.3377233e+00 3.3356753e+00 3.3312871e+00 3.3300820e+00 3.3290966e+00 3.3276394e+00 3.3272770e+00 3.3252754e+00 3.3240565e+00 3.3226936e+00 3.3216326e+00 3.3204412e+00 3.3192361e+00 3.3180311e+00 3.3158869e+00 3.3156209e+00 3.3145955e+00 3.3145499e+00 3.3155418e+00 3.3111758e+00 3.3097159e+00 3.3101535e+00 3.3136466e+00 3.1575654e+00 3.1554838e+00 3.1716764e+00 3.1482066e+00 3.0341761e+00 2.9999807e+00 2.9982791e+00 3.0386063e+00 3.2823814e+00 3.2966602e+00
1.3013081e+01 1.2982109e+01 1.2987561e+01 1.2972357e+01 1.2987082e+01 1.2947388e+01 1.2892918e+01 1.2832951e+01 1.2740788e+01 1.2426504e+01 1.0024191e+01 8.5436573e+00 7.6379423e+00 6.6296340e+00 5.4484274e+00 4.0321363e+00 3.3931265e+00 3.3333722e+00 3.3300074e+00 3.3313948e+00 3.3301899e+00 3.3289850e+00 3.3266067e+00 3.3265751e+00 3.3253702e+00 3.3241652e+00 3.3240398e+00 3.3218493e+00 3.3205504e+00 3.3193455e+00 3.3181406e+00 3.3219759e+00 3.3180529e+00 3.3494670e+00 3.3900432e+00 3.3620626e+00 3.3302748e+00 3.3370305e+00 3.3754501e+00 3.4145871e+00 3.0994053e+00 3.0048431e+00 3.0053466e+00 3.0033897e+00 2.9991865e+00 2.9995263e+00 2.9989687e+00 3.0824565e+00 3.2837646e+00 3.2935806e+00
