visualization/geoclaw_output/topo_CC.asc
ncols     146
nrows     128
xllcorner -1.242151400000000e+02
yllcorner  4.173486100000000e+01
cellsize  2.777931034483439e-04
nodata_value       -9999
[rows 66 to 87 of 128, columns 0 to 49 of 146]
2.5522904e+00 2.7779597e+00 3.4407307e+00 4.0155967e+00 5.3174731e+00 8.7738397e+00 1.4297471e+01 1.6633804e+01 1.6852931e+01 1.6793047e+01 1.6578431e+01 1.6373437e+01 1.5673485e+01 1.5211376e+01 1.5056877e+01 1.4786252e+01 1.4579047e+01 1.4094614e+01 1.4157666e+01 1.3977752e+01 1.3547256e+01 1.3413528e+01 1.3878047e+01 1.3283324e+01 1.3090953e+01 1.3150133e+01 1.3264786e+01 1.3315284e+01 1.3467522e+01 1.3493347e+01 1.3138110e+01 1.2657523e+01 1.2320183e+01 1.1626419e+01 1.1188671e+01 1.1009317e+01 1.0780278e+01 1.0489922e+01 1.0301374e+01 1.0095368e+01 9.5544904e+00 9.1108792e+00 8.8648839e+00 8.6890394e+00 8.5624001e+00 8.5832685e+00 8.6694677e+00 8.6846419e+00 8.4474040e+00 7.7580844e+00
2.9214657e+00 2.7869936e+00 2.2140299e+00 2.2925968e+00 2.7499263e+00 4.8485763e+00 8.3583816e+00 1.2962620e+01 1.5182031e+01 1.6167028e+01 1.6277999e+01 1.6379402e+01 1.6153788e+01 1.6224622e+01 1.5157909e+01 1.5009071e+01 1.4705633e+01 1.4487246e+01 1.4256083e+01 1.4033547e+01 1.3243114e+01 1.2931355e+01 1.3286070e+01 1.3233099e+01 1.2882033e+01 1.2825154e+01 1.2941523e+01 1.3081539e+01 1.3623883e+01 1.4503962e+01 1.3192038e+01 1.2821965e+01 1.2550416e+01 1.2210980e+01 1.1526717e+01 1.0934595e+01 1.0704719e+01 1.0363665e+01 1.0997998e+01 1.0426454e+01 9.5103954e+00 8.9547375e+00 8.5643288e+00 8.3358764e+00 8.2947739e+00 8.3249613e+00 8.4509361e+00 8.5985104e+00 8.3922845e+00 7.8517012e+00
3.0084637e+00 2.5178612e+00 1.2040595e+00 4.8898437e-01 2.3705012e-01 5.4648768e-01 1.3423470e+00 3.2484097e+00 7.1418239e+00 9.9230233e+00 1.0634829e+01 1.4720473e+01 1.5873291e+01 1.5963522e+01 1.5677193e+01 1.5116889e+01 1.4715278e+01 1.4204215e+01 1.3903633e+01 1.3647898e+01 1.3587163e+01 1.2752962e+01 1.2702244e+01 1.2794308e+01 1.2656791e+01 1.2530572e+01 1.2175370e+01 1.2298553e+01 1.2681152e+01 1.2672400e+01 1.2728568e+01 1.2646627e+01 1.2812773e+01 1.3321161e+01 1.1820937e+01 1.0821955e+01 1.0503460e+01 1.0067712e+01 1.1062052e+01 1.0914344e+01 9.6749060e+00 8.9392395e+00 8.4908838e+00 8.2659236e+00 8.5410209e+00 8.4252751e+00 7.9569163e+00 8.3148087e+00 7.7993906e+00 7.7253521e+00
3.0163290e+00 9.6443357e-01 -1.0636158e+00 -1.3304853e+00 -1.3828588e+00 -1.4358594e+00 -9.3795504e-01 6.1953943e-03 8.4646265e-01 1.1673443e+00 3.6122591e+00 7.4584355e+00 1.4488699e+01 1.5613257e+01 1.5347521e+01 1.5144793e+01 1.4472705e+01 1.4060113e+01 1.3768123e+01 1.3740920e+01 1.3386047e+01 1.2631406e+01 1.2287766e+01 1.2340281e+01 1.2537016e+01 1.3059689e+01 1.1981409e+01 1.1826707e+01 1.1893149e+01 1.2054867e+01 1.2245957e+01 1.2223219e+01 1.2066551e+01 1.2742233e+01 1.1458185e+01 1.1335013e+01 1.1021074e+01 9.9226574e+00 9.7002549e+00 9.8606057e+00 9.0386532e+00 8.7794368e+00 8.2323050e+00 8.1326301e+00 8.8629487e+00 8.2919265e+00 7.6620727e+00 7.3740291e+00 7.4152821e+00 7.6424739e+00
1.4389330e+00 -1.2581495e+00 -1.4423739e+00 -1.5770314e+00 -1.6364545e+00 -1.5652661e+00 -1.1461295e+00 -7.6640650e-01 -1.4749349e+00 -9.2511531e-01 8.4472303e-01 3.7916076e+00 1.4113977e+01 1.5377279e+01 1.5320048e+01 1.4892942e+01 1.4576773e+01 1.4063621e+01 1.3665618e+01 1.3545717e+01 1.3169815e+01 1.2679440e+01 1.2387561e+01 1.1854090e+01 1.1780023e+01 1.1675612e+01 1.1728151e+01 1.1619936e+01 1.1434514e+01 1.1481866e+01 1.1539599e+01 1.1673233e+01 1.1477531e+01 1.1489079e+01 1.1984545e+01 1.1716910e+01 1.1222852e+01 9.9473581e+00 9.3360990e+00 8.9281414e+00 9.0549839e+00 9.3955933e+00 8.2665070e+00 7.5304026e+00 7.4468947e+00 7.5445742e+00 7.2704966e+00 7.1881105e+00 7.0509951e+00 7.1275616e+00
-1.1890088e+00 5.8586847e-01 -4.8171216e-01 -1.4660781e+00 -1.6501077e+00 -3.2805279e-01 -7.5631117e-01 -9.0228822e-01 -1.7193029e+00 -1.0649904e+00 1.2711417e+00 8.1355272e+00 1.5293499e+01 1.5112750e+01 1.4851134e+01 1.4553536e+01 1.4275108e+01 1.4066564e+01 1.5108062e+01 1.4257026e+01 1.4628173e+01 1.3911172e+01 1.2221513e+01 1.1666127e+01 1.1264785e+01 1.1364079e+01 1.1734622e+01 1.1805836e+01 1.1461127e+01 1.1037258e+01 1.1005958e+01 1.1014526e+01 1.1153763e+01 1.1224593e+01 1.1064722e+01 1.0966700e+01 1.0473445e+01 9.5774985e+00 9.0529563e+00 8.4434430e+00 8.9515975e+00 1.1184194e+01 9.2413628e+00 7.3290423e+00 6.8345142e+00 6.8833906e+00 7.6734807e+00 9.1396991e+00 6.9330864e+00 6.4090344e+00
-1.2898476e+00 -5.5664235e-02 -8.1730107e-01 -6.3138676e-01 -1.6776979e+00 -1.7896893e+00 -1.7103637e+00 -1.7047346e+00 -1.7196534e+00 -7.9758440e-01 1.9788486e+00 8.1048307e+00 1.0877223e+01 1.0423847e+01 9.0631830e+00 1.0184639e+01 1.1627789e+01 1.1985649e+01 1.3024885e+01 1.3206172e+01 1.2890648e+01 1.2243311e+01 1.1544667e+01 1.1248074e+01 1.1302035e+01 1.0759134e+01 1.1090434e+01 1.1136318e+01 1.0770196e+01 1.0780329e+01 1.0716452e+01 1.0614561e+01 1.0697744e+01 1.0875350e+01 1.0617019e+01 1.0554608e+01 1.0066109e+01 9.4797804e+00 8.8390467e+00 8.1791071e+00 7.6852530e+00 8.6691856e+00 7.3032814e+00 6.8126134e+00 6.4838002e+00 6.0819304e+00 6.6818830e+00 7.4521801e+00 6.1795973e+00 5.9472292e+00
-1.5435045e+00 -1.3325469e+00 -1.4814048e+00 -1.4019555e+00 -1.6977665e+00 -1.7708690e+00 -1.8004375e+00 -1.8335675e+00 -1.6077830e+00 -5.5125507e-02 7.8755789e-01 1.3428168e+00 1.5108724e+00 1.1661003e+00 9.1369261e-01 9.4411445e-01 1.4376109e+00 1.9292887e+00 3.1653136e+00 6.1295318e+00 8.1870177e+00 8.6710212e+00 9.0414354e+00 9.5103948e+00 1.0420588e+01 1.0100359e+01 1.0280710e+01 1.0416598e+01 1.0657262e+01 1.0808597e+01 1.0603024e+01 1.0431341e+01 1.0369666e+01 1.0463121e+01 1.0726227e+01 1.0206920e+01 9.9072760e+00 1.0172759e+01 9.0664919e+00 8.1100500e+00 7.5414746e+00 7.0919745e+00 6.8730505e+00 6.4418188e+00 6.0883249e+00 5.7303535e+00 5.3426263e+00 5.6062779e+00 5.6222255e+00 5.5154365e+00
-2.3482871e+00 -1.6333583e+00 -1.4936316e+00 -1.5480332e+00 -1.7035992e+00 -1.8951653e+00 -1.9996758e+00 -2.0432848e+00 -1.9313816e+00 -1.6104428e+00 -1.3323344e+00 -1.1895279e+00 -1.1123950e+00 -1.2041790e+00 -1.4038106e+00 -1.2530534e+00 -1.2564192e+00 -1.2270833e+00 -9.3488285e-01 -5.4519969e-01 -1.6108926e-01 9.7026489e-01 1.8110233e+00 3.0284545e+00 4.0060266e+00 6.1246351e+00 1.0772683e+01 1.0635805e+01 1.0675948e+01 1.0866406e+01 1.0640782e+01 1.0407302e+01 1.0202697e+01 1.0597424e+01 1.0047097e+01 9.5486373e+00 9.5651577e+00 9.2241500e+00 8.7040892e+00 8.7737648e+00 8.9725662e+00 7.2659071e+00 6.2968349e+00 6.0741014e+00 5.6247698e+00 5.4072009e+00 5.1736053e+00 5.1781489e+00 5.2829646e+00 5.1880019e+00
-3.3631990e+00 -2.1074614e+00 -1.3593888e+00 -1.5303726e+00 -1.8270781e+00 -2.1715415e+00 -2.3831074e+00 -2.4367824e+00 -2.3850025e+00 -2.2530802e+00 -2.0693881e+00 -1.9595306e+00 -1.8615681e+00 -1.8102466e+00 -1.4311782e+00 -5.6323898e-01 -1.3762271e+00 -1.5776400e+00 -1.5161832e+00 -1.3854178e+00 -1.4283587e+00 -1.0493420e+00 -9.3354707e-01 -2.3425140e-01 -8.7723958e-01 1.1965951e+00 3.5606088e+00 9.7182699e+00 1.0263303e+01 1.0270168e+01 1.0248131e+01 1.1034886e+01 1.0665246e+01 1.0009061e+01 1.0306916e+01 9.1420179e+00 8.6446007e+00 8.3721372e+00 8.2410965e+00 9.1893795e+00 1.0263059e+01 7.2592422e+00 5.9094810e+00 5.5041642e+00 5.3355574e+00 5.6332312e+00 5.4528396e+00 4.6556487e+00 4.8492288e+00 4.7732325e+00
-4.5221940e+00 -2.6079465e+00 -1.2906838e+00 -7.9051579e-01 -1.4691052e+00 -2.7851753e+00 -2.9984695e+00 -3.0419004e+00 -2.9483831e+00 -2.7346195e+00 -2.4470707e+00 -2.1693216e+00 -1.9329251e+00 -1.7585838e+00 -9.7250141e-01 -4.0731861e-01 -8.8221957e-01 -1.4039818e+00 -9.4457269e-01 -1.0179262e+00 -1.1195762e+00 -7.2065991e-01 -1.2506512e+00 -1.1829724e+00 -1.2821273e+00 -1.2342933e+00 7.6303093e-02 2.7896451e+00 5.7405415e+00 9.0612848e+00 1.0019156e+01 1.0961855e+01 1.1054706e+01 9.9686952e+00 9.1834571e+00 8.7938955e+00 8.4123254e+00 8.5320333e+00 8.0895753e+00 8.0309892e+00 8.4539525e+00 6.7898262e+00 6.2858574e+00 5.2795400e+00 4.7161157e+00 5.0065550e+00 4.4956570e+00 4.4483812e+00 4.3756070e+00 4.4996578e+00
-6.6753848e+00 -4.0865460e+00 -1.7978502e+00 -1.1333466e+00 -2.6573236e+00 -3.7203914e+00 -3.8376283e+00 -3.8284896e+00 -3.6628309e+00 -3.3531859e+00 -2.9657399e+00 -2.5287052e+00 -2.1352899e+00 -1.8659014e+00 -1.4763172e+00 -9.3487797e-01 -1.4937852e+00 -1.6312955e+00 -1.3847389e+00 -1.2082481e+00 -1.4647326e+00 -1.2006043e+00 -1.2693202e+00 -1.2033262e+00 -1.2896494e+00 -1.4882130e+00 -2.7717708e-01 -6.9155811e-01 9.3889766e-01 3.5970796e+00 6.2465958e+00 9.5140472e+00 9.9439613e+00 9.5817496e+00 9.4200424e+00 8.7879580e+00 8.4515646e+00 8.7130752e+00 8.7882026e+00 7.0243962e+00 6.9594343e+00 7.9387279e+00 7.1422180e+00 5.0838821e+00 4.1195018e+00 4.1319651e+00 4.1696161e+00 4.2369999e+00 4.0499951e+00 4.1094659e+00
-8.5340730e+00 -6.7046423e+00 -5.8167028e+00 -4.2539798e+00 -4.8822598e+00 -4.7678929e+00 -4.7213851e+00 -4.5947817e+00 -4.3100241e+00 -3.9186558e+00 -3.3969391e+00 -2.8152933e+00 -2.2691358e+00 -1.9153265e+00 -1.5513479e+00 -7.9996668e-01 -1.5506478e+00 -1.6114812e+00 -1.9638828e+00 -1.7564178e+00 -1.2119932e+00 -1.2786765e+00 -6.7964696e-01 -1.1161321e+00 -8.2016540e-01 -4.3442207e-01 -1.0310861e+00 -1.2202489e+00 -1.3830655e+00 4.1754473e-02 2.2494108e+00 6.2348461e+00 9.0251437e+00 9.5013027e+00 1.0061399e+01 8.8879692e+00 8.1005957e+00 7.7455488e+00 7.5518101e+00 6.4304389e+00 6.3121307e+00 6.5171749e+00 6.0549753e+00 4.6576088e+00 3.9918371e+00 3.8606845e+00 3.9923103e+00 4.0806885e+00 3.9071688e+00 3.9118986e+00
-9.0778134e+00 -8.4064561e+00 -8.3456296e+00 -6.8228132e+00 -7.0991505e+00 -6.2077329e+00 -5.8509115e+00 -5.5757277e+00 -5.2073680e+00 -4.6946265e+00 -3.9498273e+00 -3.1346692e+00 -2.3984773e+00 -1.7645288e+00 -1.3288873e+00 -1.2145652e+00 -1.3296323e+00 -1.4587106e+00 -2.0098961e+00 -1.4008962e+00 -6.5774209e-01 -1.3839222e+00 -1.4265956e+00 -1.4685223e+00 -1.2019683e+00 -1.3305293e+00 -1.1896365e+00 -1.0767527e+00 -1.1194229e+00 -1.5879619e+00 -5.9553896e-01 1.2062992e+00 3.3999211e+00 5.9953283e+00 6.7904214e+00 7.4978610e+00 8.1839178e+00 7.4807126e+00 7.2111680e+00 6.6068464e+00 5.7520630e+00 5.4807778e+00 4.6510929e+00 4.2597728e+00 4.1923085e+00 4.1339337e+00 3.8653653e+00 3.9864081e+00 3.7010046e+00 3.4464523e+00
-9.7616982e+00 -9.5250581e+00 -9.2302477e+00 -8.6626153e+00 -8.1898429e+00 -7.5493581e+00 -7.1520889e+00 -6.7614405e+00 -6.4967106e+00 -5.9516844e+00 -4.7693297e+00 -3.4999366e+00 -2.6345524e+00 -1.9452360e+00 -1.4014161e+00 -1.2784325e+00 -1.1783699e+00 -1.2919434e+00 7.5669582e-01 -2.9783098e-02 -1.4963936e+00 -1.3717253e+00 -1.5972759e+00 -1.4562486e+00 -4.4146918e-01 -1.1272516e+00 -1.3970771e+00 -1.1025871e+00 -1.1442656e+00 -1.4960793e-01 -1.5259553e+00 -1.5321871e+00 -7.9418475e-01 1.2759777e+00 2.4503945e+00 3.6653631e+00 5.9831909e+00 5.9844912e+00 6.3589334e+00 5.5598567e+00 4.9143573e+00 4.7588129e+00 4.8080697e+00 4.8610502e+00 4.7963213e+00 4.8184194e+00 4.5316725e+00 4.2281066e+00 3.8618288e+00 3.9623172e+00
-9.7291609e+00 -9.6291635e+00 -9.4319539e+00 -9.0198647e+00 -8.5732591e+00 -8.0391311e+00 -7.6311843e+00 -7.4920392e+00 -7.4020586e+00 -6.9390594e+00 -5.5235966e+00 -3.7247118e+00 -2.9726008e+00 -2.4179389e+00 -1.4884310e+00 -5.3845780e-01 -1.3627651e+00 -1.3416700e+00 -1.4809770e+00 -1.5214850e+00 -1.7476229e+00 -1.5807846e+00 -1.7876020e+00 -1.3796552e+00 2.9312860e+00 -2.1615124e-01 -1.4433640e+00 -1.1861482e+00 -1.2131220e+00 -1.3564049e+00 -1.4919979e+00 -1.6677824e+00 -1.7039516e+00 -1.3808630e+00 -1.2366889e+00 -5.9621587e-01 3.3418292e-01 1.8727222e+00 3.5171501e+00 4.7053826e+00 5.1838539e+00 5.2126001e+00 5.0690022e+00 5.4814179e+00 5.7754434e+00 5.7235252e+00 5.6914410e+00 4.8496905e+00 4.3690304e+00 4.2506445e+00
-9.5607163e+00 -9.4097819e+00 -9.2848674e+00 -9.0200001e+00 -8.7069075e+00 -8.3370448e+00 -8.0440042e+00 -7.8617705e+00 -7.6797146e+00 -7.2123724e+00 -6.0187866e+00 -4.0249300e+00 -3.8963053e+00 -3.6896852e+00 -2.1123256e+00 -1.6563766e+00 -2.1335577e+00 -2.2918100e+00 -2.4811482e+00 -2.3063855e+00 -2.0560868e+00 -1.8264153e+00 -1.7003915e+00 -1.6112343e+00 5.7402417e-01 -1.0018649e+00 -7.7313561e-01 -1.4911009e+00 -1.4913375e+00 -1.3102370e+00 -8.0869160e-01 -1.5455891e+00 -1.6304168e+00 -1.6770221e+00 -1.7127718e+00 -1.7283710e+00 -1.3405231e+00 -9.0892403e-01 -9.9159618e-01 9.4827240e-01 3.0469136e+00 5.1699773e+00 5.9667697e+00 6.2472282e+00 6.6914305e+00 6.9713259e+00 7.0659852e+00 7.4191154e+00 5.9086594e+00 4.8931788e+00
-9.4641500e+00 -9.1379869e+00 -9.0819043e+00 -9.0069015e+00 -8.7874246e+00 -8.5310152e+00 -8.2619302e+00 -8.0800571e+00 -7.8333460e+00 -7.3759504e+00 -6.4407867e+00 -5.5101505e+00 -5.9329938e+00 -6.5223134e+00 -5.0193733e+00 -4.0449423e+00 -3.9571404e+00 -3.8367792e+00 -3.5126666e+00 -3.1590152e+00 -2.6779306e+00 -2.1094465e+00 -1.6021745e+00 -1.2536417e+00 -1.2432049e+00 -1.5102004e+00 -7.9609871e-01 -1.5775237e+00 -1.4896703e+00 -6.8213599e-01 -1.2428945e+00 -1.5826968e+00 -1.5447822e+00 -1.4773315e+00 -1.3922259e+00 -1.2947318e+00 -1.1794136e+00 -1.3892577e+00 -1.5484522e+00 -7.7968207e-01 -7.0612005e-01 1.4464475e+00 5.4618766e+00 7.5770451e+00 7.8862795e+00 7.6492839e+00 7.4846463e+00 7.4444380e+00 6.6116742e+00 6.2287447e+00
-9.4537978e+00 -8.9491939e+00 -9.1053842e+00 -9.0573282e+00 -8.8279154e+00 -8.6412539e+00 -8.4336545e+00 -8.2479077e+00 -7.9953184e+00 -7.6313540e+00 -7.1191989e+00 -6.7590137e+00 -6.9860374e+00 -7.0776423e+00 -6.2070796e+00 -5.8284616e+00 -5.7790228e+00 -5.3691308e+00 -4.8189812e+00 -4.0807830e+00 -3.3308603e+00 -2.5965035e+00 -1.9242316e+00 -1.5019485e+00 -1.3515091e+00 -1.6097485e+00 -8.9837180e-01 -9.9966559e-01 -1.1989159e+00 -1.0941958e+00 -1.3932234e+00 -1.4346756e+00 -1.4249660e+00 -1.3558634e+00 -1.2755909e+00 -1.1692960e+00 -1.1382169e+00 -1.2911151e+00 -1.5525642e+00 -1.3071476e+00 -7.6518872e-01 -3.6620202e-01 1.1402213e+00 5.3471392e+00 8.7026444e+00 8.3613232e+00 7.9794425e+00 7.8503174e+00 7.4961140e+00 7.2221612e+00
-9.5061105e+00 -9.0782239e+00 -8.9335380e+00 -8.9238834e+00 -8.9869354e+00 -8.7320357e+00 -8.5991005e+00 -8.3983292e+00 -8.1586654e+00 -7.8863951e+00 -7.5762457e+00 -7.3751086e+00 -7.3601653e+00 -7.2219062e+00 -6.7423041e+00 -6.5555345e+00 -6.5773771e+00 -6.2559070e+00 -5.8427381e+00 -5.0459791e+00 -4.1141279e+00 -3.0725095e+00 -2.3676020e+00 -1.8205353e+00 -7.5912093e-01 -1.2612571e+00 -1.1950496e+00 -8.6062012e-01 -3.8856438e-01 -1.0140413e+00 -1.2619457e+00 -1.3538933e+00 -1.3920160e+00 -1.2815878e+00 -1.2035020e+00 -1.1739436e+00 -1.1953989e+00 -1.3163334e+00 -1.5296718e+00 -1.5012224e+00 -1.0849088e+00 -1.4707483e+00 -7.0488469e-01 3.2464830e+00 8.4739206e+00 8.2763652e+00 7.4236501e+00 8.0353394e+00 8.1644473e+00 8.0547620e+00
-9.8939112e+00 -8.3459255e+00 -8.8770725e+00 -8.5513753e+00 -9.1614024e+00 -8.7841794e+00 -8.6929613e+00 -8.5169686e+00 -8.2997735e+00 -8.0671230e+00 -7.8300569e+00 -7.6544142e+00 -7.5466114e+00 -7.3995873e+00 -7.1348617e+00 -6.9473218e+00 -6.8297532e+00 -6.5612143e+00 -6.1334975e+00 -5.7749445e+00 -4.8625784e+00 -3.4065324e+00 -2.6435101e+00 -2.0509207e+00 -1.3467827e+00 -9.1265149e-01 -1.0163994e+00 -1.5008573e+00 -1.1286961e+00 -1.1499199e+00 -1.2525358e+00 -1.3645992e+00 -1.4817436e+00 -1.2542439e+00 -1.1634067e+00 -1.1576113e+00 -1.1994767e+00 -1.3067066e+00 -1.4217993e+00 -1.5313577e+00 -1.4992484e+00 -1.6865352e+00 -6.2851620e-01 2.0529839e+00 4.8892459e+00 4.2319422e+00 4.1903794e+00 5.7949771e+00 7.8031572e+00 8.0147900e+00
-1.0629743e+01 -9.9509566e+00 -9.4716581e+00 -9.0186764e+00 -8.9921486e+00 -9.0084887e+00 -8.8431903e+00 -8.7465229e+00 -8.5746362e+00 -8.3626437e+00 -8.1385483e+00 -7.9431382e+00 -7.7664754e+00 -7.5516569e+00 -7.3058767e+00 -7.0842145e+00 -6.8822795e+00 -6.5911112e+00 -6.1264290e+00 -5.4741150e+00 -4.4997182e+00 -3.5818671e+00 -2.8352079e+00 -2.3172667e+00 -1.7407062e+00 -1.0059402e+00 -1.4561357e+00 -1.5550637e+00 -1.6079835e+00 -1.2775003e+00 -1.3176074e+00 -1.7040729e+00 -1.5071873e-01 -5.0560867e-02 -1.1317191e+00 -1.1131592e+00 -1.1674508e+00 -1.2449580e+00 -1.2943324e+00 -1.3444512e+00 -1.4087118e+00 -5.0059919e-01 2.9894559e+00 8.6874014e-01 -4.5702947e-01 3.9806881e-01 1.6360678e+00 3.1009732e+00 5.9697265e+00 5.8488219e+00
