visualization/geoclaw_output/chile2010/eta_0005.asc
ncols     360
nrows     360
xllcorner -1.199166666650000e+02
yllcorner -5.991666666500000e+01
cellsize  1.666666700000000e-01
nodata_value       -9999
[rows 154 to 175 of 360, columns 200 to 249 of 360]
2.4093592e-01 2.2853566e-01 2.1401979e-01 1.9054285e-01 1.6780207e-01 1.4734514e-01 1.2217449e-01 8.9751999e-02 6.6793940e-02 5.0482066e-02 3.3867882e-02 1.1320360e-02 -1.3560531e-02 -3.1746016e-02 -4.9981358e-02 -6.3103318e-02 -7.1808801e-02 -7.9767678e-02 -8.5624747e-02 -9.1653549e-02 -9.9136565e-02 -1.0619300e-01 -1.1391212e-01 -1.1887927e-01 -1.2254302e-01 -1.2686824e-01 -1.2910534e-01 -1.3063382e-01 -1.3213871e-01 -1.3251287e-01 -1.3170291e-01 -1.3223133e-01 -1.3257634e-01 -1.3221208e-01 -1.3074345e-01 -1.2839767e-01 -1.2499455e-01 -1.2052973e-01 -1.1407051e-01 -1.0680101e-01 -9.8829425e-02 -9.1274317e-02 -8.3655635e-02 -7.5972249e-02 -6.8902206e-02 -6.2308146e-02 -5.6133455e-02 -5.0174059e-02 -4.4230338e-02 -3.8597991e-02
2.2274952e-01 2.0246773e-01 1.8364458e-01 1.6068478e-01 1.3779477e-01 1.1463756e-01 8.9702584e-02 6.0240820e-02 3.8536188e-02 2.0542595e-02 1.2438399e-03 -2.0562261e-02 -4.4482230e-02 -6.2950524e-02 -7.6623817e-02 -8.7812306e-02 -9.4071133e-02 -9.6738048e-02 -1.0128820e-01 -1.0638390e-01 -1.1130002e-01 -1.1647320e-01 -1.2252931e-01 -1.2401723e-01 -1.2668991e-01 -1.2993268e-01 -1.3106460e-01 -1.3246378e-01 -1.3395309e-01 -1.3438237e-01 -1.3390259e-01 -1.3331243e-01 -1.3279112e-01 -1.3106729e-01 -1.2817500e-01 -1.2419103e-01 -1.1947299e-01 -1.1398831e-01 -1.0717088e-01 -9.9373860e-02 -9.1018478e-02 -8.2847830e-02 -7.4723787e-02 -6.7041573e-02 -6.0289795e-02 -5.4096187e-02 -4.8152957e-02 -4.2506348e-02 -3.6867818e-02 -3.1648440e-02
2.0851410e-01 1.8347469e-01 1.5919091e-01 1.3473342e-01 1.0901375e-01 8.4806827e-02 5.9439833e-02 3.3072222e-02 1.1192793e-02 -8.4294853e-03 -2.7795119e-02 -4.5987021e-02 -6.3021498e-02 -7.9953314e-02 -9.0357867e-02 -9.7918299e-02 -1.0358111e-01 -1.0594894e-01 -1.0964727e-01 -1.1431813e-01 -1.1757445e-01 -1.2143965e-01 -1.2577728e-01 -1.2728929e-01 -1.2999981e-01 -1.3274347e-01 -1.3362930e-01 -1.3471300e-01 -1.3553196e-01 -1.3554068e-01 -1.3455308e-01 -1.3260511e-01 -1.3002248e-01 -1.2645738e-01 -1.2204497e-01 -1.1666904e-01 -1.1109446e-01 -1.0507783e-01 -9.8287078e-02 -8.9915589e-02 -8.1923328e-02 -7.3710877e-02 -6.5450920e-02 -5.8301038e-02 -5.1913131e-02 -4.6098423e-02 -4.0520824e-02 -3.5294576e-02 -3.0102301e-02 -2.5131446e-02
1.8846477e-01 1.6118523e-01 1.3468412e-01 1.0871877e-01 8.2478557e-02 5.7507044e-02 3.2328719e-02 7.9485501e-03 -1.3043915e-02 -3.1155127e-02 -4.8065322e-02 -6.3049153e-02 -7.6571429e-02 -8.8647668e-02 -9.6600126e-02 -1.0223581e-01 -1.0775807e-01 -1.1103388e-01 -1.1476074e-01 -1.1902888e-01 -1.2221936e-01 -1.2561077e-01 -1.2920376e-01 -1.3134694e-01 -1.3369452e-01 -1.3539479e-01 -1.3570837e-01 -1.3628219e-01 -1.3634821e-01 -1.3545739e-01 -1.3336621e-01 -1.2983320e-01 -1.2512063e-01 -1.1982680e-01 -1.1408433e-01 -1.0757036e-01 -1.0126795e-01 -9.4957568e-02 -8.7947500e-02 -7.9318796e-02 -7.0116884e-02 -6.2036705e-02 -5.5699874e-02 -4.9766090e-02 -4.3950384e-02 -3.8459192e-02 -3.3298530e-02 -2.8417586e-02 -2.3777961e-02 -1.9329355e-02
1.6315004e-01 1.3622990e-01 1.1017038e-01 8.4310153e-02 5.7607218e-02 3.1337289e-02 6.5553540e-03 -1.6026781e-02 -3.5048825e-02 -5.0615055e-02 -6.4079483e-02 -7.5268439e-02 -8.5195448e-02 -9.4304132e-02 -1.0138842e-01 -1.0642113e-01 -1.1151349e-01 -1.1532986e-01 -1.1884249e-01 -1.2253825e-01 -1.2565147e-01 -1.2870379e-01 -1.3170772e-01 -1.3394040e-01 -1.3579315e-01 -1.3693656e-01 -1.3720728e-01 -1.3699814e-01 -1.3555766e-01 -1.3263022e-01 -1.2886510e-01 -1.2377896e-01 -1.1794019e-01 -1.1180229e-01 -1.0531016e-01 -9.8258724e-02 -9.1242661e-02 -8.4288238e-02 -7.6932349e-02 -6.7428764e-02 -5.6288570e-02 -4.9392941e-02 -4.5603937e-02 -4.1218099e-02 -3.6737539e-02 -3.2030317e-02 -2.7401255e-02 -2.2932897e-02 -1.8885492e-02 -1.5327057e-02
1.3820295e-01 1.1216939e-01 8.5768788e-02 5.9305611e-02 3.2655680e-02 6.8480047e-03 -1.5917639e-02 -3.5975428e-02 -5.2812373e-02 -6.6222473e-02 -7.6845818e-02 -8.5277326e-02 -9.2568287e-02 -9.9303519e-02 -1.0492332e-01 -1.0929273e-01 -1.1381857e-01 -1.1781545e-01 -1.2155208e-01 -1.2497143e-01 -1.2826461e-01 -1.3107830e-01 -1.3341674e-01 -1.3514413e-01 -1.3635898e-01 -1.3691765e-01 -1.3641007e-01 -1.3488931e-01 -1.3216475e-01 -1.2771921e-01 -1.2245253e-01 -1.1651207e-01 -1.0978693e-01 -1.0293123e-01 -9.6109378e-02 -8.9133346e-02 -8.1949287e-02 -7.4705520e-02 -6.7378144e-02 -5.9136441e-02 -4.9869272e-02 -4.3476306e-02 -3.9101468e-02 -3.4564157e-02 -3.0250847e-02 -2.6018289e-02 -2.2092686e-02 -1.8506453e-02 -1.5424774e-02 -1.3131002e-02
1.1511214e-01 8.7974424e-02 6.0492179e-02 3.3940112e-02 8.6154744e-03 -1.4863169e-02 -3.5245831e-02 -5.2729860e-02 -6.7132781e-02 -7.8035334e-02 -8.6121739e-02 -9.2524071e-02 -9.8088727e-02 -1.0303922e-01 -1.0753663e-01 -1.1146313e-01 -1.1540137e-01 -1.1916486e-01 -1.2256599e-01 -1.2582363e-01 -1.2912485e-01 -1.3207243e-01 -1.3426479e-01 -1.3557114e-01 -1.3598237e-01 -1.3546624e-01 -1.3345623e-01 -1.3051553e-01 -1.2668873e-01 -1.2141035e-01 -1.1526146e-01 -1.0866761e-01 -1.0130276e-01 -9.3902300e-02 -8.6885358e-02 -8.0137637e-02 -7.3298487e-02 -6.6560116e-02 -5.9919052e-02 -5.2869932e-02 -4.5708599e-02 -3.9373235e-02 -3.4423690e-02 -2.9782337e-02 -2.5631881e-02 -2.1833632e-02 -1.8502157e-02 -1.5757596e-02 -1.3679909e-02 -1.2193535e-02
8.9921385e-02 6.2055667e-02 3.4919953e-02 9.8874873e-03 -1.3256810e-02 -3.3955215e-02 -5.1694313e-02 -6.6516217e-02 -7.8514491e-02 -8.7293231e-02 -9.3341431e-02 -9.7987599e-02 -1.0201674e-01 -1.0559803e-01 -1.0922726e-01 -1.1268456e-01 -1.1603258e-01 -1.1945709e-01 -1.2268394e-01 -1.2593997e-01 -1.2918253e-01 -1.3181719e-01 -1.3309059e-01 -1.3354969e-01 -1.3309870e-01 -1.3180461e-01 -1.2902084e-01 -1.2506786e-01 -1.2026686e-01 -1.1403265e-01 -1.0719727e-01 -1.0020669e-01 -9.2626327e-02 -8.5236911e-02 -7.8392674e-02 -7.1938685e-02 -6.5593443e-02 -5.9474768e-02 -5.3591155e-02 -4.7539997e-02 -4.1874877e-02 -3.5901496e-02 -3.0754629e-02 -2.6385840e-02 -2.2692258e-02 -1.9454350e-02 -1.6719403e-02 -1.4553238e-02 -1.3001931e-02 -1.1934894e-02
6.3291875e-02 3.5621659e-02 1.0028179e-02 -1.2951017e-02 -3.3518886e-02 -5.1154969e-02 -6.5954818e-02 -7.7945006e-02 -8.7181672e-02 -9.3853762e-02 -9.8367676e-02 -1.0181972e-01 -1.0485624e-01 -1.0752290e-01 -1.1031904e-01 -1.1313336e-01 -1.1592617e-01 -1.1901619e-01 -1.2211543e-01 -1.2507422e-01 -1.2784834e-01 -1.2987511e-01 -1.3036783e-01 -1.3018217e-01 -1.2909419e-01 -1.2698242e-01 -1.2340169e-01 -1.1860687e-01 -1.1297336e-01 -1.0603929e-01 -9.8778368e-02 -9.1590578e-02 -8.4109382e-02 -7.7116277e-02 -7.0658025e-02 -6.4662448e-02 -5.8957391e-02 -5.3468981e-02 -4.8247316e-02 -4.2939211e-02 -3.8201162e-02 -3.3005759e-02 -2.8270117e-02 -2.4444888e-02 -2.1127919e-02 -1.8276322e-02 -1.5881711e-02 -1.4215770e-02 -1.3426663e-02 -1.3589273e-02
3.6964177e-02 1.0306832e-02 -1.3404584e-02 -3.4067863e-02 -5.1611927e-02 -6.6068907e-02 -7.7790292e-02 -8.7016256e-02 -9.3758857e-02 -9.8628017e-02 -1.0197923e-01 -1.0453782e-01 -1.0681619e-01 -1.0882370e-01 -1.1106702e-01 -1.1334810e-01 -1.1571231e-01 -1.1834297e-01 -1.2083181e-01 -1.2316573e-01 -1.2516367e-01 -1.2637479e-01 -1.2643111e-01 -1.2576429e-01 -1.2403422e-01 -1.2106219e-01 -1.1679587e-01 -1.1130400e-01 -1.0499169e-01 -9.7916693e-02 -9.0594434e-02 -8.3333375e-02 -7.6148983e-02 -6.9597236e-02 -6.3619664e-02 -5.8181954e-02 -5.3117248e-02 -4.8321069e-02 -4.3729530e-02 -3.8974620e-02 -3.4931616e-02 -3.0625063e-02 -2.6625906e-02 -2.3171990e-02 -2.0066425e-02 -1.7591964e-02 -1.5935159e-02 -1.5473003e-02 -1.5888278e-02 -1.7253382e-02
1.1430992e-02 -1.3313835e-02 -3.4886370e-02 -5.2933321e-02 -6.7391217e-02 -7.8791170e-02 -8.7510186e-02 -9.4095001e-02 -9.8865340e-02 -1.0238958e-01 -1.0483560e-01 -1.0672070e-01 -1.0817685e-01 -1.0947793e-01 -1.1124043e-01 -1.1304130e-01 -1.1497917e-01 -1.1696963e-01 -1.1881215e-01 -1.2047910e-01 -1.2169340e-01 -1.2211225e-01 -1.2174590e-01 -1.2044280e-01 -1.1796898e-01 -1.1418846e-01 -1.0928578e-01 -1.0332975e-01 -9.6729771e-02 -8.9809283e-02 -8.2632819e-02 -7.5549195e-02 -6.8862200e-02 -6.2879468e-02 -5.7467264e-02 -5.2569323e-02 -4.8058065e-02 -4.3867491e-02 -3.9814130e-02 -3.5681064e-02 -3.2187706e-02 -2.8672361e-02 -2.5297632e-02 -2.2241381e-02 -1.9766700e-02 -1.8292209e-02 -1.7976653e-02 -1.8446849e-02 -1.9912444e-02 -2.2131061e-02
-1.2685294e-02 -3.5277311e-02 -5.4346159e-02 -6.9502311e-02 -8.1002873e-02 -8.9320415e-02 -9.5148895e-02 -9.9414621e-02 -1.0266819e-01 -1.0501690e-01 -1.0662696e-01 -1.0790729e-01 -1.0883438e-01 -1.0990094e-01 -1.1118309e-01 -1.1241787e-01 -1.1361427e-01 -1.1492393e-01 -1.1615265e-01 -1.1710093e-01 -1.1756062e-01 -1.1735520e-01 -1.1642648e-01 -1.1444344e-01 -1.1129578e-01 -1.0683811e-01 -1.0146985e-01 -9.5260121e-02 -8.8669616e-02 -8.1906679e-02 -7.4932258e-02 -6.8223751e-02 -6.2102549e-02 -5.6792481e-02 -5.2019269e-02 -4.7671185e-02 -4.3686617e-02 -3.9987222e-02 -3.6432219e-02 -3.3048322e-02 -3.0079585e-02 -2.7290323e-02 -2.4598419e-02 -2.2437702e-02 -2.1110138e-02 -2.0791094e-02 -2.1146784e-02 -2.2534676e-02 -2.4711210e-02 -2.7431310e-02
-3.4801766e-02 -5.5353435e-02 -7.1683590e-02 -8.3920487e-02 -9.2387654e-02 -9.7648452e-02 -1.0096441e-01 -1.0333074e-01 -1.0525943e-01 -1.0645848e-01 -1.0726297e-01 -1.0800989e-01 -1.0865327e-01 -1.0936102e-01 -1.1017993e-01 -1.1091982e-01 -1.1159342e-01 -1.1235024e-01 -1.1299249e-01 -1.1331260e-01 -1.1305428e-01 -1.1220211e-01 -1.1063647e-01 -1.0799392e-01 -1.0422055e-01 -9.9308078e-02 -9.3620979e-02 -8.7359410e-02 -8.0849256e-02 -7.4220253e-02 -6.7597713e-02 -6.1421975e-02 -5.5897167e-02 -5.1175309e-02 -4.6958133e-02 -4.3131391e-02 -3.9718029e-02 -3.6579547e-02 -3.3653953e-02 -3.1054801e-02 -2.8638640e-02 -2.6517133e-02 -2.4589694e-02 -2.3469759e-02 -2.3253997e-02 -2.3716662e-02 -2.4977607e-02 -2.7098659e-02 -2.9795366e-02 -3.2880881e-02
-5.5111958e-02 -7.3220735e-02 -8.6842147e-02 -9.6059630e-02 -1.0125943e-01 -1.0390030e-01 -1.0540763e-01 -1.0624312e-01 -1.0687481e-01 -1.0685018e-01 -1.0692485e-01 -1.0724813e-01 -1.0752876e-01 -1.0788811e-01 -1.0825817e-01 -1.0866932e-01 -1.0896292e-01 -1.0921123e-01 -1.0927957e-01 -1.0892766e-01 -1.0807932e-01 -1.0666749e-01 -1.0447240e-01 -1.0125032e-01 -9.6972597e-02 -9.1795278e-02 -8.5946685e-02 -7.9726215e-02 -7.3301676e-02 -6.6925216e-02 -6.0818739e-02 -5.5226150e-02 -5.0338532e-02 -4.6079079e-02 -4.2302574e-02 -3.8970729e-02 -3.6095296e-02 -3.3583942e-02 -3.1399469e-02 -2.9565674e-02 -2.7742384e-02 -2.6395397e-02 -2.5563831e-02 -2.5574747e-02 -2.6072277e-02 -2.7267274e-02 -2.9190206e-02 -3.1783830e-02 -3.4831653e-02 -3.8094953e-02
-7.3296070e-02 -8.8800037e-02 -9.9640545e-02 -1.0581092e-01 -1.0797374e-01 -1.0875677e-01 -1.0918623e-01 -1.0845503e-01 -1.0750927e-01 -1.0646970e-01 -1.0588429e-01 -1.0564457e-01 -1.0548715e-01 -1.0552916e-01 -1.0553675e-01 -1.0559681e-01 -1.0550853e-01 -1.0525468e-01 -1.0482414e-01 -1.0397027e-01 -1.0264863e-01 -1.0075660e-01 -9.8052067e-02 -9.4380339e-02 -8.9737356e-02 -8.4353816e-02 -7.8414829e-02 -7.2275106e-02 -6.6115215e-02 -6.0186113e-02 -5.4575576e-02 -4.9538203e-02 -4.5182839e-02 -4.1306482e-02 -3.7966680e-02 -3.5239605e-02 -3.3009036e-02 -3.1201965e-02 -2.9748026e-02 -2.8382612e-02 -2.7404835e-02 -2.7067956e-02 -2.7272514e-02 -2.8073016e-02 -2.9323520e-02 -3.1210982e-02 -3.3649247e-02 -3.6546581e-02 -3.9727576e-02 -4.2883107e-02
-8.9294034e-02 -1.0219776e-01 -1.1001516e-01 -1.1302944e-01 -1.1346101e-01 -1.1314253e-01 -1.1211694e-01 -1.0977242e-01 -1.0752716e-01 -1.0558748e-01 -1.0427270e-01 -1.0340964e-01 -1.0272888e-01 -1.0234164e-01 -1.0198231e-01 -1.0166289e-01 -1.0121137e-01 -1.0057388e-01 -9.9779093e-02 -9.8602231e-02 -9.6890943e-02 -9.4570002e-02 -9.1466816e-02 -8.7478444e-02 -8.2604472e-02 -7.7069496e-02 -7.1128362e-02 -6.5207237e-02 -5.9399475e-02 -5.3925315e-02 -4.8882858e-02 -4.4410662e-02 -4.0502959e-02 -3.6982698e-02 -3.4148889e-02 -3.2073903e-02 -3.0511794e-02 -2.9356333e-02 -2.8629271e-02 -2.8155121e-02 -2.8186293e-02 -2.8784802e-02 -2.9637158e-02 -3.1032443e-02 -3.2934004e-02 -3.5271088e-02 -3.8029144e-02 -4.1079123e-02 -4.4164382e-02 -4.6910084e-02
-1.0311819e-01 -1.1307536e-01 -1.1739394e-01 -1.1854314e-01 -1.1825353e-01 -1.1674133e-01 -1.1418052e-01 -1.1074796e-01 -1.0748482e-01 -1.0451958e-01 -1.0221718e-01 -1.0066420e-01 -9.9559929e-02 -9.8742261e-02 -9.7993898e-02 -9.7212567e-02 -9.6356833e-02 -9.5361748e-02 -9.4238127e-02 -9.2788946e-02 -9.0809510e-02 -8.8211337e-02 -8.4858640e-02 -8.0663010e-02 -7.5650809e-02 -7.0131855e-02 -6.4408436e-02 -5.8806374e-02 -5.3369627e-02 -4.8298658e-02 -4.3691305e-02 -3.9618706e-02 -3.6096653e-02 -3.3146457e-02 -3.1012854e-02 -2.9640768e-02 -2.8679189e-02 -2.8164321e-02 -2.8240087e-02 -2.8734031e-02 -2.9679482e-02 -3.0940365e-02 -3.2475326e-02 -3.4456950e-02 -3.6809678e-02 -3.9441079e-02 -4.2326384e-02 -4.5264344e-02 -4.7926952e-02 -5.0040836e-02
-1.1444206e-01 -1.2110420e-01 -1.2291157e-01 -1.2342042e-01 -1.2226689e-01 -1.1977784e-01 -1.1610211e-01 -1.1158328e-01 -1.0724269e-01 -1.0340180e-01 -1.0051691e-01 -9.8327921e-02 -9.6572737e-02 -9.5119740e-02 -9.3861986e-02 -9.2648006e-02 -9.1411354e-02 -9.0151419e-02 -8.8683332e-02 -8.6974499e-02 -8.4776832e-02 -8.1949273e-02 -7.8405039e-02 -7.4116820e-02 -6.9098922e-02 -6.3706473e-02 -5.8235718e-02 -5.2938129e-02 -4.7919307e-02 -4.3281447e-02 -3.9104402e-02 -3.5442724e-02 -3.2409285e-02 -3.0148889e-02 -2.8759993e-02 -2.8101537e-02 -2.7753194e-02 -2.8089985e-02 -2.8976366e-02 -3.0189924e-02 -3.1746581e-02 -3.3643286e-02 -3.5836434e-02 -3.8347420e-02 -4.0944040e-02 -4.3633981e-02 -4.6380052e-02 -4.8874748e-02 -5.0806521e-02 -5.2100635e-02
-1.2344671e-01 -1.2690223e-01 -1.2754308e-01 -1.2752684e-01 -1.2553160e-01 -1.2185069e-01 -1.1693832e-01 -1.1145220e-01 -1.0627229e-01 -1.0199442e-01 -9.8746432e-02 -9.6219622e-02 -9.4093832e-02 -9.2200758e-02 -9.0450181e-02 -8.8684525e-02 -8.7046170e-02 -8.5481876e-02 -8.3714911e-02 -8.1761569e-02 -7.9304603e-02 -7.6172740e-02 -7.2399782e-02 -6.8116905e-02 -6.3184989e-02 -5.7887373e-02 -5.2661927e-02 -4.7677042e-02 -4.3065792e-02 -3.8826680e-02 -3.5057834e-02 -3.1864271e-02 -2.9440679e-02 -2.7996434e-02 -2.7389976e-02 -2.7283841e-02 -2.7655085e-02 -2.8683071e-02 -3.0217414e-02 -3.2168646e-02 -3.4415077e-02 -3.6835986e-02 -3.9455232e-02 -4.2160315e-02 -4.4777928e-02 -4.7345342e-02 -4.9742364e-02 -5.1567602e-02 -5.2694860e-02 -5.3573111e-02
-1.2987771e-01 -1.3131592e-01 -1.3148477e-01 -1.3091021e-01 -1.2780679e-01 -1.2302824e-01 -1.1726952e-01 -1.1133839e-01 -1.0569585e-01 -1.0096661e-01 -9.7255948e-02 -9.4101157e-02 -9.1417740e-02 -8.9048367e-02 -8.7074240e-02 -8.5191323e-02 -8.3397278e-02 -8.1584844e-02 -7.9573386e-02 -7.7260310e-02 -7.4497077e-02 -7.1154561e-02 -6.7228042e-02 -6.2846527e-02 -5.7848123e-02 -5.2787750e-02 -4.7958652e-02 -4.3288827e-02 -3.9048831e-02 -3.5254957e-02 -3.1919993e-02 -2.9279882e-02 -2.7588006e-02 -2.6987505e-02 -2.7000908e-02 -2.7259188e-02 -2.8235026e-02 -2.9955985e-02 -3.2112729e-02 -3.4650511e-02 -3.7346455e-02 -4.0125561e-02 -4.2984721e-02 -4.5737047e-02 -4.8216818e-02 -5.0428266e-02 -5.2187124e-02 -5.3367338e-02 -5.4224599e-02 -5.4778302e-02
-1.3486995e-01 -1.3526496e-01 -1.3500340e-01 -1.3331889e-01 -1.2902136e-01 -1.2335959e-01 -1.1710527e-01 -1.1095716e-01 -1.0516412e-01 -1.0024019e-01 -9.6135085e-02 -9.2553237e-02 -8.9433156e-02 -8.6574334e-02 -8.4160865e-02 -8.1986504e-02 -8.0046047e-02 -7.8107965e-02 -7.5930256e-02 -7.3452228e-02 -7.0503866e-02 -6.6983967e-02 -6.2927331e-02 -5.8456922e-02 -5.3697171e-02 -4.9039237e-02 -4.4588554e-02 -4.0369195e-02 -3.6472532e-02 -3.3018692e-02 -3.0092813e-02 -2.7958151e-02 -2.6957860e-02 -2.6830017e-02 -2.7009900e-02 -2.7842241e-02 -2.9525397e-02 -3.1808964e-02 -3.4443876e-02 -3.7372955e-02 -4.0419021e-02 -4.3419814e-02 -4.6304592e-02 -4.8867474e-02 -5.0958326e-02 -5.2645621e-02 -5.3918934e-02 -5.4709306e-02 -5.4867719e-02 -5.4152069e-02
-1.3846940e-01 -1.3848611e-01 -1.3771331e-01 -1.3458226e-01 -1.2926744e-01 -1.2302370e-01 -1.1638436e-01 -1.1021348e-01 -1.0441914e-01 -9.9331604e-02 -9.5034168e-02 -9.1200902e-02 -8.7771611e-02 -8.4703993e-02 -8.2076320e-02 -7.9750315e-02 -7.7615811e-02 -7.5443848e-02 -7.3037666e-02 -7.0249903e-02 -6.7081584e-02 -6.3420233e-02 -5.9327206e-02 -5.5061441e-02 -5.0673448e-02 -4.6326853e-02 -4.2157601e-02 -3.8244994e-02 -3.4656649e-02 -3.1509440e-02 -2.8911688e-02 -2.7363715e-02 -2.6899632e-02 -2.6967823e-02 -2.7611951e-02 -2.9067059e-02 -3.1290480e-02 -3.4052831e-02 -3.7066337e-02 -4.0243929e-02 -4.3446800e-02 -4.6427030e-02 -4.9087855e-02 -5.1252754e-02 -5.2986303e-02 -5.4245762e-02 -5.4817881e-02 -5.4495386e-02 -5.3416311e-02 -5.1512800e-02
