visualization/geoclaw_output/chile2010/eta_0011.asc
ncols     360
nrows     360
xllcorner -1.199166666650000e+02
yllcorner -5.991666666500000e+01
cellsize  1.666666700000000e-01
nodata_value       -9999
[rows 110 to 131 of 360, columns 49 to 97 of 360]
8.4964590e-05 1.2643875e-04 1.8221325e-04 2.6459691e-04 3.9019789e-04 5.7763113e-04 8.3977358e-04 1.1816392e-03 1.5994386e-03 2.0704116e-03 2.5441463e-03 2.9722571e-03 3.3098645e-03 3.5134432e-03 3.5774343e-03 3.5865124e-03 3.5115278e-03 3.3789493e-03 3.2168747e-03 3.0789059e-03 3.0228089e-03 3.0106400e-03 3.3388197e-03 7.0312131e-03 1.7953120e-02 3.5166341e-02 5.7415362e-02 8.3225337e-02 1.1088661e-01 1.3827685e-01 1.6280161e-01 1.8186823e-01 1.9360909e-01 1.9763024e-01 1.9816727e-01 1.9738075e-01 1.9037116e-01 1.7505971e-01 1.5425617e-01 1.2999686e-01 1.0393794e-01 7.7399760e-02 5.1318364e-02 2.6507734e-02 3.2328806e-03 -1.7982993e-02 -3.6497890e-02 -5.1952871e-02 -6.4408099e-02
1.0125865e-04 1.5034234e-04 2.2174854e-04 3.3140975e-04 4.9796998e-04 7.3894377e-04 1.0637051e-03 1.4703592e-03 1.9379686e-03 2.4303783e-03 2.8989029e-03 3.2875529e-03 3.5489906e-03 3.6519240e-03 3.6657097e-03 3.6172057e-03 3.4882096e-03 3.3081486e-03 3.1300973e-03 3.0208666e-03 2.9892987e-03 3.0301545e-03 4.2294187e-03 1.1361969e-02 2.5821136e-02 4.6123514e-02 7.1005895e-02 9.8610496e-02 1.2698775e-01 1.5368831e-01 1.7594943e-01 1.9156280e-01 1.9884540e-01 2.0034241e-01 2.0036837e-01 1.9662707e-01 1.8424804e-01 1.6481117e-01 1.4103866e-01 1.1488433e-01 8.7707893e-02 6.0688018e-02 3.4656456e-02 1.0195189e-02 -1.2328162e-02 -3.2399074e-02 -4.9362351e-02 -6.3087747e-02 -7.3709924e-02
1.2083375e-04 1.8225266e-04 2.7703907e-04 4.2406278e-04 6.4220445e-04 9.4556018e-04 1.3378825e-03 1.8044609e-03 2.3063814e-03 2.8033039e-03 3.2372023e-03 3.5505932e-03 3.7002475e-03 3.7357982e-03 3.7058710e-03 3.5944456e-03 3.4087127e-03 3.2001839e-03 3.0325799e-03 2.9633878e-03 2.9454515e-03 3.1913675e-03 6.4711730e-03 1.7433447e-02 3.5292660e-02 5.8602521e-02 8.5860406e-02 1.1479207e-01 1.4315416e-01 1.6829083e-01 1.8751013e-01 1.9876571e-01 2.0220462e-01 2.0275350e-01 2.0123711e-01 1.9258059e-01 1.7545773e-01 1.5268190e-01 1.2659562e-01 9.8960880e-02 7.1085259e-02 4.4019642e-02 1.8291243e-02 -5.6345850e-03 -2.7178318e-02 -4.5800951e-02 -6.1069603e-02 -7.3004747e-02 -8.1753120e-02
1.4576730e-04 2.2651054e-04 3.5416095e-04 5.4939570e-04 8.2944479e-04 1.2013091e-03 1.6580706e-03 2.1694517e-03 2.6862250e-03 3.1596334e-03 3.5264661e-03 3.7289635e-03 3.7820675e-03 3.7782372e-03 3.6849561e-03 3.5050449e-03 3.2800247e-03 3.0695453e-03 2.9405564e-03 2.9073784e-03 2.9299762e-03 3.8466114e-03 1.0579350e-02 2.5308335e-02 4.6452844e-02 7.2537629e-02 1.0172479e-01 1.3150073e-01 1.5927759e-01 1.8185506e-01 1.9702486e-01 2.0339902e-01 2.0481335e-01 2.0486271e-01 1.9952073e-01 1.8557069e-01 1.6457685e-01 1.3908587e-01 1.1116966e-01 8.2516496e-02 5.4336493e-02 2.7473713e-02 2.2809536e-03 -2.0780016e-02 -4.1017205e-02 -5.7931210e-02 -7.1332154e-02 -8.1390908e-02 -8.8268339e-02
1.7930405e-04 2.8790657e-04 4.5963769e-04 7.1412388e-04 1.0627905e-03 1.5035873e-03 2.0154856e-03 2.5542298e-03 3.0588011e-03 3.4709307e-03 3.7299821e-03 3.8148489e-03 3.8231891e-03 3.7670058e-03 3.6033874e-03 3.3701602e-03 3.1280433e-03 2.9427937e-03 2.8684080e-03 2.8545791e-03 3.0415692e-03 5.8581377e-03 1.6661409e-02 3.5091749e-02 5.9511901e-02 8.8135765e-02 1.1857912e-01 1.4829816e-01 1.7434281e-01 1.9341459e-01 2.0380155e-01 2.0658786e-01 2.0718920e-01 2.0512620e-01 1.9476089e-01 1.7613171e-01 1.5182954e-01 1.2424718e-01 9.5128559e-02 6.5887177e-02 3.7675836e-02 1.1199355e-02 -1.3157137e-02 -3.4878486e-02 -5.3461556e-02 -6.8543024e-02 -8.0102109e-02 -8.8323976e-02 -9.3358336e-02
2.2732183e-04 3.7430080e-04 6.0110193e-04 9.2362254e-04 1.3447446e-03 1.8492660e-03 2.3993867e-03 2.9367812e-03 3.3924226e-03 3.7046982e-03 3.8331372e-03 3.8557387e-03 3.8249631e-03 3.6915316e-03 3.4654297e-03 3.2039973e-03 2.9744493e-03 2.8455262e-03 2.8140795e-03 2.8345650e-03 3.5639254e-03 9.8474524e-03 2.4800432e-02 4.6840152e-02 7.4272562e-02 1.0493492e-01 1.3597481e-01 1.6454414e-01 1.8755047e-01 2.0236272e-01 2.0813426e-01 2.0917786e-01 2.0905090e-01 2.0285650e-01 1.8711380e-01 1.6452100e-01 1.3763002e-01 1.0852084e-01 7.8710826e-02 4.9320928e-02 2.1339892e-02 -4.4994666e-03 -2.7672160e-02 -4.7760652e-02 -6.4486637e-02 -7.7674354e-02 -8.7375892e-02 -9.3725009e-02 -9.6881683e-02
2.9580056e-04 4.9284056e-04 7.8556194e-04 1.1828715e-03 1.6738964e-03 2.2265426e-03 2.7878388e-03 3.2884471e-03 3.6575452e-03 3.8391051e-03 3.8798291e-03 3.8701065e-03 3.7684947e-03 3.5604250e-03 3.2946796e-03 3.0324367e-03 2.8469658e-03 2.7824075e-03 2.7703252e-03 2.9210602e-03 5.3271633e-03 1.6000876e-02 3.5059702e-02 6.0516697e-02 9.0396556e-02 1.2224400e-01 1.5304429e-01 1.7956889e-01 1.9896444e-01 2.0889882e-01 2.1128647e-01 2.1158620e-01 2.0897475e-01 1.9730920e-01 1.7698088e-01 1.5120501e-01 1.2236641e-01 9.2223612e-02 6.2072240e-02 3.2872074e-02 5.5131230e-03 -1.9258330e-02 -4.0972149e-02 -5.9347800e-02 -7.4208312e-02 -8.5517428e-02 -9.3306043e-02 -9.7632955e-02 -9.9109226e-02
3.9278977e-04 6.5177164e-04 1.0190547e-03 1.4908932e-03 2.0405588e-03 2.6199631e-03 3.1599252e-03 3.5853429e-03 3.8310119e-03 3.8963471e-03 3.8991565e-03 3.8385640e-03 3.6547799e-03 3.3946219e-03 3.1151478e-03 2.8830800e-03 2.7691096e-03 2.7451794e-03 2.7615946e-03 3.3475062e-03 9.0852644e-03 2.4395871e-02 4.7414380e-02 7.5945228e-02 1.0765202e-01 1.3982965e-01 1.6929422e-01 1.9282386e-01 2.0777634e-01 2.1305013e-01 2.1380571e-01 2.1321611e-01 2.0607835e-01 1.8886890e-01 1.6477251e-01 1.3656860e-01 1.0635669e-01 7.5590115e-02 4.5421279e-02 1.6743448e-02 -9.5921730e-03 -3.2981233e-02 -5.3083530e-02 -6.9680379e-02 -8.2684707e-02 -9.2146459e-02 -9.7931845e-02 -1.0023139e-01 -1.0092880e-01
5.2703182e-04 8.5854593e-04 1.3033044e-03 1.8412546e-03 2.4299923e-03 3.0046194e-03 3.4846003e-03 3.7984933e-03 3.9126422e-03 3.9240771e-03 3.8972680e-03 3.7536395e-03 3.5048534e-03 3.2176857e-03 2.9541883e-03 2.7829612e-03 2.7333632e-03 2.7251023e-03 2.8319252e-03 4.8400557e-03 1.5257910e-02 3.5027859e-02 6.1672065e-02 9.2720227e-02 1.2552865e-01 1.5714562e-01 1.8432196e-01 2.0406598e-01 2.1376420e-01 2.1586821e-01 2.1606794e-01 2.1282623e-01 1.9990101e-01 1.7818241e-01 1.5100504e-01 1.2093094e-01 8.9794410e-02 5.8852846e-02 2.9073348e-02 1.2242132e-03 -2.3876821e-02 -4.5745562e-02 -6.4162470e-02 -7.8953284e-02 -9.0076865e-02 -9.7603108e-02 -1.0126386e-01 -1.0231899e-01 -1.0275811e-01
7.0580669e-04 1.1161259e-03 1.6336932e-03 2.2221925e-03 2.8214657e-03 3.3518372e-03 3.7352210e-03 3.9141526e-03 3.9479625e-03 3.9369447e-03 3.8432202e-03 3.6241310e-03 3.3385721e-03 3.0541350e-03 2.8343562e-03 2.7387594e-03 2.7222970e-03 2.7294440e-03 3.1976395e-03 8.4653227e-03 2.3955372e-02 4.7836749e-02 7.7561207e-02 1.1040943e-01 1.4353539e-01 1.7378161e-01 1.9784475e-01 2.1278392e-01 2.1765423e-01 2.1826667e-01 2.1742130e-01 2.0940268e-01 1.9105431e-01 1.6562836e-01 1.3600136e-01 1.0459605e-01 7.2996777e-02 4.2238254e-02 1.3142842e-02 -1.3603352e-02 -3.7286338e-02 -5.7574635e-02 -7.4243499e-02 -8.7210210e-02 -9.6472135e-02 -1.0194496e-01 -1.0387222e-01 -1.0438263e-01 -1.0458278e-01
9.3437083e-04 1.4227333e-03 2.0015651e-03 2.6162230e-03 3.1896348e-03 3.6378214e-03 3.8965067e-03 3.9665600e-03 3.9712654e-03 3.9184019e-03 3.7402787e-03 3.4716099e-03 3.1769288e-03 2.9229862e-03 2.7685933e-03 2.7271647e-03 2.7208898e-03 2.7980871e-03 4.6054767e-03 1.4875817e-02 3.5152780e-02 6.2696882e-02 9.4813098e-02 1.2866119e-01 1.6117255e-01 1.8905580e-01 2.0906958e-01 2.1842381e-01 2.2030745e-01 2.2038175e-01 2.1674914e-01 2.0287425e-01 1.8001756e-01 1.5149934e-01 1.2004844e-01 8.7834832e-02 5.6101900e-02 2.5772976e-02 -2.3986307e-03 -2.7835539e-02 -4.9934727e-02 -6.8538288e-02 -8.3408044e-02 -9.4522008e-02 -1.0187732e-01 -1.0521595e-01 -1.0617372e-01 -1.0653196e-01 -1.0625106e-01
1.2146081e-03 1.7731977e-03 2.3930851e-03 3.0001744e-03 3.5092023e-03 3.8477423e-03 3.9783134e-03 3.9979844e-03 3.9775795e-03 3.8521704e-03 3.6110459e-03 3.3186436e-03 3.0384036e-03 2.8321755e-03 2.7437447e-03 2.7274729e-03 2.7302666e-03 3.1720478e-03 8.3716091e-03 2.4056420e-02 4.8540459e-02 7.9123905e-02 1.1284207e-01 1.4675866e-01 1.7765295e-01 2.0224295e-01 2.1719328e-01 2.2173830e-01 2.2241789e-01 2.2135729e-01 2.1284725e-01 1.9373603e-01 1.6706621e-01 1.3612806e-01 1.0340022e-01 7.0684335e-02 3.8970888e-02 9.4103908e-03 -1.7453396e-02 -4.1349330e-02 -6.1750197e-02 -7.8595344e-02 -9.1670212e-02 -1.0093311e-01 -1.0629027e-01 -1.0803576e-01 -1.0859504e-01 -1.0872367e-01 -1.0767816e-01
1.5437817e-03 2.1551589e-03 2.7856867e-03 3.3480066e-03 3.7653313e-03 3.9763313e-03 4.0229290e-03 4.0242267e-03 3.9511154e-03 3.7504776e-03 3.4714331e-03 3.1778014e-03 2.9301631e-03 2.7800828e-03 2.7369995e-03 2.7278813e-03 2.8019819e-03 4.6384396e-03 1.5098819e-02 3.5690329e-02 6.3735016e-02 9.6524906e-02 1.3103048e-01 1.6417428e-01 1.9263722e-01 2.1309867e-01 2.2226386e-01 2.2402479e-01 2.2419150e-01 2.2020641e-01 2.0593812e-01 1.8218669e-01 1.5232379e-01 1.1953321e-01 8.5998602e-02 5.3204656e-02 2.2037706e-02 -6.4677809e-03 -3.1981797e-02 -5.4274545e-02 -7.2977913e-02 -8.8018064e-02 -9.9236037e-02 -1.0654309e-01 -1.0991409e-01 -1.1081646e-01 -1.1114710e-01 -1.1076878e-01 -1.0881288e-01
1.9104951e-03 2.5494965e-03 3.1574067e-03 3.6457525e-03 3.9495089e-03 4.0478955e-03 4.0588660e-03 4.0294674e-03 3.8805892e-03 3.6266200e-03 3.3317097e-03 3.0554961e-03 2.8494552e-03 2.7536341e-03 2.7338719e-03 2.7345927e-03 3.2090674e-03 8.6320566e-03 2.4610513e-02 4.9356027e-02 8.0253166e-02 1.1449915e-01 1.4906213e-01 1.8057791e-01 2.0562012e-01 2.2080448e-01 2.2523336e-01 2.2580248e-01 2.2475739e-01 2.1593749e-01 1.9618217e-01 1.6857998e-01 1.3621470e-01 1.0202454e-01 6.8214853e-02 3.5845479e-02 5.5863411e-03 -2.1844953e-02 -4.5994971e-02 -6.6647442e-02 -8.3654830e-02 -9.6860754e-02 -1.0612470e-01 -1.1131375e-01 -1.1305431e-01 -1.1361459e-01 -1.1367476e-01 -1.1240684e-01 -1.0964739e-01
2.3051204e-03 2.9474214e-03 3.4969357e-03 3.8847842e-03 4.0613399e-03 4.0938244e-03 4.0862592e-03 3.9946425e-03 3.7760461e-03 3.4899124e-03 3.1971399e-03 2.9509443e-03 2.7935935e-03 2.7414805e-03 2.7305319e-03 2.8218645e-03 4.9433429e-03 1.5780675e-02 3.6516526e-02 6.4715532e-02 9.7802468e-02 1.3278953e-01 1.6649694e-01 1.9537216e-01 2.1597673e-01 2.2526733e-01 2.2693371e-01 2.2689230e-01 2.2316269e-01 2.0841556e-01 1.8393729e-01 1.5316328e-01 1.1895052e-01 8.4029852e-02 5.0327173e-02 1.8503547e-02 -1.0881186e-02 -3.6966704e-02 -5.9511231e-02 -7.8428892e-02 -9.3647007e-02 -1.0496563e-01 -1.1219841e-01 -1.1529128e-01 -1.1611632e-01 -1.1654542e-01 -1.1587363e-01 -1.1360544e-01 -1.1010333e-01
2.7133718e-03 3.3186798e-03 3.7831652e-03 4.0525031e-03 4.1254112e-03 4.1297420e-03 4.0837367e-03 3.9124859e-03 3.6457971e-03 3.3468170e-03 3.0720248e-03 2.8651522e-03 2.7599536e-03 2.7373195e-03 2.7409693e-03 3.4067574e-03 9.6259915e-03 2.5815412e-02 5.0381338e-02 8.1297875e-02 1.1584089e-01 1.5077868e-01 1.8271061e-01 2.0800563e-01 2.2308882e-01 2.2741267e-01 2.2792996e-01 2.2696781e-01 2.1825119e-01 1.9790250e-01 1.6941916e-01 1.3611219e-01 1.0060740e-01 6.5517986e-02 3.2169138e-02 1.0373168e-03 -2.7065416e-02 -5.1572708e-02 -7.2470000e-02 -8.9616702e-02 -1.0294709e-01 -1.1228722e-01 -1.1736057e-01 -1.1890812e-01 -1.1924189e-01 -1.1931379e-01 -1.1765431e-01 -1.1441634e-01 -1.1007180e-01
3.0999695e-03 3.6392926e-03 4.0000100e-03 4.1464956e-03 4.1654832e-03 4.1463684e-03 4.0297899e-03 3.7913345e-03 3.4973696e-03 3.2042206e-03 2.9611078e-03 2.8031585e-03 2.7471361e-03 2.7374155e-03 2.9168263e-03 5.8890692e-03 1.7452526e-02 3.7967730e-02 6.5692488e-02 9.8912865e-02 1.3412961e-01 1.6801504e-01 1.9716504e-01 2.1782999e-01 2.2681061e-01 2.2823440e-01 2.2831022e-01 2.2490813e-01 2.0999093e-01 1.8462401e-01 1.5287973e-01 1.1774034e-01 8.1543941e-02 4.6467786e-02 1.3698894e-02 -1.6139260e-02 -4.2625705e-02 -6.5493956e-02 -8.4643248e-02 -9.9935912e-02 -1.1132609e-01 -1.1859112e-01 -1.2155326e-01 -1.2223236e-01 -1.2233480e-01 -1.2162064e-01 -1.1882958e-01 -1.1452060e-01 -1.0954612e-01
3.4528219e-03 3.9046613e-03 4.1378518e-03 4.1910825e-03 4.1869748e-03 4.1174142e-03 3.9215794e-03 3.6403153e-03 3.3396520e-03 3.0698834e-03 2.8707293e-03 2.7680653e-03 2.7475077e-03 2.7754231e-03 3.9216128e-03 1.1476706e-02 2.7857216e-02 5.1953537e-02 8.2316332e-02 1.1688352e-01 1.5176932e-01 1.8380934e-01 2.0931904e-01 2.2443633e-01 2.2851312e-01 2.2873573e-01 2.2806734e-01 2.1947442e-01 1.9835228e-01 1.6887909e-01 1.3462880e-01 9.8240225e-02 6.1990699e-02 2.7541944e-02 -4.1208246e-03 -3.2438616e-02 -5.7282470e-02 -7.8430810e-02 -9.5772812e-02 -1.0923729e-01 -1.1874445e-01 -1.2372018e-01 -1.2508814e-01 -1.2548629e-01 -1.2509336e-01 -1.2301754e-01 -1.1904955e-01 -1.1406967e-01 -1.0846279e-01
3.7543218e-03 4.0857146e-03 4.1937523e-03 4.2099488e-03 4.1731695e-03 4.0227425e-03 3.7708675e-03 3.4706845e-03 3.1846002e-03 2.9536899e-03 2.8088298e-03 2.7622634e-03 2.7557882e-03 3.1412902e-03 7.3561529e-03 1.9891274e-02 4.0267056e-02 6.7296726e-02 9.9476153e-02 1.3421204e-01 1.6800978e-01 1.9732285e-01 2.1830530e-01 2.2767792e-01 2.2899341e-01 2.2851137e-01 2.2522991e-01 2.1001327e-01 1.8385660e-01 1.5124421e-01 1.1525289e-01 7.8283959e-02 4.2493968e-02 9.1567652e-03 -2.1026259e-02 -4.7758366e-02 -7.0879028e-02 -9.0246272e-02 -1.0575408e-01 -1.1729812e-01 -1.2471236e-01 -1.2756726e-01 -1.2817888e-01 -1.2837944e-01 -1.2699976e-01 -1.2349139e-01 -1.1869923e-01 -1.1299700e-01 -1.0667305e-01
3.9859621e-03 4.1617229e-03 4.2004585e-03 4.1998482e-03 4.0960164e-03 3.8787909e-03 3.5951097e-03 3.2984877e-03 3.0453644e-03 2.8656225e-03 2.7865299e-03 2.7678709e-03 2.8832622e-03 4.9341105e-03 1.3667303e-02 3.0197853e-02 5.3715716e-02 8.3061848e-02 1.1633974e-01 1.5083371e-01 1.8289119e-01 2.0843990e-01 2.2378624e-01 2.2794205e-01 2.2845957e-01 2.2714654e-01 2.1856182e-01 1.9733388e-01 1.6725903e-01 1.3227854e-01 9.5246546e-02 5.8451878e-02 2.3578089e-02 -8.4211053e-03 -3.6999952e-02 -6.1997091e-02 -8.3293508e-02 -1.0086872e-01 -1.1455642e-01 -1.2417324e-01 -1.2931854e-01 -1.3067263e-01 -1.3092373e-01 -1.3049167e-01 -1.2767333e-01 -1.2315556e-01 -1.1741939e-01 -1.1096916e-01 -1.0410340e-01
4.1105969e-03 4.1770026e-03 4.1940527e-03 4.1472689e-03 3.9625971e-03 3.7017891e-03 3.4114367e-03 3.1418070e-03 2.9359372e-03 2.8213849e-03 2.7908403e-03 2.8110351e-03 3.7194603e-03 9.3574075e-03 2.2033608e-02 4.1707665e-02 6.7786693e-02 9.8943229e-02 1.3284903e-01 1.6653313e-01 1.9598281e-01 2.1689902e-01 2.2609007e-01 2.2772715e-01 2.2757856e-01 2.2354870e-01 2.0838680e-01 1.8228837e-01 1.4913006e-01 1.1254423e-01 7.5206323e-02 3.9142985e-02 5.5491925e-03 -2.4923370e-02 -5.1870727e-02 -7.5106955e-02 -9.4672433e-02 -1.1048729e-01 -1.2225527e-01 -1.2974421e-01 -1.3265674e-01 -1.3312713e-01 -1.3309542e-01 -1.3119938e-01 -1.2723694e-01 -1.2180211e-01 -1.1526861e-01 -1.0817929e-01 -1.0088294e-01
4.1551782e-03 4.1758893e-03 4.1681077e-03 4.0365504e-03 3.7946388e-03 3.5145033e-03 3.2409142e-03 3.0158571e-03 2.8703819e-03 2.8186661e-03 2.8092944e-03 3.1758642e-03 6.5565019e-03 1.5927821e-02 3.1720685e-02 5.4030244e-02 8.2276167e-02 1.1494218e-01 1.4915055e-01 1.8130130e-01 2.0699311e-01 2.2236965e-01 2.2672648e-01 2.2679322e-01 2.2580186e-01 2.1680139e-01 1.9557061e-01 1.6550230e-01 1.3014451e-01 9.2749154e-02 5.5657694e-02 2.0528809e-02 -1.1697829e-02 -4.0532576e-02 -6.5708181e-02 -8.7168404e-02 -1.0496962e-01 -1.1891595e-01 -1.2860118e-01 -1.3369714e-01 -1.3496529e-01 -1.3496091e-01 -1.3408528e-01 -1.3091771e-01 -1.2586613e-01 -1.1951665e-01 -1.1233883e-01 -1.0474581e-01 -9.7120643e-02
