visualization/geoclaw_output/chile2010/eta_0001.asc
ncols     360
nrows     360
xllcorner -1.199166666650000e+02
yllcorner -5.991666666500000e+01
cellsize  1.666666700000000e-01
nodata_value       -9999
[rows 110 to 131 of 360, columns 300 to 349 of 360]
1.7177358e+03 2.6857563e+03 3.6405622e+03 4.1767966e+03 4.3727633e+03 4.4890229e+03 4.3912889e+03 4.0325261e+03 3.8282490e+03 3.7852554e+03 3.7675041e+03 3.7905063e+03 3.8010065e+03 3.7907562e+03 3.7590037e+03 3.7004985e+03 3.6834998e+03 3.6904981e+03 3.9494938e+03 4.2519916e+03 4.0102470e+03 3.7054908e+03 3.5552587e+03 3.3559998e+03 3.0587158e+03 2.6597085e+03 2.4922180e+03 2.5860332e+03 2.4283082e+03 2.1762946e+03 2.1040672e+03 1.9810525e+03 1.8379878e+03 1.7157714e+03 1.8297769e+03 1.9787304e+03 1.9174789e+03 1.6509635e+03 1.2109907e+03 8.0900977e+02 5.6850476e+02 4.1275626e+02 3.3400065e+02 3.2424738e+02 3.1624939e+02 3.1350008e+02 3.1324980e+02 3.1874810e+02 3.1349839e+02 2.9674980e+02
1.6982675e+03 2.5920090e+03 3.3497346e+03 3.9779853e+03 4.3132463e+03 4.2962583e+03 4.1015080e+03 3.8600018e+03 3.8167529e+03 3.7375024e+03 3.7270024e+03 3.7357526e+03 3.7400033e+03 3.7365026e+03 3.7275014e+03 3.7052508e+03 3.6842500e+03 3.6927516e+03 3.9117624e+03 4.1890187e+03 4.0679936e+03 3.8052430e+03 3.5000002e+03 3.6671994e+03 3.6561871e+03 3.1307152e+03 2.8804690e+03 2.6447069e+03 2.2177255e+03 2.0059827e+03 1.8552227e+03 1.6884946e+03 1.6967853e+03 1.3465385e+03 1.6447530e+03 2.0350106e+03 1.8937751e+03 1.5817981e+03 9.9054531e+02 6.5326553e+02 4.7451051e+02 3.4250513e+02 3.3149976e+02 3.4349951e+02 3.2399935e+02 3.2024882e+02 3.3049739e+02 3.5749560e+02 3.5774442e+02 3.1924654e+02
1.5395085e+03 2.3192858e+03 3.1692953e+03 3.8775314e+03 4.2677612e+03 4.2647468e+03 4.2907108e+03 4.1724468e+03 3.8684886e+03 3.7554947e+03 3.7549929e+03 3.7090018e+03 3.6997533e+03 3.7200001e+03 3.7359972e+03 3.7099984e+03 3.6820003e+03 3.6810003e+03 3.7630119e+03 3.9240247e+03 4.1442439e+03 4.1254543e+03 3.7549578e+03 3.8970132e+03 3.9917583e+03 3.5504661e+03 3.2264743e+03 2.9124994e+03 2.4517362e+03 2.3384627e+03 2.2372147e+03 2.0474463e+03 1.7562045e+03 1.3484607e+03 1.7209844e+03 1.9470038e+03 1.5680282e+03 1.0642866e+03 7.4499465e+02 5.6324914e+02 3.6000823e+02 3.3799556e+02 3.6499473e+02 3.5649835e+02 3.3674856e+02 3.3699844e+02 3.5549852e+02 3.9674798e+02 4.1249663e+02 3.5674733e+02
1.3752687e+03 1.8565407e+03 2.7977660e+03 3.5785180e+03 4.0625228e+03 4.3824836e+03 4.6619779e+03 4.4425089e+03 3.8767602e+03 3.7247605e+03 3.7177633e+03 3.6742539e+03 3.6802500e+03 3.7137510e+03 3.7377525e+03 3.7262489e+03 3.7009965e+03 3.6857489e+03 3.6852509e+03 3.9404723e+03 4.2364909e+03 4.4189973e+03 4.1989688e+03 3.8939871e+03 4.0299853e+03 3.8932273e+03 3.4764844e+03 3.0434788e+03 2.6334837e+03 2.5495026e+03 2.5589822e+03 2.4749831e+03 2.1002387e+03 1.8497063e+03 1.8452451e+03 1.6242998e+03 1.2787696e+03 9.2323650e+02 8.5698679e+02 6.4548721e+02 4.0148480e+02 4.3398854e+02 4.2999452e+02 3.7974780e+02 3.5474846e+02 3.6074763e+02 3.7249867e+02 3.8525395e+02 3.9525627e+02 3.7225012e+02
1.1475193e+03 1.5582589e+03 2.6405102e+03 3.4854974e+03 3.9309991e+03 4.4437562e+03 4.7947500e+03 4.6369584e+03 4.1576926e+03 3.7694819e+03 3.6499979e+03 3.6450009e+03 3.6660024e+03 3.6872535e+03 3.7050029e+03 3.7267510e+03 3.7207502e+03 3.6912502e+03 3.6804999e+03 3.9660236e+03 4.2335097e+03 4.3297677e+03 4.2027808e+03 3.9964958e+03 4.0002698e+03 3.7690438e+03 3.4980122e+03 3.2122431e+03 2.8597285e+03 2.7747096e+03 2.8324721e+03 2.7057283e+03 2.2992280e+03 2.1504936e+03 1.8994959e+03 1.3005040e+03 1.1505018e+03 9.9775113e+02 8.4776489e+02 7.9198834e+02 6.0248163e+02 5.3574451e+02 4.8149690e+02 4.0724761e+02 3.7674786e+02 3.9649639e+02 4.1074493e+02 3.7474778e+02 3.4825155e+02 3.5000361e+02
1.1499801e+03 1.5564913e+03 2.3510387e+03 3.1490596e+03 3.7845257e+03 4.4122490e+03 4.5940339e+03 4.3698372e+03 4.0948186e+03 3.9027457e+03 3.7954775e+03 3.6372504e+03 3.6480006e+03 3.6597511e+03 3.6772517e+03 3.7072522e+03 3.7102516e+03 3.7092467e+03 3.7087453e+03 3.9277326e+03 4.3034783e+03 4.3699754e+03 4.1494779e+03 4.0797401e+03 3.8889988e+03 3.6204810e+03 3.5827234e+03 3.2317537e+03 2.8117798e+03 2.6530614e+03 2.7302955e+03 2.8727436e+03 2.5887232e+03 2.2307428e+03 1.9472461e+03 1.3387395e+03 1.1649958e+03 1.0509898e+03 8.2048959e+02 9.5998332e+02 8.0648400e+02 5.8499721e+02 5.1224793e+02 4.4049678e+02 4.1199619e+02 4.3799661e+02 4.5299797e+02 3.9099949e+02 3.3725030e+02 3.2475063e+02
1.1882635e+03 1.5160157e+03 1.9942719e+03 2.6035331e+03 3.4425325e+03 4.2317818e+03 4.3120139e+03 3.9519833e+03 3.7824841e+03 3.8305167e+03 3.7805253e+03 3.6325004e+03 3.6412506e+03 3.6747463e+03 3.6817475e+03 3.6937500e+03 3.7417430e+03 3.7724925e+03 3.7672447e+03 4.0137529e+03 4.4609950e+03 4.6054846e+03 4.3499880e+03 4.1899911e+03 4.0062312e+03 3.7899903e+03 3.6505153e+03 3.3049838e+03 2.8874569e+03 2.6339413e+03 2.5767303e+03 2.9282470e+03 2.8017406e+03 2.2380060e+03 2.0092434e+03 1.3907518e+03 1.1307601e+03 1.0795054e+03 8.9274816e+02 1.0540008e+03 9.2024671e+02 6.2174654e+02 5.3799769e+02 4.7299769e+02 4.4874756e+02 4.6874816e+02 4.6749957e+02 3.9449991e+02 3.3450017e+02 3.1800051e+02
1.1327459e+03 1.3557618e+03 1.7720162e+03 2.3592588e+03 3.2427517e+03 3.9825109e+03 4.2989882e+03 4.2967074e+03 4.0139761e+03 3.7692437e+03 3.7144859e+03 3.7707257e+03 3.7214856e+03 3.6979997e+03 3.6930006e+03 3.6675045e+03 3.7155116e+03 3.7925041e+03 3.8254953e+03 3.9340109e+03 4.3450251e+03 4.5722713e+03 4.4782400e+03 4.3637290e+03 4.1219991e+03 4.0654623e+03 3.7559664e+03 3.3310119e+03 3.2394828e+03 3.1454710e+03 2.7484903e+03 2.9122558e+03 2.7872619e+03 2.1215141e+03 1.9845110e+03 1.5952130e+03 1.2459699e+03 1.0320028e+03 9.8473599e+02 1.1237372e+03 9.2175306e+02 6.2325323e+02 5.6599750e+02 5.0124746e+02 4.7349819e+02 4.8124970e+02 4.7824858e+02 4.0874763e+02 3.6124521e+02 3.4924409e+02
1.2187392e+03 1.2310098e+03 1.5710186e+03 2.1255319e+03 3.0025401e+03 3.8497621e+03 4.2800152e+03 4.3700303e+03 4.1055082e+03 3.8639898e+03 3.8347433e+03 3.8120173e+03 3.7212646e+03 3.8809684e+03 3.8652194e+03 3.6297520e+03 3.6592481e+03 3.7647507e+03 3.8415020e+03 3.8847476e+03 4.3617218e+03 4.5092395e+03 4.2253042e+03 4.2267950e+03 4.0512633e+03 4.1710197e+03 3.8880110e+03 3.2734980e+03 3.3857419e+03 3.2695077e+03 2.9184802e+03 2.8682518e+03 2.6125184e+03 2.2009720e+03 1.8887556e+03 1.5707916e+03 1.3162681e+03 1.1262308e+03 1.1324884e+03 1.2204961e+03 9.3524456e+02 6.2174700e+02 5.7975013e+02 5.2049922e+02 4.8375004e+02 4.6650287e+02 4.5125614e+02 3.9800426e+02 3.6450426e+02 3.6200374e+02
1.1837671e+03 1.1712506e+03 1.4010111e+03 1.9447496e+03 2.7482542e+03 3.7277592e+03 4.1780025e+03 4.2559895e+03 4.2012249e+03 3.9969869e+03 3.8475045e+03 3.6717572e+03 3.6297514e+03 3.8432885e+03 3.8325366e+03 3.6209995e+03 3.6532529e+03 3.7624997e+03 3.8352491e+03 4.0369757e+03 4.4225178e+03 4.3365409e+03 3.9082510e+03 3.8825150e+03 4.0289905e+03 3.9095261e+03 3.5640458e+03 3.3259928e+03 3.3465150e+03 3.2227505e+03 3.2767070e+03 2.9144901e+03 2.5629902e+03 2.5612150e+03 2.0842100e+03 1.5027199e+03 1.2507432e+03 1.1777603e+03 1.0422775e+03 1.0580325e+03 8.4377156e+02 6.0925523e+02 5.6150307e+02 5.1625154e+02 4.7875083e+02 4.4925013e+02 4.1600000e+02 3.7300009e+02 3.4549903e+02 3.4299956e+02
1.0657537e+03 1.1407548e+03 1.2485159e+03 1.7810294e+03 2.5737767e+03 3.6592529e+03 4.1515021e+03 4.2635093e+03 4.3782439e+03 4.0220088e+03 3.7347655e+03 3.6217516e+03 3.6205003e+03 3.6232501e+03 3.6240000e+03 3.6240000e+03 3.6317508e+03 3.7122592e+03 3.8120051e+03 4.2162428e+03 4.3210000e+03 3.9677741e+03 3.7847709e+03 3.7442594e+03 3.8875347e+03 3.5677843e+03 3.2290131e+03 3.2945129e+03 3.2952439e+03 3.2932370e+03 3.5924874e+03 3.1024767e+03 2.5985036e+03 2.6815140e+03 2.2225159e+03 1.5755175e+03 1.1632724e+03 1.0375144e+03 9.1549468e+02 8.9049690e+02 7.8648839e+02 6.3074092e+02 5.4824925e+02 5.0400062e+02 4.6850097e+02 4.3975155e+02 4.1100089e+02 3.7774907e+02 3.5299965e+02 3.3725146e+02
1.0709953e+03 1.1025020e+03 1.1010104e+03 1.5055196e+03 2.3172689e+03 3.5430179e+03 4.0537653e+03 4.1755063e+03 4.2547782e+03 3.9050121e+03 3.7257360e+03 3.6137498e+03 3.6232492e+03 3.6257494e+03 3.6240000e+03 3.6240000e+03 3.6255003e+03 3.6425032e+03 3.7345088e+03 4.0952789e+03 4.1387826e+03 3.8407484e+03 3.7699816e+03 3.7462402e+03 3.7134962e+03 3.3140108e+03 3.0290225e+03 3.1402646e+03 3.3692429e+03 3.3972445e+03 3.2338269e+03 2.8943108e+03 2.4462736e+03 2.3327982e+03 1.9402845e+03 1.3712689e+03 1.1499798e+03 1.1399671e+03 1.0854750e+03 9.6274021e+02 8.5200000e+02 6.9024852e+02 5.5299991e+02 5.0299955e+02 4.6549955e+02 4.3000018e+02 3.9925121e+02 3.7400161e+02 3.4525174e+02 3.1825192e+02
1.1014992e+03 1.0730033e+03 1.0192543e+03 1.2805208e+03 2.0405309e+03 3.2997759e+03 3.9724992e+03 4.2027387e+03 4.0885015e+03 3.9002387e+03 3.8632393e+03 3.6177495e+03 3.6299995e+03 3.6354988e+03 3.6309987e+03 3.6240000e+03 3.6240000e+03 3.6287492e+03 3.6645038e+03 3.8250196e+03 3.8687658e+03 3.9847256e+03 3.9382382e+03 3.7532586e+03 3.7667443e+03 3.2767458e+03 2.8660067e+03 3.1722295e+03 3.4864860e+03 3.3742597e+03 3.0734514e+03 2.5272549e+03 2.0313011e+03 1.9517701e+03 1.6175235e+03 1.2355054e+03 1.2857459e+03 1.3959870e+03 1.2887386e+03 1.0509940e+03 8.7624562e+02 6.9999973e+02 5.5949892e+02 4.9850126e+02 4.6175113e+02 4.2175131e+02 3.8300171e+02 3.5575167e+02 3.2850126e+02 3.0200099e+02
1.0140168e+03 1.0357534e+03 1.0109972e+03 1.1497528e+03 1.7795164e+03 2.9467882e+03 3.8355258e+03 4.0672861e+03 4.1177431e+03 4.2184535e+03 4.0207321e+03 3.7547256e+03 3.7064865e+03 3.8242168e+03 3.8142179e+03 3.6304988e+03 3.6297490e+03 3.6387490e+03 3.6432500e+03 3.6837560e+03 3.7555046e+03 3.9885239e+03 4.0407432e+03 3.9064634e+03 3.7745044e+03 3.2582576e+03 2.8594944e+03 3.1165309e+03 3.2665542e+03 3.3025033e+03 3.3400005e+03 2.6902154e+03 2.2186643e+03 1.9322333e+03 1.3642724e+03 1.1672570e+03 1.2762559e+03 1.3452723e+03 1.2407703e+03 1.0340092e+03 8.5425842e+02 6.8650273e+02 5.4775323e+02 4.8175178e+02 4.4625168e+02 4.0825114e+02 3.7050055e+02 3.4025114e+02 3.1200173e+02 2.8650182e+02
9.1050211e+02 1.0217491e+03 9.9750533e+02 1.1162534e+03 1.6532567e+03 2.7265019e+03 3.7457405e+03 3.9494852e+03 4.0775143e+03 4.2152975e+03 4.0372650e+03 3.8865005e+03 3.8612352e+03 3.9717564e+03 3.8262802e+03 3.6454984e+03 3.6454982e+03 3.6617468e+03 3.6589971e+03 3.6732459e+03 3.7599945e+03 3.8709974e+03 4.0117622e+03 4.0102679e+03 3.6737641e+03 3.1340152e+03 2.9239938e+03 3.1602108e+03 3.1052250e+03 3.0975343e+03 3.0832966e+03 2.7032826e+03 2.5557746e+03 1.9495137e+03 1.1565155e+03 1.0182703e+03 1.1100246e+03 1.1000225e+03 1.1037547e+03 9.5450533e+02 7.1751662e+02 6.3075749e+02 5.1575262e+02 4.5700276e+02 4.2050303e+02 3.8750266e+02 3.6050129e+02 3.3000073e+02 2.9650110e+02 2.7025115e+02
8.7525440e+02 9.8700732e+02 9.0751130e+02 1.0627565e+03 1.5590107e+03 2.5727765e+03 3.7117659e+03 4.2604573e+03 4.2749490e+03 4.0007418e+03 3.9360036e+03 3.9932298e+03 3.9235034e+03 3.8045246e+03 3.6737478e+03 3.7102396e+03 3.7407342e+03 3.7167430e+03 3.6889974e+03 3.7254944e+03 3.8187447e+03 3.9704842e+03 3.9802436e+03 3.8790063e+03 3.6652374e+03 3.1827257e+03 3.1472149e+03 3.4047442e+03 3.1000262e+03 2.7535291e+03 2.8444972e+03 2.5502455e+03 2.3345162e+03 1.9289900e+03 1.1332387e+03 8.6950704e+02 8.7026959e+02 8.8976626e+02 1.0295090e+03 9.2100083e+02 6.0925329e+02 5.6425477e+02 4.8450315e+02 4.1775449e+02 3.8000445e+02 3.5425347e+02 3.3775292e+02 3.1850139e+02 2.8925023e+02 2.6125051e+02
8.5499935e+02 9.0725752e+02 8.0475780e+02 9.9250654e+02 1.4510093e+03 2.3052732e+03 3.4927749e+03 4.2585435e+03 4.4245236e+03 4.1832242e+03 3.8852558e+03 3.8905396e+03 3.8485106e+03 3.7889781e+03 3.8124763e+03 3.8214897e+03 3.7985051e+03 3.7427522e+03 3.7284952e+03 3.7837447e+03 3.9089885e+03 4.1357351e+03 4.1669716e+03 4.0244664e+03 3.8799726e+03 3.5547050e+03 3.5344630e+03 3.3922582e+03 2.8307739e+03 2.6514897e+03 2.8802461e+03 2.6904783e+03 2.3102382e+03 1.8525244e+03 1.3324742e+03 1.0004684e+03 7.5950093e+02 7.6500692e+02 9.1276276e+02 7.9977182e+02 5.1326463e+02 5.2275294e+02 4.6425061e+02 3.7750299e+02 3.4250252e+02 3.2375220e+02 3.0975229e+02 2.9625276e+02 2.7850178e+02 2.5450075e+02
9.0349152e+02 8.5625203e+02 7.6899887e+02 9.3175485e+02 1.3545088e+03 2.1829996e+03 3.4282370e+03 4.0012547e+03 4.1747733e+03 4.1775271e+03 4.0369655e+03 4.1029200e+03 4.0282055e+03 3.9982326e+03 3.9060063e+03 3.8175111e+03 3.7535033e+03 3.7337495e+03 3.7644980e+03 3.8364954e+03 3.9859971e+03 4.2017526e+03 4.2390151e+03 4.0265335e+03 3.7680487e+03 3.6350303e+03 3.6917577e+03 3.3652468e+03 2.8524718e+03 2.9049626e+03 2.8667565e+03 2.6330327e+03 2.4289895e+03 2.1349221e+03 1.6757113e+03 1.0892651e+03 7.9074317e+02 7.9448746e+02 7.7251357e+02 5.4552592e+02 4.1150443e+02 4.9225278e+02 4.5800057e+02 3.4475316e+02 3.1200321e+02 2.9575306e+02 2.8400255e+02 2.7050207e+02 2.5900189e+02 2.5274958e+02
9.6799629e+02 8.6774577e+02 8.0924349e+02 9.2899563e+02 1.3329952e+03 2.2454885e+03 3.4907512e+03 3.8672708e+03 3.9875121e+03 4.0257515e+03 4.0762773e+03 4.3595319e+03 4.3114911e+03 4.2517193e+03 4.0112236e+03 3.8297365e+03 3.7617451e+03 3.7714933e+03 3.8222410e+03 3.9262376e+03 4.0627384e+03 4.1867502e+03 4.1654988e+03 3.8475003e+03 3.5022514e+03 3.3590220e+03 3.4700344e+03 3.3727518e+03 3.0509907e+03 3.2414738e+03 2.9584760e+03 2.4330050e+03 2.4102641e+03 2.3940293e+03 1.8212614e+03 1.1242281e+03 9.2548127e+02 8.8624520e+02 7.2199591e+02 4.5474111e+02 3.9924786e+02 4.3700770e+02 4.1125832e+02 3.1225300e+02 2.8975100e+02 2.7725043e+02 2.6850038e+02 2.5700048e+02 2.4050162e+02 2.5874929e+02
1.1502188e+03 1.1114575e+03 9.4373077e+02 1.0004907e+03 1.4437336e+03 2.3202473e+03 3.4572552e+03 3.7142584e+03 3.8067725e+03 4.1614725e+03 4.0934691e+03 4.1992485e+03 4.4009918e+03 4.5119810e+03 4.2644780e+03 3.9292446e+03 3.8614858e+03 3.8844850e+03 3.9307383e+03 4.0649859e+03 4.3472072e+03 4.5216855e+03 4.2814790e+03 3.7727640e+03 3.3790222e+03 3.2340018e+03 3.2927493e+03 3.2295257e+03 3.1997309e+03 3.6464488e+03 3.1142443e+03 2.1587975e+03 2.1637830e+03 2.0945279e+03 1.6085293e+03 1.3604768e+03 1.2722024e+03 1.1234593e+03 8.5897785e+02 5.4224218e+02 4.8123643e+02 4.1049732e+02 3.3400642e+02 2.9175091e+02 2.8100067e+02 2.7200058e+02 2.6175091e+02 2.4975091e+02 2.3824880e+02 2.7149827e+02
1.4479739e+03 1.4062358e+03 1.0989894e+03 1.0502498e+03 1.6352295e+03 2.5422098e+03 3.4497462e+03 3.7244896e+03 3.6492578e+03 4.0815432e+03 4.3829751e+03 4.4429544e+03 4.5537287e+03 4.6889849e+03 4.4029954e+03 4.0004917e+03 4.0397298e+03 4.0894754e+03 4.1942109e+03 4.3579575e+03 4.5180102e+03 4.5605575e+03 4.1313002e+03 3.7137472e+03 3.4239689e+03 3.3572243e+03 3.3194956e+03 2.9865211e+03 3.2502595e+03 3.8687587e+03 3.0750133e+03 1.9934840e+03 1.9007676e+03 1.7140455e+03 1.3727660e+03 1.4370086e+03 1.4722593e+03 1.1915279e+03 8.5477316e+02 5.5600522e+02 4.9951015e+02 3.8600745e+02 2.9600087e+02 2.8225092e+02 2.7175111e+02 2.6500077e+02 2.5325073e+02 2.4599981e+02 2.6199662e+02 2.6750251e+02
1.5897487e+03 1.4157624e+03 1.1172572e+03 1.1027400e+03 1.7937397e+03 2.7142570e+03 3.4400058e+03 3.6555240e+03 3.4562798e+03 3.7822648e+03 4.2373035e+03 4.4447957e+03 4.6560016e+03 4.8184900e+03 4.5104837e+03 4.1274836e+03 4.3707058e+03 4.5559338e+03 4.5532194e+03 4.5472559e+03 4.3575211e+03 4.1250269e+03 3.9392368e+03 3.8314798e+03 3.6269918e+03 3.5334915e+03 3.3514982e+03 3.1192028e+03 3.4604494e+03 3.7040234e+03 2.9492611e+03 2.2347190e+03 1.8117497e+03 1.3165317e+03 1.0797910e+03 1.1215529e+03 1.1183096e+03 9.0477784e+02 7.0600566e+02 5.1425288e+02 4.1300663e+02 3.2750390e+02 2.8900049e+02 2.7600029e+02 2.6674985e+02 2.6075005e+02 2.4825024e+02 2.3725190e+02 2.4600653e+02 2.3025473e+02
