visualization/geoclaw_output/chile2010/eta_0011.asc
ncols     360
nrows     360
xllcorner -1.199166666650000e+02
yllcorner -5.991666666500000e+01
cellsize  1.666666700000000e-01
nodata_value       -9999
[rows 66 to 87 of 360, columns 147 to 195 of 360]
-9.4059339e-02 -9.6540093e-02 -9.7143583e-02 -9.7542869e-02 -9.8518218e-02 -9.8177965e-02 -9.6743100e-02 -9.3936509e-02 -9.0207238e-02 -8.5362798e-02 -7.9770559e-02 -7.3644552e-02 -6.6963172e-02 -6.0103143e-02 -5.3244243e-02 -4.6291534e-02 -3.9417572e-02 -3.2722526e-02 -2.6257149e-02 -1.9943884e-02 -1.3705143e-02 -7.5230540e-03 -1.4809061e-03 4.1552788e-03 9.5348122e-03 1.4414274e-02 1.8667422e-02 2.2470656e-02 2.5658765e-02 2.7824683e-02 2.8672087e-02 2.8654224e-02 2.8102569e-02 2.6821020e-02 2.4645909e-02 2.1664914e-02 1.8014583e-02 1.3821527e-02 9.2048687e-03 4.3910059e-03 -5.7955947e-04 -5.6753597e-03 -1.0755308e-02 -1.5759820e-02 -2.0650108e-02 -2.5334781e-02 -2.9722521e-02 -3.3788097e-02 -3.7544039e-02
-9.6487627e-02 -9.7969813e-02 -9.8351606e-02 -9.8501160e-02 -9.8434411e-02 -9.7356434e-02 -9.4936223e-02 -9.0982751e-02 -8.6016221e-02 -8.0180741e-02 -7.3805493e-02 -6.7186104e-02 -6.0315131e-02 -5.3349611e-02 -4.6504649e-02 -3.9768574e-02 -3.3243224e-02 -2.6943398e-02 -2.0870917e-02 -1.4933036e-02 -9.1239532e-03 -3.4914894e-03 1.9148407e-03 7.0957899e-03 1.2112218e-02 1.6520967e-02 2.0385140e-02 2.3782025e-02 2.6480947e-02 2.8071807e-02 2.8404668e-02 2.8164395e-02 2.7234381e-02 2.5469879e-02 2.2879348e-02 1.9555364e-02 1.5608758e-02 1.1242460e-02 6.5983493e-03 1.7923618e-03 -3.1429176e-03 -8.1620233e-03 -1.3143797e-02 -1.8055531e-02 -2.2829151e-02 -2.7390115e-02 -3.1666773e-02 -3.5608408e-02 -3.9204799e-02
-9.8090492e-02 -9.8456651e-02 -9.8799162e-02 -9.8688996e-02 -9.7528571e-02 -9.5071945e-02 -9.1440134e-02 -8.6543568e-02 -8.0627161e-02 -7.4044207e-02 -6.7215470e-02 -6.0408904e-02 -5.3563604e-02 -4.6704260e-02 -4.0076003e-02 -3.3691464e-02 -2.7584499e-02 -2.1745184e-02 -1.6131722e-02 -1.0641127e-02 -5.2636886e-03 -6.5369622e-05 4.8785579e-03 9.6261210e-03 1.4109968e-02 1.8049065e-02 2.1585355e-02 2.4571030e-02 2.6822040e-02 2.7768716e-02 2.7737305e-02 2.7244880e-02 2.5918611e-02 2.3770800e-02 2.0853225e-02 1.7282790e-02 1.3213167e-02 8.8116583e-03 4.2163918e-03 -5.2274098e-04 -5.3870695e-03 -1.0296607e-02 -1.5172731e-02 -1.9983156e-02 -2.4644948e-02 -2.9093206e-02 -3.3244542e-02 -3.7023770e-02 -4.0382458e-02
-9.8850698e-02 -9.8785819e-02 -9.8936471e-02 -9.7965780e-02 -9.5421556e-02 -9.1695384e-02 -8.6890445e-02 -8.1035240e-02 -7.4411715e-02 -6.7409111e-02 -6.0345541e-02 -5.3522982e-02 -4.6855160e-02 -4.0313754e-02 -3.4089654e-02 -2.8170592e-02 -2.2535654e-02 -1.7166113e-02 -1.1989061e-02 -6.9540679e-03 -2.0507828e-03 2.6807729e-03 7.2127599e-03 1.1554983e-02 1.5565913e-02 1.9162626e-02 2.2352704e-02 2.4981920e-02 2.6695450e-02 2.7008090e-02 2.6760011e-02 2.5876028e-02 2.4224874e-02 2.1817837e-02 1.8712726e-02 1.5048398e-02 1.0993743e-02 6.6389338e-03 2.1164700e-03 -2.5319895e-03 -7.2694033e-03 -1.2031545e-02 -1.6791162e-02 -2.1517382e-02 -2.6128841e-02 -3.0515341e-02 -3.4476448e-02 -3.7969485e-02 -4.1080394e-02
-9.9366485e-02 -9.8899397e-02 -9.8467472e-02 -9.6200000e-02 -9.1918692e-02 -8.6973371e-02 -8.1272147e-02 -7.4775113e-02 -6.7728261e-02 -6.0534745e-02 -5.3477127e-02 -4.6848092e-02 -4.0500786e-02 -3.4405282e-02 -2.8661997e-02 -2.3236591e-02 -1.8120241e-02 -1.3242215e-02 -8.5013302e-03 -3.8872303e-03 5.7168501e-04 4.8489657e-03 8.9563651e-03 1.2874168e-02 1.6552671e-02 1.9910795e-02 2.2850926e-02 2.5074529e-02 2.5940416e-02 2.5913055e-02 2.5409948e-02 2.4213163e-02 2.2325221e-02 1.9777016e-02 1.6609039e-02 1.2997051e-02 9.0451340e-03 4.8103600e-03 4.0153106e-04 -4.1604570e-03 -8.8168249e-03 -1.3496684e-02 -1.8178927e-02 -2.2797191e-02 -2.7256832e-02 -3.1448186e-02 -3.5240768e-02 -3.8632016e-02 -4.1649293e-02
-9.9062502e-02 -9.8083956e-02 -9.6038648e-02 -9.2364991e-02 -8.7257785e-02 -8.1414889e-02 -7.5001957e-02 -6.8039819e-02 -6.0747888e-02 -5.3608682e-02 -4.6804625e-02 -4.0504449e-02 -3.4598249e-02 -2.8996552e-02 -2.3788292e-02 -1.8892195e-02 -1.4259166e-02 -9.8435177e-03 -5.5715754e-03 -1.4293807e-03 2.5801164e-03 6.4475119e-03 1.0191308e-02 1.3761392e-02 1.7167064e-02 2.0345037e-02 2.3036857e-02 2.4545341e-02 2.4820628e-02 2.4595662e-02 2.3954224e-02 2.2500087e-02 2.0472228e-02 1.7918303e-02 1.4794989e-02 1.1253903e-02 7.4175140e-03 3.3206148e-03 -9.5895904e-04 -5.4225989e-03 -1.0027723e-02 -1.4682490e-02 -1.9314824e-02 -2.3770577e-02 -2.7977727e-02 -3.1939964e-02 -3.5587067e-02 -3.8912298e-02 -4.1652533e-02
-9.7989378e-02 -9.5630308e-02 -9.1760973e-02 -8.6976425e-02 -8.1217048e-02 -7.4807660e-02 -6.7966432e-02 -6.0839269e-02 -5.3683860e-02 -4.6889872e-02 -4.0500218e-02 -3.4633482e-02 -2.9230973e-02 -2.4165110e-02 -1.9511582e-02 -1.5139810e-02 -1.0995001e-02 -7.0584211e-03 -3.2565638e-03 4.4914056e-04 4.0511458e-03 7.5455068e-03 1.0982300e-02 1.4339647e-02 1.7600110e-02 2.0529023e-02 2.2675482e-02 2.3567876e-02 2.3537998e-02 2.3188865e-02 2.2480409e-02 2.0891728e-02 1.8848048e-02 1.6363759e-02 1.3362438e-02 9.9331547e-03 6.1916944e-03 2.1868215e-03 -2.0008698e-03 -6.3893187e-03 -1.0923427e-02 -1.5482378e-02 -1.9987868e-02 -2.4342437e-02 -2.8471666e-02 -3.2309911e-02 -3.5702258e-02 -3.8545589e-02 -4.0843945e-02
-9.5576034e-02 -9.1667513e-02 -8.6424025e-02 -8.0724138e-02 -7.4365755e-02 -6.7526461e-02 -6.0499970e-02 -5.3491619e-02 -4.6729060e-02 -4.0443721e-02 -3.4606528e-02 -2.9283679e-02 -2.4431114e-02 -1.9965028e-02 -1.5846875e-02 -1.1986914e-02 -8.3495078e-03 -4.9058511e-03 -1.5649603e-03 1.7517624e-03 5.0298069e-03 8.2650936e-03 1.1517763e-02 1.4777762e-02 1.7792237e-02 2.0221736e-02 2.1838861e-02 2.2291297e-02 2.2176620e-02 2.1834620e-02 2.1050311e-02 1.9513200e-02 1.7539717e-02 1.5139116e-02 1.2253890e-02 8.9593984e-03 5.3331217e-03 1.4432959e-03 -2.6497023e-03 -6.9529098e-03 -1.1436530e-02 -1.5950960e-02 -2.0402584e-02 -2.4681322e-02 -2.8608605e-02 -3.2072457e-02 -3.5010885e-02 -3.7478489e-02 -3.9490951e-02
-9.0834337e-02 -8.5774738e-02 -7.9939841e-02 -7.3695983e-02 -6.7036580e-02 -6.0113113e-02 -5.3210070e-02 -4.6526504e-02 -4.0229927e-02 -3.4481418e-02 -2.9244549e-02 -2.4526871e-02 -2.0289558e-02 -1.6409496e-02 -1.2810242e-02 -9.4502116e-03 -6.2943349e-03 -3.2910296e-03 -3.5706243e-04 2.5652793e-03 5.5704944e-03 8.6798058e-03 1.1885833e-02 1.4911795e-02 1.7524372e-02 1.9544244e-02 2.0728552e-02 2.0992460e-02 2.0942867e-02 2.0625776e-02 1.9843223e-02 1.8424944e-02 1.6563371e-02 1.4274075e-02 1.1520854e-02 8.3475204e-03 4.8450481e-03 1.0600734e-03 -2.9689357e-03 -7.2628582e-03 -1.1743637e-02 -1.6187008e-02 -2.0424735e-02 -2.4322090e-02 -2.7826746e-02 -3.0941117e-02 -3.3650038e-02 -3.5972794e-02 -3.7862460e-02
-8.4818647e-02 -7.8894313e-02 -7.2626108e-02 -6.6084040e-02 -5.9400729e-02 -5.2647544e-02 -4.6037730e-02 -3.9895860e-02 -3.4232457e-02 -2.9091136e-02 -2.4475070e-02 -2.0358478e-02 -1.6710219e-02 -1.3401524e-02 -1.0355032e-02 -7.5304532e-03 -4.8615690e-03 -2.2780617e-03 3.3182633e-04 3.0517941e-03 5.9698287e-03 8.9671391e-03 1.1861994e-02 1.4561463e-02 1.6919960e-02 1.8652200e-02 1.9590356e-02 1.9853507e-02 1.9858692e-02 1.9627939e-02 1.8999016e-02 1.7720308e-02 1.6000786e-02 1.3832306e-02 1.1191335e-02 8.0656722e-03 4.5814482e-03 8.2995245e-04 -3.1447055e-03 -7.2938150e-03 -1.1508310e-02 -1.5613939e-02 -1.9516868e-02 -2.3160518e-02 -2.6501101e-02 -2.9495552e-02 -3.2113287e-02 -3.4352568e-02 -3.6130680e-02
-7.7908231e-02 -7.1609820e-02 -6.5016627e-02 -5.8314985e-02 -5.1771433e-02 -4.5355226e-02 -3.9258080e-02 -3.3786683e-02 -2.8809063e-02 -2.4329874e-02 -2.0335322e-02 -1.6785364e-02 -1.3664622e-02 -1.0899523e-02 -8.4395346e-03 -6.1724805e-03 -4.0006529e-03 -1.7826637e-03 6.9482202e-04 3.4029709e-03 6.1865373e-03 8.9102150e-03 1.1499231e-02 1.3939528e-02 1.6068569e-02 1.7653578e-02 1.8534683e-02 1.8939037e-02 1.9055412e-02 1.8937201e-02 1.8538435e-02 1.7391227e-02 1.5760402e-02 1.3654983e-02 1.1023803e-02 7.8875217e-03 4.4919271e-03 9.8045513e-04 -2.6709077e-03 -6.4672115e-03 -1.0372845e-02 -1.4277835e-02 -1.8089970e-02 -2.1685394e-02 -2.4993452e-02 -2.7952585e-02 -3.0518660e-02 -3.2674174e-02 -3.4300418e-02
-7.0445207e-02 -6.3966503e-02 -5.7299858e-02 -5.0758441e-02 -4.4576059e-02 -3.8677461e-02 -3.3214995e-02 -2.8372262e-02 -2.3988307e-02 -2.0094050e-02 -1.6691881e-02 -1.3741368e-02 -1.1219241e-02 -9.0790630e-03 -7.2071280e-03 -5.4404847e-03 -3.5780849e-03 -1.4478744e-03 9.2826515e-04 3.3668428e-03 5.8497199e-03 8.3696008e-03 1.0853664e-02 1.3198883e-02 1.5209286e-02 1.6712407e-02 1.7660264e-02 1.8258705e-02 1.8569387e-02 1.8574738e-02 1.8364327e-02 1.7325562e-02 1.5653575e-02 1.3574319e-02 1.1088020e-02 8.2092769e-03 5.1771383e-03 1.9751750e-03 -1.4432464e-03 -5.0690317e-03 -8.8558339e-03 -1.2707434e-02 -1.6517104e-02 -2.0125146e-02 -2.3424840e-02 -2.6339037e-02 -2.8846089e-02 -3.0891367e-02 -3.2296938e-02
-6.2885148e-02 -5.6407824e-02 -4.9933167e-02 -4.3765578e-02 -3.8019150e-02 -3.2677685e-02 -2.7867927e-02 -2.3621034e-02 -1.9793873e-02 -1.6447258e-02 -1.3631930e-02 -1.1303717e-02 -9.4338039e-03 -7.9432947e-03 -6.6089141e-03 -5.0949416e-03 -3.3040841e-03 -1.3421720e-03 7.5049434e-04 2.9474714e-03 5.2572026e-03 7.6753567e-03 1.0118427e-02 1.2427273e-02 1.4424933e-02 1.5963012e-02 1.7072017e-02 1.7882469e-02 1.8406026e-02 1.8537310e-02 1.8390215e-02 1.7418483e-02 1.5895625e-02 1.4099832e-02 1.1924955e-02 9.3376265e-03 6.5371272e-03 3.4955916e-03 1.4878268e-04 -3.4472670e-03 -7.2228393e-03 -1.1097740e-02 -1.4932605e-02 -1.8549014e-02 -2.1814731e-02 -2.4666277e-02 -2.7101620e-02 -2.9005177e-02 -3.0105792e-02
-5.5122591e-02 -4.8916760e-02 -4.2915179e-02 -3.7260679e-02 -3.2031010e-02 -2.7292870e-02 -2.3086841e-02 -1.9370968e-02 -1.6136177e-02 -1.3433655e-02 -1.1279955e-02 -9.6485599e-03 -8.4432743e-03 -7.4110618e-03 -6.2343877e-03 -4.8711131e-03 -3.3771698e-03 -1.7267954e-03 1.3604904e-04 2.2313948e-03 4.5147791e-03 6.9368360e-03 9.3987589e-03 1.1740066e-02 1.3828819e-02 1.5539594e-02 1.6883951e-02 1.7884057e-02 1.8496919e-02 1.8695363e-02 1.8713451e-02 1.8142514e-02 1.6889010e-02 1.5309525e-02 1.3376485e-02 1.1031701e-02 8.3183950e-03 5.2943190e-03 1.9152957e-03 -1.7322704e-03 -5.5467820e-03 -9.4502997e-03 -1.3296810e-02 -1.6929727e-02 -2.0182053e-02 -2.2971044e-02 -2.5287989e-02 -2.6993299e-02 -2.7742937e-02
-4.7754725e-02 -4.1932629e-02 -3.6447293e-02 -3.1358566e-02 -2.6710504e-02 -2.2560316e-02 -1.8874099e-02 -1.5639392e-02 -1.3071316e-02 -1.1092483e-02 -9.7192922e-03 -8.8363701e-03 -8.0403520e-03 -7.1558133e-03 -6.2191532e-03 -5.1979681e-03 -3.9627087e-03 -2.4739945e-03 -6.8686479e-04 1.4342485e-03 3.7843256e-03 6.2882774e-03 8.8474267e-03 1.1326226e-02 1.3611599e-02 1.5537047e-02 1.7009953e-02 1.8050804e-02 1.8823298e-02 1.9417160e-02 1.9757621e-02 1.9520496e-02 1.8494079e-02 1.7085589e-02 1.5275819e-02 1.3017036e-02 1.0314081e-02 7.2505808e-03 3.7978639e-03 5.9283588e-05 -3.8266096e-03 -7.7800504e-03 -1.1662449e-02 -1.5294823e-02 -1.8513251e-02 -2.1248404e-02 -2.3421833e-02 -2.4865021e-02 -2.5244655e-02
-4.0977489e-02 -3.5638031e-02 -3.0698041e-02 -2.6161320e-02 -2.2083462e-02 -1.8508019e-02 -1.5396581e-02 -1.2817914e-02 -1.0970289e-02 -9.7787427e-03 -9.0505796e-03 -8.4360105e-03 -7.8379346e-03 -7.2844420e-03 -6.6951037e-03 -5.9361692e-03 -4.8559405e-03 -3.4130243e-03 -1.5899605e-03 6.1198392e-04 3.0992647e-03 5.7803024e-03 8.5917719e-03 1.1345276e-02 1.3797820e-02 1.5782748e-02 1.7365705e-02 1.8747156e-02 1.9962629e-02 2.0884130e-02 2.1405974e-02 2.1495497e-02 2.0708058e-02 1.9340663e-02 1.7513806e-02 1.5232672e-02 1.2466344e-02 9.2891008e-03 5.7142265e-03 1.8356673e-03 -2.1863570e-03 -6.2122959e-03 -1.0100742e-02 -1.3676484e-02 -1.6818873e-02 -1.9461301e-02 -2.1455764e-02 -2.2594296e-02 -2.2662871e-02
-3.4937332e-02 -3.0097286e-02 -2.5701559e-02 -2.1737137e-02 -1.8246614e-02 -1.5261171e-02 -1.2785476e-02 -1.0932159e-02 -9.8340675e-03 -9.2115085e-03 -8.7363464e-03 -8.4163090e-03 -8.2187417e-03 -8.0009158e-03 -7.6188946e-03 -6.9608620e-03 -5.8962665e-03 -4.3864780e-03 -2.4503099e-03 -8.8515808e-05 2.6280809e-03 5.6528702e-03 8.7541773e-03 1.1630959e-02 1.4159567e-02 1.6368237e-02 1.8381946e-02 2.0194960e-02 2.1737083e-02 2.2928614e-02 2.3591379e-02 2.3929291e-02 2.3295553e-02 2.1832117e-02 1.9915098e-02 1.7528838e-02 1.4641038e-02 1.1283218e-02 7.5331564e-03 3.4898972e-03 -6.3862666e-04 -4.7118705e-03 -8.5846847e-03 -1.2084622e-02 -1.5127634e-02 -1.7622400e-02 -1.9402902e-02 -2.0266140e-02 -2.0138011e-02
-2.9701731e-02 -2.5370245e-02 -2.1517566e-02 -1.8110410e-02 -1.5185349e-02 -1.2783651e-02 -1.1002253e-02 -9.9454364e-03 -9.3432273e-03 -9.0123987e-03 -8.9309868e-03 -9.0063741e-03 -9.1280784e-03 -9.1158248e-03 -8.8282494e-03 -8.1680772e-03 -7.0323598e-03 -5.3695614e-03 -3.2073915e-03 -5.4236432e-04 2.5600994e-03 5.8682151e-03 9.1185860e-03 1.2200246e-02 1.5077259e-02 1.7711961e-02 2.0124587e-02 2.2274693e-02 2.4094645e-02 2.5462753e-02 2.6187831e-02 2.6565370e-02 2.5978478e-02 2.4390406e-02 2.2346409e-02 1.9801391e-02 1.6725442e-02 1.3175824e-02 9.2473289e-03 5.0590065e-03 8.5289377e-04 -3.2239490e-03 -7.0517674e-03 -1.0482291e-02 -1.3438675e-02 -1.5797853e-02 -1.7365767e-02 -1.8008018e-02 -1.7790383e-02
-2.5233947e-02 -2.1420967e-02 -1.8072286e-02 -1.5199699e-02 -1.2851715e-02 -1.1095116e-02 -1.0026397e-02 -9.4547545e-03 -9.2068035e-03 -9.3025558e-03 -9.6261206e-03 -1.0010744e-02 -1.0364424e-02 -1.0499216e-02 -1.0256910e-02 -9.5199117e-03 -8.1928244e-03 -6.2446917e-03 -3.6931890e-03 -5.7987137e-04 2.8404780e-03 6.3949108e-03 9.9561447e-03 1.3438453e-02 1.6739705e-02 1.9743280e-02 2.2479269e-02 2.4911122e-02 2.6914499e-02 2.8327701e-02 2.9002057e-02 2.9327986e-02 2.8691677e-02 2.6931566e-02 2.4710472e-02 2.1975204e-02 1.8722963e-02 1.4987383e-02 1.0882820e-02 6.5527657e-03 2.2665444e-03 -1.7990648e-03 -5.5510877e-03 -8.8941718e-03 -1.1759925e-02 -1.3981721e-02 -1.5370606e-02 -1.5862085e-02 -1.5636384e-02
-2.1529611e-02 -1.8222403e-02 -1.5363373e-02 -1.3003270e-02 -1.1269321e-02 -1.0192703e-02 -9.6209278e-03 -9.4191026e-03 -9.6065240e-03 -1.0074110e-02 -1.0738692e-02 -1.1410165e-02 -1.1894434e-02 -1.2150989e-02 -1.1819226e-02 -1.0855350e-02 -9.1960150e-03 -6.8017409e-03 -3.7487534e-03 -2.9794992e-04 3.4737223e-03 7.4769134e-03 1.1475645e-02 1.5316885e-02 1.8939620e-02 2.2273283e-02 2.5299514e-02 2.7925958e-02 3.0022658e-02 3.1411805e-02 3.1994115e-02 3.2223003e-02 3.1352697e-02 2.9377078e-02 2.6940277e-02 2.4026444e-02 2.0583256e-02 1.6646863e-02 1.2408695e-02 7.9834592e-03 3.6645569e-03 -3.9322223e-04 -4.1116425e-03 -7.3734992e-03 -1.0116133e-02 -1.2215728e-02 -1.3522629e-02 -1.3983936e-02 -1.3802023e-02
-1.8548043e-02 -1.5720886e-02 -1.3374356e-02 -1.1600699e-02 -1.0505081e-02 -9.8526708e-03 -9.6327830e-03 -9.8546506e-03 -1.0397521e-02 -1.1236148e-02 -1.2193241e-02 -1.2983310e-02 -1.3492208e-02 -1.3768553e-02 -1.3266348e-02 -1.1901531e-02 -9.6874352e-03 -6.8056816e-03 -3.4480998e-03 3.6901654e-04 4.5953386e-03 9.1014567e-03 1.3562842e-02 1.7788203e-02 2.1735925e-02 2.5377301e-02 2.8580512e-02 3.1270132e-02 3.3339101e-02 3.4492120e-02 3.4980638e-02 3.5087183e-02 3.3868537e-02 3.1694996e-02 2.9026571e-02 2.5912917e-02 2.2279238e-02 1.8183065e-02 1.3860965e-02 9.3960362e-03 5.0615333e-03 1.0274056e-03 -2.6610985e-03 -5.8980799e-03 -8.5997458e-03 -1.0646761e-02 -1.1936088e-02 -1.2445853e-02 -1.2371662e-02
-1.6341214e-02 -1.4019559e-02 -1.2287907e-02 -1.1063961e-02 -1.0269081e-02 -9.9637321e-03 -1.0138666e-02 -1.0642875e-02 -1.1553904e-02 -1.2718182e-02 -1.3847864e-02 -1.4588802e-02 -1.5069529e-02 -1.5206785e-02 -1.4335793e-02 -1.2330241e-02 -9.7078948e-03 -6.4985339e-03 -2.6999235e-03 1.6253372e-03 6.3479706e-03 1.1294919e-02 1.6203242e-02 2.0830921e-02 2.5078592e-02 2.8893949e-02 3.2141647e-02 3.4782476e-02 3.6617258e-02 3.7461616e-02 3.7933750e-02 3.7808455e-02 3.6247100e-02 3.3874763e-02 3.0980352e-02 2.7661394e-02 2.3864112e-02 1.9643436e-02 1.5249212e-02 1.0786444e-02 6.4457614e-03 2.3954300e-03 -1.3060495e-03 -4.5694566e-03 -7.2922911e-03 -9.3372141e-03 -1.0637512e-02 -1.1249257e-02 -1.1357213e-02
