visualization/geoclaw_output/chile2010/eta_0008.asc
ncols     360
nrows     360
xllcorner -1.199166666650000e+02
yllcorner -5.991666666500000e+01
cellsize  1.666666700000000e-01
nodata_value       -9999
[rows 286 to 307 of 360, columns 50 to 99 of 360]
-8.8593879e-09 -5.3917483e-07 -4.3124141e-06 -2.7986067e-05 -8.1211624e-05 -1.5703053e-04 -2.4438586e-04 -3.2977631e-04 -3.9790350e-04 -4.3443654e-04 -4.4147532e-04 -4.4081227e-04 -4.3498882e-04 -3.9083505e-04 -2.9646904e-04 -1.6787744e-04 -1.1004236e-05 1.7776568e-04 4.0866826e-04 6.9733457e-04 1.0640117e-03 1.5310030e-03 2.1249427e-03 2.8816795e-03 3.8406258e-03 5.0450228e-03 6.5394839e-03 8.3751512e-03 1.0567335e-02 1.3099430e-02 1.5922419e-02 1.9006791e-02 2.2270448e-02 2.5558681e-02 2.8742704e-02 3.1670893e-02 3.4178764e-02 3.6117090e-02 3.7356137e-02 3.7852465e-02 3.7897683e-02 3.7823098e-02 3.7692693e-02 3.7382445e-02 3.7071736e-02 3.6983226e-02 3.7019563e-02 3.7483420e-02 3.9157865e-02 4.2086790e-02
-5.5474629e-09 -5.6051704e-07 -4.5335701e-06 -2.8790941e-05 -8.2414140e-05 -1.5836388e-04 -2.4584778e-04 -3.3191771e-04 -4.0137417e-04 -4.4049257e-04 -4.4875181e-04 -4.4816597e-04 -4.4341773e-04 -4.0479752e-04 -3.1557172e-04 -1.9226907e-04 -4.0769753e-05 1.4256306e-04 3.6745172e-04 6.4762308e-04 1.0027928e-03 1.4560963e-03 2.0322069e-03 2.7634552e-03 3.6874119e-03 4.8408247e-03 6.2673001e-03 8.0185518e-03 1.0119122e-02 1.2568313e-02 1.5311920e-02 1.8308933e-02 2.1499444e-02 2.4767756e-02 2.7974723e-02 3.0951192e-02 3.3542980e-02 3.5606791e-02 3.6980465e-02 3.7556308e-02 3.7626594e-02 3.7567966e-02 3.7453330e-02 3.7094712e-02 3.6669378e-02 3.6483430e-02 3.6481433e-02 3.6652548e-02 3.7762763e-02 4.0210558e-02
1.3687895e-09 -5.5354940e-07 -4.5121687e-06 -2.8675112e-05 -8.2096150e-05 -1.5813298e-04 -2.4629123e-04 -3.3371509e-04 -4.0528232e-04 -4.4683541e-04 -4.5626973e-04 -4.5636202e-04 -4.5255764e-04 -4.1980653e-04 -3.3640754e-04 -2.1824591e-04 -7.1911549e-05 1.0585047e-04 3.2445936e-04 5.9662480e-04 9.3988651e-04 1.3775121e-03 1.9341763e-03 2.6390738e-03 3.5271862e-03 4.6335375e-03 5.9946054e-03 7.6632922e-03 9.6722407e-03 1.2025746e-02 1.4670201e-02 1.7570481e-02 2.0690114e-02 2.3922031e-02 2.7144558e-02 3.0184640e-02 3.2875895e-02 3.5066912e-02 3.6576570e-02 3.7259002e-02 3.7372669e-02 3.7349454e-02 3.7258447e-02 3.6878265e-02 3.6362086e-02 3.6007005e-02 3.5949716e-02 3.5996071e-02 3.6585064e-02 3.8487571e-02
1.1711563e-08 -5.2623272e-07 -4.3181562e-06 -2.7701612e-05 -8.0333329e-05 -1.5600122e-04 -2.4503428e-04 -3.3445851e-04 -4.0895560e-04 -4.5388211e-04 -4.6506159e-04 -4.6581956e-04 -4.6290046e-04 -4.3597797e-04 -3.5902289e-04 -2.4584344e-04 -1.0423702e-04 6.8225410e-05 2.8001853e-04 5.4369883e-04 8.7577970e-04 1.2972769e-03 1.8301040e-03 2.5006994e-03 3.3458093e-03 4.4027478e-03 5.7149077e-03 7.3093155e-03 9.2183383e-03 1.1465172e-02 1.4008187e-02 1.6827206e-02 1.9885138e-02 2.3067131e-02 2.6261519e-02 2.9352006e-02 3.2151741e-02 3.4475852e-02 3.6156471e-02 3.7005158e-02 3.7170760e-02 3.7165988e-02 3.7084935e-02 3.6714652e-02 3.6142532e-02 3.5622538e-02 3.5445270e-02 3.5438745e-02 3.5691449e-02 3.6988104e-02
2.8303020e-08 -4.5634397e-07 -3.8878334e-06 -2.5575423e-05 -7.6874961e-05 -1.5188323e-04 -2.4131577e-04 -3.3303181e-04 -4.1180718e-04 -4.6202224e-04 -4.7655971e-04 -4.7744558e-04 -4.7506395e-04 -4.5327068e-04 -3.8306995e-04 -2.7537384e-04 -1.3847052e-04 2.8800020e-05 2.3354382e-04 4.8714997e-04 8.0467440e-04 1.2055279e-03 1.7144492e-03 2.3602837e-03 3.1707836e-03 4.1770363e-03 5.4195340e-03 6.9293856e-03 8.7366619e-03 1.0879657e-02 1.3319213e-02 1.6052783e-02 1.9052697e-02 2.2191407e-02 2.5358983e-02 2.8464220e-02 3.1348780e-02 3.3809072e-02 3.5677006e-02 3.6760309e-02 3.7039841e-02 3.7038571e-02 3.6982574e-02 3.6669616e-02 3.6086730e-02 3.5438351e-02 3.5066380e-02 3.4989797e-02 3.5056915e-02 3.5771087e-02
4.9433766e-08 -3.5884250e-07 -3.2874395e-06 -2.2529910e-05 -7.1805066e-05 -1.4575074e-04 -2.3580451e-04 -3.2994612e-04 -4.1354164e-04 -4.7016368e-04 -4.8936290e-04 -4.9062452e-04 -4.8863855e-04 -4.7172455e-04 -4.0864489e-04 -3.0699079e-04 -1.7525298e-04 -1.3699519e-05 1.8404557e-04 4.2853157e-04 7.3338308e-04 1.1166825e-03 1.6018643e-03 2.2176490e-03 2.9872858e-03 3.9362628e-03 5.1073384e-03 6.5416498e-03 8.2599298e-03 1.0284561e-02 1.2616039e-02 1.5251231e-02 1.8164159e-02 2.1259028e-02 2.4417193e-02 2.7535725e-02 3.0485236e-02 3.3082745e-02 3.5143922e-02 3.6490261e-02 3.6945775e-02 3.6950672e-02 3.6893493e-02 3.6655438e-02 3.6085155e-02 3.5351868e-02 3.4785605e-02 3.4600700e-02 3.4581377e-02 3.4870110e-02
7.2628609e-08 -2.5069721e-07 -2.6104080e-06 -1.8785544e-05 -6.5223655e-05 -1.3792345e-04 -2.2887040e-04 -3.2602841e-04 -4.1405657e-04 -4.7742249e-04 -5.0266172e-04 -5.0508918e-04 -5.0335869e-04 -4.9084685e-04 -4.3583492e-04 -3.4018985e-04 -2.1398878e-04 -5.8320986e-05 1.3259392e-04 3.6853833e-04 6.6227172e-04 1.0306972e-03 1.4919351e-03 2.0681187e-03 2.7875519e-03 3.6832294e-03 4.7915472e-03 6.1494583e-03 7.7619148e-03 9.6689207e-03 1.1902093e-02 1.4450223e-02 1.7251350e-02 2.0257046e-02 2.3407839e-02 2.6587688e-02 2.9633906e-02 3.2338617e-02 3.4561488e-02 3.6145509e-02 3.6818616e-02 3.6871387e-02 3.6822528e-02 3.6642201e-02 3.6142889e-02 3.5368449e-02 3.4635461e-02 3.4261112e-02 3.4184427e-02 3.4261651e-02
9.5619725e-08 -1.5219985e-07 -1.9822787e-06 -1.4990936e-05 -5.7859877e-05 -1.2873811e-04 -2.2001139e-04 -3.1962192e-04 -4.1253559e-04 -4.8354010e-04 -5.1663737e-04 -5.2104297e-04 -5.1932141e-04 -5.1029316e-04 -4.6415378e-04 -3.7519828e-04 -2.5471689e-04 -1.0473368e-04 7.9407716e-05 3.0579500e-04 5.8608842e-04 9.3550365e-04 1.3717939e-03 1.9148697e-03 2.5891126e-03 3.4288143e-03 4.4687380e-03 5.7413010e-03 7.2643916e-03 9.0643479e-03 1.1165361e-02 1.3567378e-02 1.6231709e-02 1.9189664e-02 2.2430868e-02 2.5698110e-02 2.8751556e-02 3.1526904e-02 3.3895453e-02 3.5682380e-02 3.6648188e-02 3.6820102e-02 3.6794683e-02 3.6680211e-02 3.6260882e-02 3.5502965e-02 3.4658963e-02 3.4020252e-02 3.3797576e-02 3.3801186e-02
1.1733346e-07 -7.1142495e-08 -1.4766101e-06 -1.1751957e-05 -5.0745817e-05 -1.1891589e-04 -2.0930468e-04 -3.1084919e-04 -4.0928868e-04 -4.8785340e-04 -5.2996085e-04 -5.3731286e-04 -5.3586323e-04 -5.2953320e-04 -4.9298802e-04 -4.1173201e-04 -2.9746161e-04 -1.5299121e-04 2.4523329e-05 2.4181784e-04 5.0939026e-04 8.4075668e-04 1.2513696e-03 1.7606634e-03 2.3919791e-03 3.1752406e-03 4.1452027e-03 5.3313490e-03 6.7609473e-03 8.4606584e-03 1.0447869e-02 1.2720901e-02 1.5278014e-02 1.8158751e-02 2.1340111e-02 2.4623496e-02 2.7738226e-02 3.0588127e-02 3.3104418e-02 3.5119018e-02 3.6411448e-02 3.6787853e-02 3.6790955e-02 3.6729317e-02 3.6399611e-02 3.5685511e-02 3.4790133e-02 3.3974180e-02 3.3491785e-02 3.3409279e-02
1.3742647e-07 -3.5961421e-09 -1.0901485e-06 -9.1229099e-06 -4.4052662e-05 -1.0932012e-04 -1.9820273e-04 -3.0075742e-04 -4.0318273e-04 -4.8900478e-04 -5.4110074e-04 -5.5345172e-04 -5.5281476e-04 -5.4843163e-04 -5.2133196e-04 -4.4918806e-04 -3.4143359e-04 -2.0285768e-04 -3.2628398e-05 1.7563451e-04 4.3129718e-04 7.4490344e-04 1.1307000e-03 1.6084675e-03 2.2010819e-03 2.9334133e-03 3.8345681e-03 4.9333504e-03 6.2684404e-03 7.8747157e-03 9.7704474e-03 1.1948489e-02 1.4416946e-02 1.7176941e-02 2.0184077e-02 2.3350065e-02 2.6518597e-02 2.9486189e-02 3.2182919e-02 3.4453207e-02 3.6070209e-02 3.6746387e-02 3.6813392e-02 3.6769917e-02 3.6551610e-02 3.5927262e-02 3.5037448e-02 3.4102889e-02 3.3364761e-02 3.3049303e-02
1.5639307e-07 4.9263690e-08 -8.1139251e-07 -7.1081099e-06 -3.7941925e-05 -9.9891864e-05 -1.8681954e-04 -2.8919600e-04 -3.9422574e-04 -4.8663390e-04 -5.4880934e-04 -5.6851702e-04 -5.6953399e-04 -5.6708095e-04 -5.4816041e-04 -4.8649185e-04 -3.8643288e-04 -2.5455487e-04 -9.1728170e-05 1.0757024e-04 3.5114503e-04 6.4765509e-04 1.0100476e-03 1.4571511e-03 2.0100706e-03 2.6908243e-03 3.5268319e-03 4.5481192e-03 5.7936988e-03 7.2981399e-03 9.0862562e-03 1.1158147e-02 1.3514061e-02 1.6161019e-02 1.9068800e-02 2.2129030e-02 2.5246584e-02 2.8310240e-02 3.1169444e-02 3.3655255e-02 3.5566086e-02 3.6621364e-02 3.6832124e-02 3.6792739e-02 3.6671411e-02 3.6191382e-02 3.5344662e-02 3.4349482e-02 3.3414313e-02 3.2796542e-02
1.7475531e-07 9.2749815e-08 -5.9725835e-07 -5.4850693e-06 -3.2438222e-05 -9.0604841e-05 -1.7485580e-04 -2.7608578e-04 -3.8275974e-04 -4.8060453e-04 -5.5296748e-04 -5.8264891e-04 -5.8607956e-04 -5.8503460e-04 -5.7294927e-04 -5.2249752e-04 -4.3117361e-04 -3.0691173e-04 -1.5142862e-04 3.9040678e-05 2.7024453e-04 5.4998958e-04 8.8984768e-04 1.3073359e-03 1.8225475e-03 2.4572405e-03 3.2348123e-03 4.1777831e-03 5.3284220e-03 6.7322194e-03 8.4169530e-03 1.0375046e-02 1.2608665e-02 1.5132697e-02 1.7933557e-02 2.0916414e-02 2.3995919e-02 2.7083947e-02 3.0030700e-02 3.2685289e-02 3.4874797e-02 3.6321636e-02 3.6809473e-02 3.6808142e-02 3.6728387e-02 3.6414774e-02 3.5667074e-02 3.4675004e-02 3.3625410e-02 3.2743140e-02
1.9471145e-07 1.3217050e-07 -4.0837585e-07 -4.1742137e-06 -2.7040152e-05 -8.0999497e-05 -1.6192264e-04 -2.6146707e-04 -3.6919963e-04 -4.7205656e-04 -5.5368149e-04 -5.9581363e-04 -6.0320649e-04 -6.0231757e-04 -5.9551250e-04 -5.5580596e-04 -4.7374633e-04 -3.5778407e-04 -2.1044075e-04 -2.9831756e-05 1.8920222e-04 4.5407090e-04 7.7461554e-04 1.1652836e-03 1.6436484e-03 2.2324216e-03 2.9574397e-03 3.8393195e-03 4.9098773e-03 6.2071557e-03 7.7661932e-03 9.5906431e-03 1.1704695e-02 1.4118517e-02 1.6804509e-02 1.9684563e-02 2.2695198e-02 2.5765757e-02 2.8773149e-02 3.1576424e-02 3.4012608e-02 3.5815773e-02 3.6695968e-02 3.6809425e-02 3.6743915e-02 3.6559090e-02 3.5959736e-02 3.5026814e-02 3.3925607e-02 3.2871672e-02
2.1454161e-07 1.6902459e-07 -2.4014480e-07 -3.1164614e-06 -2.1456705e-05 -7.0515041e-05 -1.4734334e-04 -2.4454325e-04 -3.5355754e-04 -4.6194637e-04 -5.5250944e-04 -6.0747961e-04 -6.2094365e-04 -6.1981986e-04 -6.1527456e-04 -5.8609491e-04 -5.1364842e-04 -4.0700890e-04 -2.6837221e-04 -9.7108196e-05 1.1124285e-04 3.6319932e-04 6.6479705e-04 1.0285311e-03 1.4729043e-03 2.0196097e-03 2.6932705e-03 3.5174154e-03 4.5124416e-03 5.7123069e-03 7.1527059e-03 8.8557655e-03 1.0844019e-02 1.3129953e-02 1.5684284e-02 1.8445501e-02 2.1374374e-02 2.4407361e-02 2.7442327e-02 3.0346134e-02 3.2957756e-02 3.5064671e-02 3.6374597e-02 3.6737115e-02 3.6721797e-02 3.6632013e-02 3.6212895e-02 3.5379398e-02 3.4284229e-02 3.3132820e-02
2.3080247e-07 2.0093739e-07 -9.0658887e-08 -2.1632986e-06 -1.6098989e-05 -5.9887259e-05 -1.3222745e-04 -2.2706011e-04 -3.3658858e-04 -4.4889813e-04 -5.4774444e-04 -6.1492588e-04 -6.3691691e-04 -6.3682920e-04 -6.3325077e-04 -6.1308910e-04 -5.5189129e-04 -4.5495988e-04 -3.2523265e-04 -1.6257357e-04 3.5887970e-05 2.7404463e-04 5.5679212e-04 8.9759191e-04 1.3134499e-03 1.8233459e-03 2.4451549e-03 3.2050823e-03 4.1300231e-03 5.2487378e-03 6.5911863e-03 8.1782845e-03 1.0035775e-02 1.2179720e-02 1.4592921e-02 1.7229679e-02 2.0059103e-02 2.3025594e-02 2.6050499e-02 2.9009291e-02 3.1750491e-02 3.4088685e-02 3.5799009e-02 3.6553241e-02 3.6651829e-02 3.6626149e-02 3.6389960e-02 3.5698190e-02 3.4662770e-02 3.3485982e-02
2.4520477e-07 2.2430049e-07 5.1390998e-09 -1.5518931e-06 -1.2323661e-05 -5.0812361e-05 -1.1781920e-04 -2.0878760e-04 -3.1681925e-04 -4.3076282e-04 -5.3679428e-04 -6.1646566e-04 -6.5016759e-04 -6.5316065e-04 -6.5059440e-04 -6.3751405e-04 -5.8903163e-04 -5.0174744e-04 -3.8124546e-04 -2.2743476e-04 -3.8692286e-05 1.8643253e-04 4.5323748e-04 7.7412645e-04 1.1639437e-03 1.6376980e-03 2.2138852e-03 2.9185190e-03 3.7767461e-03 4.8111704e-03 6.0529775e-03 7.5318690e-03 9.2731622e-03 1.1286079e-02 1.3556338e-02 1.6054652e-02 1.8762604e-02 2.1639568e-02 2.4620805e-02 2.7597808e-02 3.0426151e-02 3.2963396e-02 3.5004739e-02 3.6227689e-02 3.6516245e-02 3.6542146e-02 3.6439633e-02 3.5929743e-02 3.5022234e-02 3.3879722e-02
2.5989721e-07 2.4547444e-07 7.5312983e-08 -1.1590896e-06 -9.5664586e-06 -4.3024875e-05 -1.0523500e-04 -1.9210049e-04 -2.9758220e-04 -4.1152795e-04 -5.2118442e-04 -6.1050549e-04 -6.5864818e-04 -6.6753967e-04 -6.6685785e-04 -6.5856266e-04 -6.2254345e-04 -5.4639902e-04 -4.3569373e-04 -2.9177460e-04 -1.1330190e-04 1.0049043e-04 3.5409456e-04 6.5716070e-04 1.0228549e-03 1.4632207e-03 1.9973655e-03 2.6483177e-03 3.4379798e-03 4.3894561e-03 5.5339223e-03 6.9030217e-03 8.5259265e-03 1.0418603e-02 1.2557030e-02 1.4912656e-02 1.7483899e-02 2.0255345e-02 2.3161659e-02 2.6119194e-02 2.9010818e-02 3.1708837e-02 3.4020599e-02 3.5671346e-02 3.6350792e-02 3.6443673e-02 3.6417701e-02 3.6091913e-02 3.5351067e-02 3.4296692e-02
2.7683745e-07 2.6919042e-07 1.4936268e-07 -7.4912623e-07 -6.7625042e-06 -3.5043622e-05 -9.2790549e-05 -1.7616901e-04 -2.7875866e-04 -3.9171964e-04 -5.0378491e-04 -6.0011364e-04 -6.6337205e-04 -6.8150509e-04 -6.8222384e-04 -6.7761478e-04 -6.5265824e-04 -5.8718505e-04 -4.8628733e-04 -3.5249562e-04 -1.8500033e-04 1.7350368e-05 2.5737241e-04 5.4269260e-04 8.8453325e-04 1.2943555e-03 1.7893151e-03 2.3904070e-03 3.1194621e-03 3.9990257e-03 5.0560386e-03 6.3192214e-03 7.8148996e-03 9.5642329e-03 1.1555087e-02 1.3771692e-02 1.6208999e-02 1.8862987e-02 2.1674711e-02 2.4578853e-02 2.7498825e-02 3.0318730e-02 3.2842195e-02 3.4828228e-02 3.6023766e-02 3.6335357e-02 3.6324390e-02 3.6161498e-02 3.5612038e-02 3.4679619e-02
2.9614876e-07 2.9249077e-07 2.1341430e-07 -4.0311033e-07 -4.4606227e-06 -2.7369731e-05 -7.9638991e-05 -1.5820881e-04 -2.5758729e-04 -3.6997529e-04 -4.8492669e-04 -5.8856454e-04 -6.6485289e-04 -6.9469293e-04 -6.9720572e-04 -6.9514397e-04 -6.7859705e-04 -6.2422190e-04 -5.3335617e-04 -4.0965294e-04 -2.5285101e-04 -6.1577540e-05 1.6560499e-04 4.3396142e-04 7.5353702e-04 1.1364440e-03 1.5964477e-03 2.1518107e-03 2.8254872e-03 3.6404788e-03 4.6193910e-03 5.7879099e-03 7.1689252e-03 8.7798885e-03 1.0628705e-02 1.2700523e-02 1.4961945e-02 1.7428602e-02 2.0104995e-02 2.2963388e-02 2.5896373e-02 2.8788558e-02 3.1492212e-02 3.3751536e-02 3.5377247e-02 3.6110403e-02 3.6171816e-02 3.6077404e-02 3.5735614e-02 3.4978168e-02
3.1231184e-07 3.1294303e-07 2.6270982e-07 -1.5855267e-07 -2.9757884e-06 -2.0310378e-05 -6.6611809e-05 -1.3987217e-04 -2.3554027e-04 -3.4673760e-04 -4.6354481e-04 -5.7316384e-04 -6.6017739e-04 -7.0379251e-04 -7.1052594e-04 -7.0989327e-04 -6.9978831e-04 -6.5781311e-04 -5.7842580e-04 -4.6524002e-04 -3.1929081e-04 -1.3971840e-04 7.4998841e-05 3.2881732e-04 6.2970264e-04 9.8776721e-04 1.4154306e-03 1.9295444e-03 2.5513268e-03 3.3031856e-03 4.2084966e-03 5.2907026e-03 6.5723030e-03 8.0716865e-03 9.7991518e-03 1.1742526e-02 1.3853902e-02 1.6141294e-02 1.8636982e-02 2.1380065e-02 2.4264560e-02 2.7169434e-02 2.9962606e-02 3.2427649e-02 3.4383432e-02 3.5627423e-02 3.5955343e-02 3.5927260e-02 3.5762222e-02 3.5232745e-02
3.2429944e-07 3.3029301e-07 2.9899184e-07 1.2848432e-08 -1.9207928e-06 -1.4433008e-05 -5.4391227e-05 -1.2196317e-04 -2.1316626e-04 -3.2159946e-04 -4.3830899e-04 -5.5223990e-04 -6.4905874e-04 -7.0930400e-04 -7.2362081e-04 -7.2375263e-04 -7.1872141e-04 -6.8797292e-04 -6.2062630e-04 -5.1844312e-04 -3.8384235e-04 -2.1677981e-04 -1.5103329e-05 2.2416472e-04 5.0605117e-04 8.4011256e-04 1.2388744e-03 1.7169162e-03 2.2918855e-03 2.9847069e-03 3.8185310e-03 4.8133996e-03 5.9898059e-03 7.3700742e-03 8.9625729e-03 1.0768031e-02 1.2775072e-02 1.4960328e-02 1.7351362e-02 1.9982677e-02 2.2791326e-02 2.5648883e-02 2.8438246e-02 3.1002170e-02 3.3201487e-02 3.4849754e-02 3.5583757e-02 3.5662560e-02 3.5617808e-02 3.5314371e-02
3.3155311e-07 3.4428422e-07 3.2627258e-07 1.3536282e-07 -1.1909642e-06 -9.9994554e-06 -4.3605890e-05 -1.0540112e-04 -1.9182765e-04 -2.9694825e-04 -4.1241978e-04 -5.2848112e-04 -6.3254725e-04 -7.0687731e-04 -7.3275584e-04 -7.3483646e-04 -7.3240359e-04 -7.1265872e-04 -6.5831638e-04 -5.6853238e-04 -4.4620601e-04 -2.9181050e-04 -1.0376372e-04 1.1964392e-04 3.8311116e-04 6.9480628e-04 1.0644166e-03 1.5051824e-03 2.0350398e-03 2.6742920e-03 3.4435006e-03 4.3585953e-03 5.4358872e-03 6.7011841e-03 8.1648305e-03 9.8238725e-03 1.1692425e-02 1.3780155e-02 1.6096831e-02 1.8628263e-02 2.1326450e-02 2.4105972e-02 2.6884327e-02 2.9544685e-02 3.1925734e-02 3.3857639e-02 3.5069302e-02 3.5392452e-02 3.5438369e-02 3.5233513e-02
