visualization/geoclaw_output/chile2010/eta_0011.asc
ncols     360
nrows     360
xllcorner -1.199166666650000e+02
yllcorner -5.991666666500000e+01
cellsize  1.666666700000000e-01
nodata_value       -9999
[rows 242 to 263 of 360, columns 196 to 244 of 360]
-2.1206685e-02 -1.9629750e-02 -1.7893176e-02 -1.6000813e-02 -1.3993342e-02 -1.1950961e-02 -9.9032355e-03 -7.8490352e-03 -5.8254798e-03 -3.9412195e-03 -2.1598712e-03 -4.2987470e-04 1.1479486e-03 2.5347154e-03 3.7686791e-03 4.8868462e-03 5.8610199e-03 6.6373749e-03 7.2492763e-03 7.7372570e-03 8.1244805e-03 8.4186828e-03 8.6574059e-03 8.8593650e-03 9.0436150e-03 9.2102213e-03 9.3530743e-03 9.4930847e-03 9.6577599e-03 9.8506429e-03 1.0070277e-02 1.0317490e-02 1.0589799e-02 1.0875720e-02 1.1163034e-02 1.1466734e-02 1.1773502e-02 1.2130121e-02 1.2495398e-02 1.2807427e-02 1.3072899e-02 1.3324257e-02 1.3516951e-02 1.3584842e-02 1.3540231e-02 1.3417746e-02 1.3228104e-02 1.2968950e-02 1.2604063e-02
-2.1086215e-02 -1.9602543e-02 -1.7952166e-02 -1.6157162e-02 -1.4262553e-02 -1.2342300e-02 -1.0385926e-02 -8.4288212e-03 -6.4957536e-03 -4.6295203e-03 -2.8671390e-03 -1.1836298e-03 3.8002285e-04 1.8121954e-03 3.0596169e-03 4.1826740e-03 5.2053488e-03 6.0230396e-03 6.6662303e-03 7.1933393e-03 7.6299288e-03 7.9822359e-03 8.2894443e-03 8.5674652e-03 8.8283139e-03 9.0707708e-03 9.2952004e-03 9.5281381e-03 9.7815177e-03 1.0059330e-02 1.0365809e-02 1.0691244e-02 1.1045185e-02 1.1425716e-02 1.1804254e-02 1.2185100e-02 1.2600140e-02 1.3044268e-02 1.3465189e-02 1.3829157e-02 1.4192630e-02 1.4520995e-02 1.4792391e-02 1.4971092e-02 1.5055409e-02 1.5064536e-02 1.5005043e-02 1.4873141e-02 1.4618642e-02
-2.1000436e-02 -1.9608721e-02 -1.8047450e-02 -1.6370343e-02 -1.4633385e-02 -1.2858702e-02 -1.1029701e-02 -9.1985476e-03 -7.3901841e-03 -5.5841631e-03 -3.8377728e-03 -2.1666085e-03 -5.9111889e-04 9.0613046e-04 2.1919821e-03 3.3716858e-03 4.4390595e-03 5.3393993e-03 6.0660928e-03 6.6657963e-03 7.1752122e-03 7.6074901e-03 7.9880943e-03 8.3240295e-03 8.6538604e-03 8.9744924e-03 9.2969331e-03 9.6321547e-03 9.9847319e-03 1.0363941e-02 1.0774336e-02 1.1191082e-02 1.1646105e-02 1.2133479e-02 1.2577745e-02 1.3054774e-02 1.3577042e-02 1.4107643e-02 1.4619340e-02 1.5074551e-02 1.5525609e-02 1.5963500e-02 1.6350433e-02 1.6647020e-02 1.6847042e-02 1.6961147e-02 1.6983110e-02 1.6910107e-02 1.6715834e-02
-2.0995972e-02 -1.9690274e-02 -1.8209388e-02 -1.6677726e-02 -1.5096096e-02 -1.3486998e-02 -1.1828099e-02 -1.0138802e-02 -8.4476598e-03 -6.7352530e-03 -5.0238969e-03 -3.3329933e-03 -1.7480267e-03 -2.2080789e-04 1.1478378e-03 2.4185466e-03 3.5635879e-03 4.5755089e-03 5.4407197e-03 6.1676625e-03 6.7808159e-03 7.2973449e-03 7.7435140e-03 8.1532373e-03 8.5559694e-03 8.9551677e-03 9.3794062e-03 9.8332216e-03 1.0309521e-02 1.0823989e-02 1.1370018e-02 1.1915147e-02 1.2476659e-02 1.3039251e-02 1.3577627e-02 1.4140197e-02 1.4749140e-02 1.5352568e-02 1.5941491e-02 1.6489755e-02 1.7003084e-02 1.7525529e-02 1.7996978e-02 1.8349780e-02 1.8597513e-02 1.8757728e-02 1.8819761e-02 1.8780302e-02 1.8626047e-02
-2.0972476e-02 -1.9795233e-02 -1.8421888e-02 -1.6998784e-02 -1.5604532e-02 -1.4182259e-02 -1.2705741e-02 -1.1181086e-02 -9.6107894e-03 -7.9718786e-03 -6.3289826e-03 -4.6722228e-03 -3.0800486e-03 -1.5285422e-03 -4.7736792e-05 1.3507117e-03 2.6057810e-03 3.7150627e-03 4.6845197e-03 5.5255319e-03 6.2726900e-03 6.9594772e-03 7.5619860e-03 8.0866160e-03 8.5961972e-03 9.0981478e-03 9.6274092e-03 1.0180988e-02 1.0756055e-02 1.1367539e-02 1.2024269e-02 1.2684911e-02 1.3348456e-02 1.3992202e-02 1.4618964e-02 1.5290514e-02 1.5963621e-02 1.6631400e-02 1.7284318e-02 1.7879486e-02 1.8441693e-02 1.8999557e-02 1.9497754e-02 1.9902316e-02 2.0193463e-02 2.0381516e-02 2.0456619e-02 2.0412488e-02 2.0252388e-02
-2.0920870e-02 -1.9989674e-02 -1.8809042e-02 -1.7540329e-02 -1.6272655e-02 -1.4972445e-02 -1.3613703e-02 -1.2193858e-02 -1.0730068e-02 -9.2007239e-03 -7.6841115e-03 -6.1133244e-03 -4.5054988e-03 -2.9405735e-03 -1.3789848e-03 1.4330507e-04 1.5540519e-03 2.8218745e-03 3.9479742e-03 4.9187790e-03 5.7710912e-03 6.5897983e-03 7.3279633e-03 8.0107108e-03 8.6503637e-03 9.2669295e-03 9.8956847e-03 1.0538375e-02 1.1202289e-02 1.1902268e-02 1.2659953e-02 1.3397569e-02 1.4132923e-02 1.4872135e-02 1.5612566e-02 1.6365603e-02 1.7106913e-02 1.7837002e-02 1.8542056e-02 1.9172406e-02 1.9743688e-02 2.0296235e-02 2.0783991e-02 2.1187009e-02 2.1469371e-02 2.1642459e-02 2.1694051e-02 2.1609786e-02 2.1379905e-02
-2.0733145e-02 -2.0002459e-02 -1.9084525e-02 -1.8031166e-02 -1.6947246e-02 -1.5784161e-02 -1.4517477e-02 -1.3192666e-02 -1.1816398e-02 -1.0347542e-02 -8.9130676e-03 -7.4601785e-03 -5.9292489e-03 -4.3949065e-03 -2.8256458e-03 -1.2306861e-03 2.9325430e-04 1.7337079e-03 3.0766699e-03 4.2556313e-03 5.2604154e-03 6.1992544e-03 7.0581344e-03 7.8604340e-03 8.6421977e-03 9.3867504e-03 1.0100781e-02 1.0834352e-02 1.1612125e-02 1.2434955e-02 1.3283479e-02 1.4101905e-02 1.4929213e-02 1.5755821e-02 1.6566866e-02 1.7358680e-02 1.8124997e-02 1.8853384e-02 1.9541661e-02 2.0152038e-02 2.0693610e-02 2.1196260e-02 2.1635619e-02 2.1988596e-02 2.2239414e-02 2.2390898e-02 2.2416800e-02 2.2285991e-02 2.1958142e-02
-2.0698175e-02 -2.0095477e-02 -1.9354034e-02 -1.8436909e-02 -1.7482844e-02 -1.6483725e-02 -1.5416164e-02 -1.4229058e-02 -1.2903896e-02 -1.1461225e-02 -1.0048825e-02 -8.6479889e-03 -7.1787621e-03 -5.6814510e-03 -4.1801267e-03 -2.5693398e-03 -9.6352290e-04 5.7044234e-04 2.0329167e-03 3.3680935e-03 4.6253868e-03 5.7804048e-03 6.8254469e-03 7.7689014e-03 8.6246812e-03 9.4520137e-03 1.0269472e-02 1.1111029e-02 1.1980221e-02 1.2883707e-02 1.3783022e-02 1.4671320e-02 1.5555725e-02 1.6431655e-02 1.7269303e-02 1.8057672e-02 1.8796453e-02 1.9488694e-02 2.0133227e-02 2.0699934e-02 2.1181336e-02 2.1617189e-02 2.1999412e-02 2.2284913e-02 2.2475399e-02 2.2563176e-02 2.2540821e-02 2.2363782e-02 2.2019449e-02
-2.0620813e-02 -2.0203930e-02 -1.9687385e-02 -1.8912582e-02 -1.8047636e-02 -1.7119252e-02 -1.6111272e-02 -1.5023540e-02 -1.3832427e-02 -1.2509052e-02 -1.1123788e-02 -9.7326855e-03 -8.2845397e-03 -6.7941917e-03 -5.3189565e-03 -3.7487781e-03 -2.1124091e-03 -4.9898077e-04 1.0572075e-03 2.4871177e-03 3.9189042e-03 5.2656573e-03 6.4942120e-03 7.5735295e-03 8.5308112e-03 9.4629058e-03 1.0382254e-02 1.1290246e-02 1.2205988e-02 1.3125904e-02 1.4032571e-02 1.4945335e-02 1.5834126e-02 1.6696710e-02 1.7511726e-02 1.8285460e-02 1.9020109e-02 1.9684952e-02 2.0276857e-02 2.0780042e-02 2.1199940e-02 2.1580840e-02 2.1887073e-02 2.2079538e-02 2.2215067e-02 2.2270799e-02 2.2219039e-02 2.1999324e-02 2.1669294e-02
-2.0315338e-02 -2.0073792e-02 -1.9720308e-02 -1.9155070e-02 -1.8421712e-02 -1.7609805e-02 -1.6697410e-02 -1.5698444e-02 -1.4570321e-02 -1.3353006e-02 -1.2030433e-02 -1.0662307e-02 -9.2823828e-03 -7.8533086e-03 -6.3740937e-03 -4.8193919e-03 -3.1868798e-03 -1.4943893e-03 1.8150313e-04 1.7214509e-03 3.2491013e-03 4.6550086e-03 5.9832993e-03 7.2380212e-03 8.3377709e-03 9.3733248e-03 1.0359039e-02 1.1316734e-02 1.2260442e-02 1.3180550e-02 1.4095055e-02 1.5010204e-02 1.5890446e-02 1.6744538e-02 1.7545751e-02 1.8302548e-02 1.9009702e-02 1.9635321e-02 2.0184294e-02 2.0623580e-02 2.0977493e-02 2.1300901e-02 2.1529157e-02 2.1679341e-02 2.1788946e-02 2.1804990e-02 2.1693663e-02 2.1448521e-02 2.1108009e-02
-2.0155721e-02 -1.9980222e-02 -1.9723063e-02 -1.9285157e-02 -1.8658828e-02 -1.7936386e-02 -1.7093802e-02 -1.6140196e-02 -1.5066203e-02 -1.3916041e-02 -1.2711329e-02 -1.1430766e-02 -1.0114364e-02 -8.7358046e-03 -7.2616848e-03 -5.7350140e-03 -4.1668353e-03 -2.5659139e-03 -9.2860089e-04 7.9852112e-04 2.5031166e-03 4.0179596e-03 5.4675864e-03 6.8358985e-03 8.0549017e-03 9.1763954e-03 1.0222024e-02 1.1222297e-02 1.2202966e-02 1.3148541e-02 1.4069436e-02 1.4988968e-02 1.5869064e-02 1.6710759e-02 1.7473164e-02 1.8178785e-02 1.8841220e-02 1.9411431e-02 1.9896587e-02 2.0247267e-02 2.0532019e-02 2.0760319e-02 2.0852203e-02 2.0884391e-02 2.0871007e-02 2.0757242e-02 2.0534736e-02 2.0253249e-02 1.9867297e-02
-1.9994868e-02 -1.9879880e-02 -1.9697821e-02 -1.9343530e-02 -1.8798661e-02 -1.8098814e-02 -1.7299787e-02 -1.6426455e-02 -1.5456280e-02 -1.4399647e-02 -1.3278286e-02 -1.2071595e-02 -1.0783499e-02 -9.4328069e-03 -8.0156550e-03 -6.5596472e-03 -5.0855523e-03 -3.5709131e-03 -1.9809272e-03 -2.6991210e-04 1.4802063e-03 3.1417044e-03 4.6929545e-03 6.1366402e-03 7.4985613e-03 8.7238967e-03 9.8632489e-03 1.0918319e-02 1.1938019e-02 1.2907229e-02 1.3830185e-02 1.4708683e-02 1.5524748e-02 1.6274895e-02 1.6955811e-02 1.7576814e-02 1.8142141e-02 1.8621725e-02 1.8984051e-02 1.9215672e-02 1.9401098e-02 1.9474086e-02 1.9437879e-02 1.9341804e-02 1.9198899e-02 1.8971277e-02 1.8683999e-02 1.8359879e-02 1.7943223e-02
-1.9945893e-02 -1.9855486e-02 -1.9703338e-02 -1.9409978e-02 -1.8943772e-02 -1.8325134e-02 -1.7590902e-02 -1.6749952e-02 -1.5822983e-02 -1.4827956e-02 -1.3766988e-02 -1.2631646e-02 -1.1428319e-02 -1.0156665e-02 -8.7992410e-03 -7.3849713e-03 -5.9315691e-03 -4.4404469e-03 -2.9251199e-03 -1.3524206e-03 2.5362599e-04 1.9465318e-03 3.5454688e-03 5.0002441e-03 6.4672761e-03 7.7961506e-03 9.0274130e-03 1.0162776e-02 1.1211005e-02 1.2178678e-02 1.3079485e-02 1.3887695e-02 1.4611376e-02 1.5271866e-02 1.5857262e-02 1.6360746e-02 1.6811449e-02 1.7196377e-02 1.7439530e-02 1.7575571e-02 1.7666972e-02 1.7635843e-02 1.7516995e-02 1.7336112e-02 1.7110155e-02 1.6824197e-02 1.6517800e-02 1.6171588e-02 1.5774006e-02
-2.0032701e-02 -1.9994953e-02 -1.9870553e-02 -1.9636340e-02 -1.9229316e-02 -1.8635761e-02 -1.7905960e-02 -1.7097191e-02 -1.6229296e-02 -1.5282239e-02 -1.4269849e-02 -1.3210064e-02 -1.2083380e-02 -1.0884533e-02 -9.5813027e-03 -8.2255922e-03 -6.8380226e-03 -5.4523670e-03 -4.0295205e-03 -2.5611374e-03 -1.0072173e-03 6.7856165e-04 2.1978119e-03 3.5911989e-03 5.0503617e-03 6.4254344e-03 7.7279965e-03 8.9202125e-03 9.9988357e-03 1.0964048e-02 1.1864434e-02 1.2649166e-02 1.3307614e-02 1.3877556e-02 1.4372304e-02 1.4763808e-02 1.5101533e-02 1.5387827e-02 1.5514668e-02 1.5571239e-02 1.5578723e-02 1.5476980e-02 1.5317577e-02 1.5094945e-02 1.4822158e-02 1.4533341e-02 1.4231451e-02 1.3908346e-02 1.3567274e-02
-2.0270454e-02 -2.0283246e-02 -2.0141201e-02 -1.9920715e-02 -1.9521631e-02 -1.8967557e-02 -1.8290263e-02 -1.7517819e-02 -1.6683006e-02 -1.5787208e-02 -1.4820565e-02 -1.3814664e-02 -1.2750132e-02 -1.1626937e-02 -1.0429236e-02 -9.1768846e-03 -7.8788190e-03 -6.5590828e-03 -5.2400572e-03 -3.8972114e-03 -2.4503433e-03 -8.8887777e-04 5.7435671e-04 1.9292108e-03 3.3259872e-03 4.7563603e-03 6.1077765e-03 7.3481828e-03 8.4568045e-03 9.4499678e-03 1.0322915e-02 1.1075360e-02 1.1678783e-02 1.2167454e-02 1.2574287e-02 1.2873274e-02 1.3116822e-02 1.3288948e-02 1.3328541e-02 1.3321576e-02 1.3267395e-02 1.3140752e-02 1.2971277e-02 1.2752150e-02 1.2490091e-02 1.2231056e-02 1.1962862e-02 1.1693129e-02 1.1415140e-02
-2.0492052e-02 -2.0558527e-02 -2.0411403e-02 -2.0175906e-02 -1.9808015e-02 -1.9303312e-02 -1.8676803e-02 -1.7954202e-02 -1.7165579e-02 -1.6327380e-02 -1.5431169e-02 -1.4500328e-02 -1.3526426e-02 -1.2493603e-02 -1.1398085e-02 -1.0243254e-02 -9.0411484e-03 -7.7910488e-03 -6.5523265e-03 -5.3032122e-03 -3.9696533e-03 -2.6039713e-03 -1.1770186e-03 1.9191793e-04 1.5257763e-03 2.8763828e-03 4.2278690e-03 5.4571803e-03 6.5800851e-03 7.6164937e-03 8.4856172e-03 9.2118099e-03 9.7844956e-03 1.0225246e-02 1.0576671e-02 1.0818974e-02 1.0981615e-02 1.1053538e-02 1.1024939e-02 1.0950086e-02 1.0840546e-02 1.0707045e-02 1.0541859e-02 1.0361107e-02 1.0160966e-02 9.9621726e-03 9.7536279e-03 9.5561581e-03 9.3418088e-03
-2.0662339e-02 -2.0802384e-02 -2.0692090e-02 -2.0481376e-02 -2.0164866e-02 -1.9715116e-02 -1.9142485e-02 -1.8479787e-02 -1.7743137e-02 -1.6948478e-02 -1.6103479e-02 -1.5225279e-02 -1.4330434e-02 -1.3384214e-02 -1.2364168e-02 -1.1280805e-02 -1.0150205e-02 -8.9939017e-03 -7.8671362e-03 -6.7176772e-03 -5.4754247e-03 -4.2555539e-03 -2.9315468e-03 -1.6477794e-03 -4.1810320e-04 8.7414400e-04 2.1569584e-03 3.3649109e-03 4.4868344e-03 5.5456035e-03 6.4315450e-03 7.1263982e-03 7.6573063e-03 8.0545339e-03 8.3538582e-03 8.5647306e-03 8.6913341e-03 8.7094391e-03 8.6414252e-03 8.5544839e-03 8.4321688e-03 8.3017361e-03 8.1643119e-03 8.0387038e-03 7.9147535e-03 7.7860365e-03 7.6521207e-03 7.5276014e-03 7.3633570e-03
-2.0864114e-02 -2.1060310e-02 -2.0982836e-02 -2.0785516e-02 -2.0473972e-02 -2.0040953e-02 -1.9502920e-02 -1.8890441e-02 -1.8205065e-02 -1.7464833e-02 -1.6685880e-02 -1.5893789e-02 -1.5082147e-02 -1.4222784e-02 -1.3295222e-02 -1.2308178e-02 -1.1272137e-02 -1.0203431e-02 -9.1474547e-03 -8.0714656e-03 -6.9512602e-03 -5.8586719e-03 -4.7239584e-03 -3.5833932e-03 -2.4170741e-03 -1.1755588e-03 2.2677698e-05 1.1358914e-03 2.1825259e-03 3.1854465e-03 4.0468181e-03 4.7025934e-03 5.2285977e-03 5.6168201e-03 5.9023239e-03 6.1275713e-03 6.2675395e-03 6.2923176e-03 6.2343226e-03 6.1719858e-03 6.0873031e-03 5.9874219e-03 5.8910478e-03 5.8232395e-03 5.7655240e-03 5.7066367e-03 5.6378383e-03 5.5670778e-03 5.4735789e-03
-2.0989650e-02 -2.1170182e-02 -2.1102450e-02 -2.0941127e-02 -2.0638940e-02 -2.0241053e-02 -1.9777495e-02 -1.9245705e-02 -1.8639546e-02 -1.7983757e-02 -1.7289524e-02 -1.6567662e-02 -1.5818707e-02 -1.5034123e-02 -1.4213679e-02 -1.3345687e-02 -1.2408544e-02 -1.1425064e-02 -1.0435942e-02 -9.4364922e-03 -8.4423378e-03 -7.4393230e-03 -6.4678851e-03 -5.4684094e-03 -4.4026338e-03 -3.2959423e-03 -2.2301424e-03 -1.2132359e-03 -2.8397228e-04 6.1535253e-04 1.4988945e-03 2.1769653e-03 2.7456627e-03 3.1614656e-03 3.4641738e-03 3.7041231e-03 3.8638166e-03 3.9255902e-03 3.9066238e-03 3.8670814e-03 3.8372861e-03 3.7719702e-03 3.7298714e-03 3.7112225e-03 3.7174470e-03 3.7207617e-03 3.7087813e-03 3.6924529e-03 3.6586111e-03
-2.0984651e-02 -2.1157027e-02 -2.1102441e-02 -2.0964676e-02 -2.0714917e-02 -2.0388433e-02 -2.0004749e-02 -1.9549428e-02 -1.9023524e-02 -1.8450012e-02 -1.7830518e-02 -1.7175388e-02 -1.6478111e-02 -1.5745529e-02 -1.4985268e-02 -1.4189493e-02 -1.3337356e-02 -1.2470387e-02 -1.1598879e-02 -1.0706127e-02 -9.8277603e-03 -8.9303887e-03 -8.0827687e-03 -7.2211914e-03 -6.3346206e-03 -5.4396368e-03 -4.5147869e-03 -3.5431705e-03 -2.6919216e-03 -1.8767369e-03 -1.0079041e-03 -2.9941163e-04 2.7265851e-04 7.1296701e-04 1.0510859e-03 1.3187651e-03 1.5132070e-03 1.6274305e-03 1.6670238e-03 1.6712179e-03 1.6651037e-03 1.6492533e-03 1.6498183e-03 1.6698825e-03 1.7261040e-03 1.7759767e-03 1.8140496e-03 1.8514245e-03 1.8717317e-03
-2.0834383e-02 -2.1016588e-02 -2.1002257e-02 -2.0861314e-02 -2.0673239e-02 -2.0416905e-02 -2.0086718e-02 -1.9693104e-02 -1.9244060e-02 -1.8744338e-02 -1.8191491e-02 -1.7597517e-02 -1.6955042e-02 -1.6280610e-02 -1.5591703e-02 -1.4875558e-02 -1.4119831e-02 -1.3372366e-02 -1.2598507e-02 -1.1815532e-02 -1.1055867e-02 -1.0301640e-02 -9.5812381e-03 -8.8284282e-03 -8.0860537e-03 -7.3496611e-03 -6.5645465e-03 -5.7572535e-03 -4.9677337e-03 -4.2265900e-03 -3.4547622e-03 -2.7246311e-03 -2.1398349e-03 -1.6718489e-03 -1.2875498e-03 -9.8314453e-04 -7.5857844e-04 -5.9789754e-04 -5.0024744e-04 -4.5456399e-04 -4.3423021e-04 -4.0806454e-04 -3.6222988e-04 -3.0940030e-04 -2.1549986e-04 -1.1824736e-04 -3.1766799e-05 5.5385571e-05 1.3050581e-04
-2.0500825e-02 -2.0716967e-02 -2.0750069e-02 -2.0626177e-02 -2.0460948e-02 -2.0266818e-02 -1.9985416e-02 -1.9655561e-02 -1.9282407e-02 -1.8860717e-02 -1.8382407e-02 -1.7859161e-02 -1.7285364e-02 -1.6673771e-02 -1.6047715e-02 -1.5397242e-02 -1.4727125e-02 -1.4079197e-02 -1.3424053e-02 -1.2764726e-02 -1.2131289e-02 -1.1528967e-02 -1.0950579e-02 -1.0348254e-02 -9.7444549e-03 -9.1270877e-03 -8.4614065e-03 -7.7769508e-03 -7.0568740e-03 -6.3895681e-03 -5.7264028e-03 -5.0369559e-03 -4.4676910e-03 -3.9784233e-03 -3.5795869e-03 -3.2544273e-03 -3.0019338e-03 -2.8085031e-03 -2.6629806e-03 -2.5761898e-03 -2.5194967e-03 -2.4440252e-03 -2.3532117e-03 -2.2537158e-03 -2.1245769e-03 -1.9845982e-03 -1.8443079e-03 -1.7102951e-03 -1.5862351e-03
