visualization/geoclaw_output/chile2010/eta_0011.asc
ncols     360
nrows     360
xllcorner -1.199166666650000e+02
yllcorner -5.991666666500000e+01
cellsize  1.666666700000000e-01
nodata_value       -9999
[rows 242 to 263 of 360, columns 0 to 48 of 360]
2.0382618e-03 2.4744234e-03 2.8581872e-03 3.3971188e-03 4.1686131e-03 5.2532852e-03 6.7264795e-03 8.6840822e-03 1.1156305e-02 1.4088811e-02 1.7442025e-02 2.1140557e-02 2.5052610e-02 2.8942978e-02 3.2578672e-02 3.5787489e-02 3.8355439e-02 4.0206342e-02 4.1416776e-02 4.2239278e-02 4.3117237e-02 4.4615420e-02 4.7336948e-02 5.1804493e-02 5.8234973e-02 6.6518081e-02 7.5965497e-02 8.5525264e-02 9.4114408e-02 1.0065465e-01 1.0409442e-01 1.0491673e-01 1.0506257e-01 1.0474793e-01 1.0083721e-01 9.1175121e-02 7.7836178e-02 6.2792967e-02 4.7226218e-02 3.1644828e-02 1.6157713e-02 6.4901647e-04 -1.5101097e-02 -3.1115731e-02 -4.6945227e-02 -6.1793720e-02 -7.4948142e-02 -8.5841923e-02 -9.3790516e-02
2.1058639e-03 2.5732890e-03 2.9885752e-03 3.5715952e-03 4.4077814e-03 5.5843714e-03 7.1622297e-03 9.2153902e-03 1.1741098e-02 1.4726753e-02 1.8173663e-02 2.1969973e-02 2.5933774e-02 2.9789271e-02 3.3325393e-02 3.6425652e-02 3.8902234e-02 4.0631426e-02 4.1727789e-02 4.2485960e-02 4.3351498e-02 4.4888258e-02 4.7676011e-02 5.2260627e-02 5.8856069e-02 6.7245227e-02 7.6774622e-02 8.6419904e-02 9.4975237e-02 1.0128303e-01 1.0430489e-01 1.0494591e-01 1.0503594e-01 1.0449223e-01 9.9724848e-02 8.9447184e-02 7.5740571e-02 6.0509025e-02 4.4934135e-02 2.9446388e-02 1.4056849e-02 -1.3665953e-03 -1.7063997e-02 -3.2980257e-02 -4.8584239e-02 -6.3097541e-02 -7.5953248e-02 -8.6481022e-02 -9.4034472e-02
2.1750212e-03 2.6732776e-03 3.1238068e-03 3.7557088e-03 4.6597039e-03 5.9144221e-03 7.5803218e-03 9.7222121e-03 1.2335004e-02 1.5404095e-02 1.8930419e-02 2.2771706e-02 2.6746572e-02 3.0585715e-02 3.4071911e-02 3.7050694e-02 3.9382619e-02 4.0992014e-02 4.2005977e-02 4.2720493e-02 4.3572683e-02 4.5156735e-02 4.8046658e-02 5.2752798e-02 5.9482013e-02 6.7984873e-02 7.7619838e-02 8.7313736e-02 9.5806917e-02 1.0186609e-01 1.0451876e-01 1.0501275e-01 1.0504344e-01 1.0420185e-01 9.8631012e-02 8.7763358e-02 7.3783712e-02 5.8449876e-02 4.2857383e-02 2.7432741e-02 1.2137832e-02 -3.1981464e-03 -1.8827247e-02 -3.4625551e-02 -5.0047669e-02 -6.4487129e-02 -7.7176233e-02 -8.7363147e-02 -9.4420785e-02
2.2477164e-03 2.7906659e-03 3.2941631e-03 3.9790336e-03 4.9195515e-03 6.2325506e-03 7.9864951e-03 1.0207092e-02 1.2917182e-02 1.6098307e-02 1.9713308e-02 2.3574482e-02 2.7526810e-02 3.1326485e-02 3.4754765e-02 3.7604807e-02 3.9791151e-02 4.1279536e-02 4.2221251e-02 4.2912772e-02 4.3793828e-02 4.5441368e-02 4.8444311e-02 5.3275398e-02 6.0130290e-02 6.8756908e-02 7.8527600e-02 8.8261556e-02 9.6658471e-02 1.0244842e-01 1.0473076e-01 1.0507511e-01 1.0505541e-01 1.0385142e-01 9.7514613e-02 8.6138683e-02 7.1970552e-02 5.6608872e-02 4.0996021e-02 2.5593386e-02 1.0364775e-02 -4.8980314e-03 -2.0448599e-02 -3.5965707e-02 -5.1000584e-02 -6.5132337e-02 -7.7617103e-02 -8.7567468e-02 -9.4401785e-02
2.3200456e-03 2.8978868e-03 3.4599542e-03 4.2176425e-03 5.2316193e-03 6.5991919e-03 8.4320926e-03 1.0733189e-02 1.3518792e-02 1.6784873e-02 2.0473394e-02 2.4366457e-02 2.8294586e-02 3.2023677e-02 3.5354929e-02 3.8103295e-02 4.0196820e-02 4.1613924e-02 4.2508269e-02 4.3170806e-02 4.4062557e-02 4.5752229e-02 4.8843814e-02 5.3788491e-02 6.0805112e-02 6.9591134e-02 7.9426244e-02 8.9149652e-02 9.7416563e-02 1.0292171e-01 1.0486406e-01 1.0508537e-01 1.0502052e-01 1.0335500e-01 9.6353054e-02 8.4642312e-02 7.0323110e-02 5.4911568e-02 3.9246466e-02 2.3777682e-02 8.5871939e-03 -6.4924784e-03 -2.1674625e-02 -3.6888753e-02 -5.1736894e-02 -6.5706688e-02 -7.7896649e-02 -8.7682932e-02 -9.4598625e-02
2.3970561e-03 3.0112593e-03 3.6196948e-03 4.4559715e-03 5.5606663e-03 7.0225262e-03 8.9230952e-03 1.1305702e-02 1.4169472e-02 1.7498545e-02 2.1221307e-02 2.5086720e-02 2.8941442e-02 3.2607680e-02 3.5885754e-02 3.8555490e-02 4.0553218e-02 4.1901910e-02 4.2748585e-02 4.3386174e-02 4.4315074e-02 4.6090108e-02 4.9301358e-02 5.4407376e-02 6.1547220e-02 7.0442848e-02 8.0316560e-02 8.9988991e-02 9.8105405e-02 1.0331458e-01 1.0489817e-01 1.0504325e-01 1.0487384e-01 1.0272806e-01 9.5181442e-02 8.3232757e-02 6.8844804e-02 5.3364032e-02 3.7709725e-02 2.2353925e-02 7.2163142e-03 -7.6686004e-03 -2.2569341e-02 -3.7601515e-02 -5.2399773e-02 -6.6248277e-02 -7.8411635e-02 -8.8308948e-02 -9.5193852e-02
2.4828115e-03 3.1468896e-03 3.8080672e-03 4.7142679e-03 5.9090889e-03 7.4665295e-03 9.4560576e-03 1.1914067e-02 1.4853054e-02 1.8233612e-02 2.1982796e-02 2.5824145e-02 2.9613239e-02 3.3185555e-02 3.6340040e-02 3.8908309e-02 4.0827867e-02 4.2100104e-02 4.2904668e-02 4.3557431e-02 4.4541636e-02 4.6439260e-02 4.9822845e-02 5.5081657e-02 6.2312142e-02 7.1227290e-02 8.1094334e-02 9.0700414e-02 9.8666151e-02 1.0352457e-01 1.0481690e-01 1.0496634e-01 1.0466208e-01 1.0218743e-01 9.4183294e-02 8.1964801e-02 6.7353177e-02 5.1756368e-02 3.6189337e-02 2.1033295e-02 6.1198563e-03 -8.7012925e-03 -2.3429685e-02 -3.8260972e-02 -5.2942457e-02 -6.6876209e-02 -7.9261325e-02 -8.9121440e-02 -9.5772603e-02
2.5779906e-03 3.3054467e-03 4.0265314e-03 5.0023514e-03 6.2851918e-03 7.9476037e-03 1.0042625e-02 1.2585946e-02 1.5585559e-02 1.8980573e-02 2.2660529e-02 2.6445410e-02 3.0172875e-02 3.3651560e-02 3.6670862e-02 3.9134402e-02 4.1005226e-02 4.2276265e-02 4.3093513e-02 4.3783377e-02 4.4840064e-02 4.6877753e-02 5.0384479e-02 5.5729560e-02 6.3037841e-02 7.2000965e-02 8.1866601e-02 9.1387695e-02 9.9098952e-02 1.0345258e-01 1.0452367e-01 1.0469594e-01 1.0435083e-01 1.0148546e-01 9.3352154e-02 8.1118649e-02 6.6114764e-02 5.0131550e-02 3.4442979e-02 1.9365720e-02 4.8665796e-03 -9.4027925e-03 -2.3845824e-02 -3.8523901e-02 -5.3117695e-02 -6.7007179e-02 -7.9412062e-02 -8.9361217e-02 -9.6249641e-02
2.6838346e-03 3.4782185e-03 4.2667626e-03 5.3237863e-03 6.6992627e-03 8.4502207e-03 1.0622036e-02 1.3241238e-02 1.6288551e-02 1.9689139e-02 2.3316535e-02 2.7033813e-02 3.0691440e-02 3.4091417e-02 3.7019512e-02 3.9390298e-02 4.1155339e-02 4.2338547e-02 4.3151257e-02 4.3912336e-02 4.5097561e-02 4.7268637e-02 5.0921390e-02 5.6424475e-02 6.3870399e-02 7.2926366e-02 8.2747025e-02 9.2039644e-02 9.9399898e-02 1.0335012e-01 1.0423677e-01 1.0434733e-01 1.0403612e-01 1.0079053e-01 9.2394104e-02 7.9911817e-02 6.4733168e-02 4.8894060e-02 3.3433618e-02 1.8442400e-02 4.1714841e-03 -9.7699065e-03 -2.3940303e-02 -3.8391955e-02 -5.2995051e-02 -6.7114080e-02 -7.9826893e-02 -9.0092887e-02 -9.7012807e-02
2.8000788e-03 3.6693320e-03 4.5320953e-03 5.6760358e-03 7.1391139e-03 8.9713154e-03 1.1213639e-02 1.3895688e-02 1.6974687e-02 2.0387500e-02 2.3981845e-02 2.7629755e-02 3.1192992e-02 3.4489109e-02 3.7327644e-02 3.9621103e-02 4.1342536e-02 4.2509279e-02 4.3314391e-02 4.4114509e-02 4.5373273e-02 4.7642576e-02 5.1445887e-02 5.7159832e-02 6.4741012e-02 7.3765283e-02 8.3394103e-02 9.2392256e-02 9.9377813e-02 1.0300010e-01 1.0379708e-01 1.0388691e-01 1.0360947e-01 1.0006112e-01 9.1377867e-02 7.8596545e-02 6.3339998e-02 4.7832621e-02 3.2713788e-02 1.7849350e-02 3.6090377e-03 -1.0080314e-02 -2.3811245e-02 -3.7857246e-02 -5.2415244e-02 -6.6985550e-02 -8.0342923e-02 -9.0985170e-02 -9.8002184e-02
2.9231946e-03 3.8604096e-03 4.7936667e-03 6.0237671e-03 7.5795559e-03 9.5108173e-03 1.1847053e-02 1.4568701e-02 1.7650781e-02 2.1042118e-02 2.4598473e-02 2.8170677e-02 3.1596895e-02 3.4725045e-02 3.7426869e-02 3.9642857e-02 4.1376836e-02 4.2571557e-02 4.3444336e-02 4.4349913e-02 4.5716696e-02 4.8112673e-02 5.2057298e-02 5.7868076e-02 6.5514411e-02 7.4478515e-02 8.3933751e-02 9.2677739e-02 9.9308865e-02 1.0264068e-01 1.0332745e-01 1.0338432e-01 1.0298345e-01 9.9123146e-02 9.0215010e-02 7.7303672e-02 6.2190637e-02 4.7034739e-02 3.2262058e-02 1.7780805e-02 3.7682376e-03 -9.8774276e-03 -2.3786570e-02 -3.8204176e-02 -5.3090563e-02 -6.7586212e-02 -8.0777674e-02 -9.1427100e-02 -9.8549334e-02
3.0504629e-03 4.0622951e-03 5.0707374e-03 6.3947061e-03 8.0477857e-03 1.0067352e-02 1.2467793e-02 1.5235043e-02 1.8330871e-02 2.1684128e-02 2.5189912e-02 2.8701977e-02 3.2053043e-02 3.5086263e-02 3.7682957e-02 3.9770178e-02 4.1377497e-02 4.2568496e-02 4.3468687e-02 4.4473925e-02 4.6016918e-02 4.8587354e-02 5.2667185e-02 5.8552458e-02 6.6195685e-02 7.5014849e-02 8.4227467e-02 9.2646997e-02 9.8980993e-02 1.0211253e-01 1.0275312e-01 1.0280242e-01 1.0238078e-01 9.8424743e-02 8.9119819e-02 7.6163221e-02 6.1395398e-02 4.6446347e-02 3.1860741e-02 1.7593926e-02 3.7489212e-03 -9.9157907e-03 -2.4000926e-02 -3.8707327e-02 -5.3822877e-02 -6.8123339e-02 -8.1108902e-02 -9.1777693e-02 -9.8948018e-02
3.1818973e-03 4.2808817e-03 5.3759016e-03 6.7859300e-03 8.5193864e-03 1.0607587e-02 1.3065036e-02 1.5878149e-02 1.9005155e-02 2.2341918e-02 2.5764781e-02 2.9168674e-02 3.2416481e-02 3.5346881e-02 3.7847494e-02 3.9867303e-02 4.1410568e-02 4.2560182e-02 4.3532378e-02 4.4653394e-02 4.6332380e-02 4.9054448e-02 5.3218208e-02 5.9089118e-02 6.6657139e-02 7.5453874e-02 8.4487983e-02 9.2519748e-02 9.8530891e-02 1.0147607e-01 1.0207840e-01 1.0214149e-01 1.0170445e-01 9.7680361e-02 8.8276000e-02 7.5472835e-02 6.0837794e-02 4.5911483e-02 3.1310184e-02 1.7123570e-02 3.4582364e-03 -1.0024342e-02 -2.3927231e-02 -3.8349752e-02 -5.3309554e-02 -6.8015116e-02 -8.1381906e-02 -9.2217990e-02 -9.9476156e-02
3.3160409e-03 4.5009356e-03 5.6725701e-03 7.1611150e-03 8.9710304e-03 1.1131599e-02 1.3650021e-02 1.6505224e-02 1.9642664e-02 2.2956106e-02 2.6319504e-02 2.9623357e-02 3.2745458e-02 3.5550007e-02 3.7954376e-02 3.9914263e-02 4.1440958e-02 4.2611426e-02 4.3638962e-02 4.4850778e-02 4.6646403e-02 4.9476195e-02 5.3729096e-02 5.9664352e-02 6.7190314e-02 7.5787645e-02 8.4613920e-02 9.2406842e-02 9.8130526e-02 1.0091003e-01 1.0144755e-01 1.0150080e-01 1.0101371e-01 9.6790572e-02 8.7348384e-02 7.4605765e-02 6.0204068e-02 4.5512636e-02 3.1148046e-02 1.7216578e-02 3.6280510e-03 -9.9328645e-03 -2.3959069e-02 -3.8461395e-02 -5.3403757e-02 -6.8124141e-02 -8.1589353e-02 -9.2559059e-02 -9.9980682e-02
3.4471388e-03 4.7229364e-03 5.9640815e-03 7.5295794e-03 9.4209036e-03 1.1660487e-02 1.4239568e-02 1.7127424e-02 2.0261359e-02 2.3540744e-02 2.6845461e-02 3.0076113e-02 3.3116674e-02 3.5824564e-02 3.8128627e-02 3.9993912e-02 4.1451104e-02 4.2618263e-02 4.3702593e-02 4.5005168e-02 4.6916619e-02 4.9867918e-02 5.4225951e-02 6.0211359e-02 6.7605744e-02 7.5913862e-02 8.4388991e-02 9.1952603e-02 9.7510834e-02 1.0020291e-01 1.0075264e-01 1.0083299e-01 1.0033823e-01 9.6026154e-02 8.6563575e-02 7.4002975e-02 5.9937094e-02 4.5405908e-02 3.1021818e-02 1.7026865e-02 3.4296110e-03 -1.0116305e-02 -2.4122125e-02 -3.8674602e-02 -5.3564574e-02 -6.8061149e-02 -8.1277602e-02 -9.2239719e-02 -9.9939202e-02
3.5752231e-03 4.9344228e-03 6.2464748e-03 7.8919943e-03 9.8649065e-03 1.2177959e-02 1.4815127e-02 1.7729355e-02 2.0852551e-02 2.4092521e-02 2.7337824e-02 3.0483938e-02 3.3416495e-02 3.6012679e-02 3.8217227e-02 4.0013932e-02 4.1442167e-02 4.2617234e-02 4.3768867e-02 4.5174369e-02 4.7201676e-02 5.0240102e-02 5.4620616e-02 6.0525634e-02 6.7816839e-02 7.6018126e-02 8.4306016e-02 9.1595765e-02 9.6936076e-02 9.9544497e-02 1.0009328e-01 1.0016956e-01 9.9668585e-02 9.5361072e-02 8.5966533e-02 7.3626667e-02 5.9725426e-02 4.5181200e-02 3.0772401e-02 1.6791778e-02 3.2186191e-03 -1.0219383e-02 -2.4035492e-02 -3.8438259e-02 -5.3243234e-02 -6.7797091e-02 -8.1243976e-02 -9.2553028e-02 -1.0058476e-01
3.6988552e-03 5.1392782e-03 6.5222027e-03 8.2429204e-03 1.0289436e-02 1.2670215e-02 1.5358497e-02 1.8298872e-02 2.1418269e-02 2.4624551e-02 2.7813228e-02 3.0877534e-02 3.3695439e-02 3.6182064e-02 3.8291465e-02 4.0019182e-02 4.1418109e-02 4.2612662e-02 4.3808765e-02 4.5286059e-02 4.7394557e-02 5.0506521e-02 5.4913797e-02 6.0779769e-02 6.7969373e-02 7.6021056e-02 8.4109189e-02 9.1196749e-02 9.6361456e-02 9.8988566e-02 9.9568167e-02 9.9599365e-02 9.9082952e-02 9.4803481e-02 8.5434935e-02 7.3197156e-02 5.9398408e-02 4.4926954e-02 3.0594418e-02 1.6716373e-02 3.2747930e-03 -1.0126220e-02 -2.3947167e-02 -3.8366854e-02 -5.3167048e-02 -6.7725133e-02 -8.1330788e-02 -9.2895137e-02 -1.0119155e-01
3.8136250e-03 5.3259476e-03 6.7787732e-03 8.5805852e-03 1.0696999e-02 1.3130160e-02 1.5857055e-02 1.8820683e-02 2.1939976e-02 2.5117736e-02 2.8251945e-02 3.1239222e-02 3.3973001e-02 3.6370997e-02 3.8398692e-02 4.0060046e-02 4.1419730e-02 4.2603936e-02 4.3822985e-02 4.5354393e-02 4.7528732e-02 5.0700002e-02 5.5125457e-02 6.0937159e-02 6.8023154e-02 7.5923608e-02 8.3814090e-02 9.0729688e-02 9.5798267e-02 9.8496432e-02 9.9116883e-02 9.9086625e-02 9.8624972e-02 9.4377690e-02 8.5006541e-02 7.2795031e-02 5.9028562e-02 4.4689875e-02 3.0484847e-02 1.6683246e-02 3.2475338e-03 -1.0209012e-02 -2.4063774e-02 -3.8445246e-02 -5.3102761e-02 -6.7587831e-02 -8.1232268e-02 -9.2899665e-02 -1.0142364e-01
3.9162013e-03 5.4828707e-03 6.9936136e-03 8.8664195e-03 1.1050872e-02 1.3542753e-02 1.6315486e-02 1.9305129e-02 2.2426114e-02 2.5581090e-02 2.8667331e-02 3.1579394e-02 3.4224418e-02 3.6532941e-02 3.8478295e-02 4.0071207e-02 4.1384644e-02 4.2553446e-02 4.3793691e-02 4.5377245e-02 4.7616442e-02 5.0826909e-02 5.5262499e-02 6.1044612e-02 6.8029441e-02 7.5762975e-02 8.3489101e-02 9.0296602e-02 9.5313277e-02 9.8013637e-02 9.8670725e-02 9.8682300e-02 9.8305739e-02 9.4079353e-02 8.4796398e-02 7.2540134e-02 5.8725487e-02 4.4462111e-02 3.0333820e-02 1.6553998e-02 3.0681184e-03 -1.0430382e-02 -2.4250462e-02 -3.8469162e-02 -5.2989403e-02 -6.7443820e-02 -8.1181961e-02 -9.3083957e-02 -1.0186428e-01
4.0061068e-03 5.6264280e-03 7.1850898e-03 9.1076443e-03 1.1352730e-02 1.3905407e-02 1.6724410e-02 1.9743343e-02 2.2870284e-02 2.6007365e-02 2.9052773e-02 3.1898817e-02 3.4459735e-02 3.6685917e-02 3.8556858e-02 4.0083619e-02 4.1350665e-02 4.2504906e-02 4.3755177e-02 4.5369662e-02 4.7648581e-02 5.0881366e-02 5.5304698e-02 6.1027240e-02 6.7906380e-02 7.5514951e-02 8.3158610e-02 8.9937189e-02 9.4967520e-02 9.7642653e-02 9.8323850e-02 9.8454724e-02 9.8125633e-02 9.3931441e-02 8.4746969e-02 7.2392147e-02 5.8458210e-02 4.4160407e-02 3.0026414e-02 1.6294364e-02 2.8932413e-03 -1.0595866e-02 -2.4404218e-02 -3.8612808e-02 -5.3062390e-02 -6.7415573e-02 -8.1133633e-02 -9.3162878e-02 -1.0218046e-01
4.0789736e-03 5.7446952e-03 7.3464554e-03 9.3175076e-03 1.1617610e-02 1.4224045e-02 1.7089183e-02 2.0141730e-02 2.3285538e-02 2.6412646e-02 2.9420462e-02 3.2206642e-02 3.4699228e-02 3.6848866e-02 3.8643006e-02 4.0097719e-02 4.1304883e-02 4.2422655e-02 4.3661450e-02 4.5286128e-02 4.7581738e-02 5.0837208e-02 5.5263275e-02 6.0948768e-02 6.7761234e-02 7.5287692e-02 8.2863056e-02 8.9626295e-02 9.4718625e-02 9.7378440e-02 9.8070273e-02 9.8303502e-02 9.7961393e-02 9.3884519e-02 8.4838089e-02 7.2425375e-02 5.8427282e-02 4.4017026e-02 2.9820595e-02 1.6008209e-02 2.5305164e-03 -1.0949021e-02 -2.4635544e-02 -3.8688818e-02 -5.3045227e-02 -6.7392400e-02 -8.1100633e-02 -9.3072063e-02 -1.0214894e-01
4.1335009e-03 5.8161031e-03 7.4551060e-03 9.4741480e-03 1.1835085e-02 1.4502974e-02 1.7420585e-02 2.0510388e-02 2.3677947e-02 2.6800908e-02 2.9775570e-02 3.2510805e-02 3.4937905e-02 3.7009800e-02 3.8722076e-02 4.0098304e-02 4.1238994e-02 4.2307627e-02 4.3520359e-02 4.5146872e-02 4.7460135e-02 5.0734888e-02 5.5164660e-02 6.0820821e-02 6.7575121e-02 7.5037541e-02 8.2579637e-02 8.9358912e-02 9.4534622e-02 9.7259105e-02 9.7957398e-02 9.8194699e-02 9.7884202e-02 9.4010215e-02 8.5030518e-02 7.2580450e-02 5.8526516e-02 4.4027324e-02 2.9689456e-02 1.5766089e-02 2.1641042e-03 -1.1376571e-02 -2.5054847e-02 -3.8986602e-02 -5.3288086e-02 -6.7579309e-02 -8.1114174e-02 -9.3090253e-02 -1.0218185e-01
