visualization/geoclaw_output/chile2010/eta_0009.asc
ncols     360
nrows     360
xllcorner -1.199166666650000e+02
yllcorner -5.991666666500000e+01
cellsize  1.666666700000000e-01
nodata_value       -9999
[rows 220 to 241 of 360, columns 250 to 299 of 360]
-2.8920598e-02 -2.6315654e-02 -2.3635369e-02 -2.0896377e-02 -1.8140278e-02 -1.5367822e-02 -1.2579188e-02 -9.7615843e-03 -6.9121495e-03 -4.0560346e-03 -1.2382874e-03 1.5077539e-03 4.1866732e-03 6.7749054e-03 9.2309841e-03 1.1581322e-02 1.3835331e-02 1.6016430e-02 1.8167966e-02 2.0243161e-02 2.2219263e-02 2.4086901e-02 2.5927149e-02 2.7937671e-02 3.0444803e-02 3.3768575e-02 3.7994382e-02 4.6273502e-02 5.9978418e-02 9.1529089e-02 2.1026404e-01 2.6587308e+01 1.6187098e+02 2.6848122e+02 2.2864776e+02 1.2397275e+02 1.1434926e+02 1.7107159e+02 2.7244222e+02 5.2651805e+02 9.9719424e+02 1.3186160e+03 1.6420628e+03 1.8983774e+03 1.8074944e+03 1.7941844e+03 2.2061244e+03 2.6150646e+03 2.4311268e+03 1.9696629e+03
-2.9539013e-02 -2.6768365e-02 -2.3905909e-02 -2.0984345e-02 -1.8062872e-02 -1.5149169e-02 -1.2237711e-02 -9.3090952e-03 -6.3526258e-03 -3.3998243e-03 -5.0260257e-04 2.3199120e-03 5.0544337e-03 7.6838051e-03 1.0183954e-02 1.2600937e-02 1.4815819e-02 1.6921938e-02 1.8841532e-02 2.0542583e-02 2.2056817e-02 2.3445712e-02 2.4642262e-02 2.5798047e-02 2.7280457e-02 2.9161577e-02 3.2246677e-02 3.9798773e-02 6.5138084e-02 1.5908281e-01 3.7036283e-01 6.8638865e+01 1.4414684e+02 2.1342841e+02 1.8952283e+02 1.0800344e+02 1.2977249e+02 2.1083072e+02 3.5932885e+02 6.6473820e+02 1.0467643e+03 1.5433815e+03 1.9505824e+03 1.9187507e+03 1.6228546e+03 1.4429861e+03 1.8515334e+03 2.1983805e+03 2.2026133e+03 2.0892850e+03
-3.0133980e-02 -2.7198434e-02 -2.4171529e-02 -2.1093019e-02 -1.8012567e-02 -1.4938424e-02 -1.1873412e-02 -8.8180331e-03 -5.7701255e-03 -2.7467813e-03 2.1823168e-04 3.0989965e-03 5.8774204e-03 8.5284805e-03 1.1012050e-02 1.3311094e-02 1.5403420e-02 1.7355447e-02 1.9095380e-02 2.0634590e-02 2.1984133e-02 2.3219119e-02 2.4379720e-02 2.5574197e-02 2.7070624e-02 2.8977856e-02 3.1298474e-02 3.6210418e-02 4.6091284e-02 2.6459469e-01 6.0404471e+01 1.5075136e+02 1.6000735e+02 1.9219934e+02 1.5656151e+02 1.0675891e+02 1.4211895e+02 2.2036199e+02 3.8997043e+02 7.3906021e+02 1.1726673e+03 1.6095654e+03 1.9549070e+03 2.0449381e+03 1.7677339e+03 1.4128150e+03 1.6644376e+03 1.7896490e+03 1.8392923e+03 2.2409359e+03
-3.0564580e-02 -2.7503613e-02 -2.4346458e-02 -2.1124449e-02 -1.7902230e-02 -1.4694152e-02 -1.1499468e-02 -8.3424958e-03 -5.2334507e-03 -2.1839935e-03 7.9463524e-04 3.6840858e-03 6.4553839e-03 9.0817504e-03 1.1519349e-02 1.3768930e-02 1.5841730e-02 1.7740377e-02 1.9366748e-02 2.0738103e-02 2.1826187e-02 2.2660732e-02 2.3313478e-02 2.3902893e-02 2.4257194e-02 2.4311405e-02 2.2468671e-02 2.3845361e-02 3.3900545e+01 5.0470388e+01 2.5850202e+02 4.3509507e+02 2.8849390e+02 1.6505184e+02 1.2775050e+02 1.1889476e+02 1.5951629e+02 2.3022148e+02 3.7335971e+02 6.4799136e+02 1.0628548e+03 1.5247083e+03 1.7861170e+03 1.9357351e+03 1.7550149e+03 1.3237387e+03 1.3674251e+03 1.4164624e+03 1.4461646e+03 1.8920415e+03
-3.0866750e-02 -2.7689034e-02 -2.4424215e-02 -2.1084014e-02 -1.7737508e-02 -1.4413432e-02 -1.1112804e-02 -7.8738769e-03 -4.7244222e-03 -1.6820210e-03 1.2587832e-03 4.0953357e-03 6.7932544e-03 9.2941318e-03 1.1576002e-02 1.3666468e-02 1.5604908e-02 1.7365879e-02 1.8912373e-02 2.0241478e-02 2.1340158e-02 2.2275774e-02 2.3113570e-02 2.3921569e-02 2.4590576e-02 2.5186086e-02 2.4582444e-02 2.3817747e-02 6.4320607e+01 1.6448490e+02 3.7448888e+02 6.1958304e+02 4.3330560e+02 1.3556339e+02 9.3384108e+01 1.2072041e+02 1.7055816e+02 2.4698737e+02 3.6837675e+02 6.3923725e+02 1.1016194e+03 1.4893058e+03 1.6339378e+03 1.7913869e+03 1.6208489e+03 1.3042820e+03 1.2769537e+03 1.1917551e+03 1.0971642e+03 1.2444224e+03
-3.1063084e-02 -2.7795129e-02 -2.4454874e-02 -2.1054553e-02 -1.7626691e-02 -1.4225912e-02 -1.0877256e-02 -7.6214873e-03 -4.4859722e-03 -1.4669627e-03 1.4358708e-03 4.2214550e-03 6.8579429e-03 9.2727246e-03 1.1449536e-02 1.3438908e-02 1.5275467e-02 1.6930722e-02 1.8400829e-02 1.9691510e-02 2.0804486e-02 2.1896484e-02 2.2797989e-02 2.3836733e-02 2.5017909e-02 2.6734976e-02 2.7514091e-02 2.6642171e-02 6.2560581e+01 2.1738802e+02 5.3440010e+02 7.5977699e+02 5.4676038e+02 2.5749677e+02 1.2240957e+02 1.0686323e+02 1.6072746e+02 2.4423390e+02 3.5965712e+02 6.7418159e+02 1.2412797e+03 1.5866557e+03 1.6712381e+03 1.6873161e+03 1.5371808e+03 1.4784643e+03 1.5276598e+03 1.4103255e+03 1.1444204e+03 1.0291240e+03
-3.1117980e-02 -2.7835560e-02 -2.4464255e-02 -2.1030839e-02 -1.7584421e-02 -1.4171938e-02 -1.0844608e-02 -7.6282330e-03 -4.5220606e-03 -1.5359720e-03 1.3140892e-03 4.0133507e-03 6.5345989e-03 8.8332085e-03 1.0898175e-02 1.2801242e-02 1.4572519e-02 1.6203173e-02 1.7717337e-02 1.9137506e-02 2.0490211e-02 2.1869653e-02 2.3206231e-02 2.4803163e-02 2.7015702e-02 2.9998902e-02 3.4281028e-02 3.8192644e-02 4.6287881e+01 2.0106023e+02 5.8741694e+02 8.5123169e+02 7.1290529e+02 3.8572389e+02 1.4153984e+02 1.3812318e+02 1.8753139e+02 2.9112637e+02 4.7861062e+02 6.2400103e+02 1.0302116e+03 1.4652613e+03 1.7658725e+03 1.7511826e+03 1.4842747e+03 1.4459200e+03 1.4694747e+03 1.4998466e+03 1.3775553e+03 1.0542805e+03
-3.1025744e-02 -2.7758972e-02 -2.4410351e-02 -2.1013418e-02 -1.7626442e-02 -1.4280189e-02 -1.1024210e-02 -7.8644595e-03 -4.8028163e-03 -1.8685730e-03 9.0053918e-04 3.4984317e-03 5.9047392e-03 8.1182744e-03 1.0133708e-02 1.1999119e-02 1.3729390e-02 1.5344734e-02 1.6886362e-02 1.8370321e-02 1.9862036e-02 2.1341451e-02 2.2984301e-02 2.5068018e-02 2.8343187e-02 3.4928000e-02 4.8149862e-02 7.8756873e-02 1.4111843e-01 1.3943272e+02 4.0577755e+02 5.5162146e+02 4.7790155e+02 2.8651791e+02 1.8500968e+02 2.4370865e+02 2.9374782e+02 4.1775948e+02 7.6632491e+02 8.8569956e+02 9.7471909e+02 1.2702677e+03 1.5736666e+03 1.7893617e+03 1.6438972e+03 1.3352987e+03 1.2752448e+03 1.4034343e+03 1.3884325e+03 1.1720988e+03
-3.0896691e-02 -2.7693046e-02 -2.4423686e-02 -2.1130199e-02 -1.7855288e-02 -1.4617511e-02 -1.1451599e-02 -8.3705990e-03 -5.3899768e-03 -2.5446220e-03 1.3198435e-04 2.6237961e-03 4.9133508e-03 7.0497259e-03 9.0489478e-03 1.0915981e-02 1.2672787e-02 1.4358185e-02 1.6024467e-02 1.7699768e-02 1.9425155e-02 2.1199053e-02 2.3246321e-02 2.6055485e-02 3.0907987e-02 4.0360228e-02 6.1346350e-02 1.0996808e-01 1.5149577e-01 5.1947015e+01 2.7673495e+02 3.3137020e+02 2.1280470e+02 2.0418198e+02 2.7375851e+02 3.3698520e+02 3.8662324e+02 5.3064385e+02 8.8652942e+02 1.1467984e+03 1.1207729e+03 1.1388583e+03 1.4100188e+03 1.7802268e+03 1.7407378e+03 1.3475577e+03 1.2670404e+03 1.2634630e+03 1.0858734e+03 1.0857037e+03
-3.0710385e-02 -2.7624624e-02 -2.4488313e-02 -2.1344950e-02 -1.8222248e-02 -1.5124592e-02 -1.2078909e-02 -9.1067310e-03 -6.2321806e-03 -3.4847267e-03 -8.9286707e-04 1.5242156e-03 3.7366162e-03 5.8332815e-03 7.8584255e-03 9.7830906e-03 1.1593828e-02 1.3303197e-02 1.4963132e-02 1.6631813e-02 1.8339444e-02 2.0147791e-02 2.2301023e-02 2.5385816e-02 3.0427511e-02 4.1001319e-02 6.6022535e-02 1.3100951e-01 1.8141467e-01 8.6269698e+01 2.7475624e+02 3.5405781e+02 2.7337612e+02 2.1291162e+02 2.6942725e+02 3.3626735e+02 4.0253992e+02 5.5705574e+02 8.3292724e+02 1.2688401e+03 1.4514671e+03 1.2209767e+03 1.3000702e+03 1.7165575e+03 1.7870791e+03 1.4275844e+03 1.1818729e+03 1.1877506e+03 1.1041652e+03 9.8090153e+02
-3.0529383e-02 -2.7581745e-02 -2.4621046e-02 -2.1659710e-02 -1.8698556e-02 -1.5738991e-02 -1.2823865e-02 -9.9747805e-03 -7.2323201e-03 -4.6047260e-03 -2.1089994e-03 2.2548303e-04 2.3823653e-03 4.4328464e-03 6.4161826e-03 8.3282692e-03 1.0150047e-02 1.1907790e-02 1.3646168e-02 1.5443278e-02 1.7339845e-02 1.9490289e-02 2.2143730e-02 2.5827369e-02 3.1001450e-02 3.8481349e-02 5.8894368e-02 1.1897574e-01 4.1207417e+01 2.7420926e+02 4.8610735e+02 4.5418496e+02 2.5489579e+02 1.7737091e+02 2.2299616e+02 2.6599573e+02 3.4609289e+02 4.9434847e+02 6.7738841e+02 1.0700160e+03 1.3886833e+03 1.4299170e+03 1.3483205e+03 1.5171167e+03 1.8573027e+03 1.5554286e+03 1.0423336e+03 1.0153200e+03 1.0607303e+03 9.1094876e+02
-3.0342996e-02 -2.7547299e-02 -2.4774678e-02 -2.2002778e-02 -1.9214616e-02 -1.6418708e-02 -1.3648184e-02 -1.0919682e-02 -8.2803706e-03 -5.7406835e-03 -3.3094420e-03 -1.0095546e-03 1.1444812e-03 3.1801564e-03 5.1244206e-03 7.0049509e-03 8.8128621e-03 1.0545932e-02 1.2251247e-02 1.3932738e-02 1.5635956e-02 1.7566858e-02 2.0000493e-02 2.3376622e-02 2.8009032e-02 3.4243025e-02 5.0562119e-02 9.1057566e-02 2.1040527e+01 2.0427406e+02 3.5836651e+02 3.0806108e+02 1.4360115e+02 1.2014579e+02 1.7335776e+02 2.1167844e+02 2.9895692e+02 4.4734673e+02 6.6487427e+02 9.6515982e+02 1.2212912e+03 1.4290236e+03 1.4294128e+03 1.4237694e+03 1.7165677e+03 1.5875920e+03 1.1270719e+03 9.4000753e+02 9.5023001e+02 9.1841522e+02
-3.0154605e-02 -2.7517097e-02 -2.4915441e-02 -2.2321992e-02 -1.9705181e-02 -1.7076269e-02 -1.4452753e-02 -1.1856166e-02 -9.3223472e-03 -6.8711125e-03 -4.5208408e-03 -2.2907833e-03 -1.6688556e-04 1.8900315e-03 3.8444681e-03 5.6710189e-03 7.3899348e-03 9.0311304e-03 1.0680619e-02 1.2247521e-02 1.3819932e-02 1.5570647e-02 1.7990045e-02 2.1090662e-02 2.4951206e-02 2.9080315e-02 3.6401577e-02 4.1763337e-02 8.4001538e-02 2.4721855e+01 1.0189070e+02 1.0827239e+02 6.0359094e+01 7.4026185e+01 1.2810368e+02 1.7938219e+02 2.7876385e+02 4.9351733e+02 7.4826311e+02 9.1746465e+02 1.1189426e+03 1.2918155e+03 1.4180294e+03 1.4567579e+03 1.5884622e+03 1.7330419e+03 1.4760681e+03 1.1393424e+03 1.0659358e+03 9.8087426e+02
-2.9957200e-02 -2.7477589e-02 -2.5031990e-02 -2.2586835e-02 -2.0117276e-02 -1.7649572e-02 -1.5173081e-02 -1.2707006e-02 -1.0296429e-02 -7.9502290e-03 -5.6764296e-03 -3.4724696e-03 -1.3492008e-03 6.6387298e-04 2.5235953e-03 4.2411036e-03 5.8425316e-03 7.3439590e-03 8.7436634e-03 1.0074521e-02 1.1338298e-02 1.2750382e-02 1.4398832e-02 1.6447717e-02 1.9034946e-02 2.2975047e-02 3.4165590e-02 4.6669377e-02 6.8016355e-02 2.3904687e-01 5.5091398e+01 8.3147415e+01 6.1133037e+01 6.9518772e+01 1.1115281e+02 1.6722142e+02 2.7976082e+02 4.9204118e+02 7.4894179e+02 9.2759495e+02 1.2165606e+03 1.4767102e+03 1.5670642e+03 1.5187578e+03 1.4994380e+03 1.7378511e+03 1.6845106e+03 1.3472672e+03 1.1472163e+03 1.0370755e+03
-2.9706284e-02 -2.7367080e-02 -2.5046756e-02 -2.2738283e-02 -2.0414012e-02 -1.8111641e-02 -1.5787790e-02 -1.3458842e-02 -1.1169574e-02 -8.9167426e-03 -6.7127174e-03 -4.5850379e-03 -2.5656511e-03 -6.6211423e-04 1.1275586e-03 2.7637549e-03 4.2452466e-03 5.5978629e-03 6.8411970e-03 7.9784349e-03 9.0960434e-03 1.0336785e-02 1.1553457e-02 1.2522493e-02 1.3057582e-02 1.2306628e-02 1.4869810e-02 1.8586141e-02 2.1284036e-03 1.3300219e-01 7.1789810e+00 6.6854072e+01 1.0108536e+02 1.1407271e+02 1.4163472e+02 1.8516023e+02 2.9562677e+02 5.5734477e+02 8.6141783e+02 1.1319217e+03 1.3254375e+03 1.4360678e+03 1.5068408e+03 1.4209144e+03 1.4031705e+03 1.5748717e+03 1.5794335e+03 1.3831532e+03 1.2109494e+03 1.0987487e+03
-2.9329162e-02 -2.7160657e-02 -2.4992874e-02 -2.2835534e-02 -2.0631328e-02 -1.8427268e-02 -1.6185610e-02 -1.4007898e-02 -1.1880999e-02 -9.7552456e-03 -7.6442973e-03 -5.5949952e-03 -3.6712604e-03 -1.8691054e-03 -2.1334564e-04 1.2697088e-03 2.5602696e-03 3.6534039e-03 4.5497589e-03 5.2776873e-03 5.9184403e-03 6.5577528e-03 7.1884142e-03 7.5008549e-03 6.7375885e-03 5.1170685e-03 1.3275811e-03 -3.8405146e-03 -3.4765427e-02 8.2141262e-02 7.5485808e+00 1.2642816e+02 2.0657424e+02 2.2297892e+02 2.2688788e+02 2.6221005e+02 3.3040442e+02 5.7545149e+02 7.8355271e+02 8.9641953e+02 9.7681528e+02 1.1488631e+03 1.3656100e+03 1.3424417e+03 1.4048345e+03 1.4716205e+03 1.4016296e+03 1.3074122e+03 1.1662655e+03 9.8770162e+02
-2.8713842e-02 -2.6773554e-02 -2.4790268e-02 -2.2755968e-02 -2.0644334e-02 -1.8542583e-02 -1.6455010e-02 -1.4430496e-02 -1.2465728e-02 -1.0502782e-02 -8.5405733e-03 -6.6168802e-03 -4.8017425e-03 -3.1338464e-03 -1.6406080e-03 -3.5068605e-04 7.0701838e-04 1.5202118e-03 2.0917814e-03 2.4564805e-03 2.6874015e-03 2.8174369e-03 2.8685180e-03 2.6277213e-03 1.5001899e-03 -1.2630468e-03 -1.1210530e-02 -3.7362439e-02 -5.8965534e-02 5.7421901e-02 1.1887922e+02 2.1352104e+02 1.7433729e+02 2.2484870e+02 2.6358327e+02 3.4151457e+02 3.4888122e+02 5.3789472e+02 8.4775152e+02 1.0131304e+03 1.0821553e+03 1.2269953e+03 1.4658425e+03 1.4660707e+03 1.5151339e+03 1.4634111e+03 1.2558773e+03 1.1508723e+03 1.0271420e+03 8.6566173e+02
-2.7883391e-02 -2.6096916e-02 -2.4281973e-02 -2.2395202e-02 -2.0468453e-02 -1.8555348e-02 -1.6647916e-02 -1.4765678e-02 -1.2924001e-02 -1.1107499e-02 -9.3024910e-03 -7.5448200e-03 -5.8907868e-03 -4.3849702e-03 -3.0687910e-03 -1.9736385e-03 -1.1262396e-03 -5.6908147e-04 -3.1477315e-04 -3.5749458e-04 -6.5197838e-04 -1.3090932e-03 -2.5210867e-03 -4.8802445e-03 -9.0441950e-03 -1.6299445e-02 -4.0910447e-02 -1.1844244e-01 -1.4930061e-01 1.7115823e+01 1.5596360e+02 1.3515255e+02 7.3918293e+01 1.6095426e+02 2.5716560e+02 3.1965362e+02 4.4464703e+02 7.4497167e+02 1.0017214e+03 1.2145322e+03 1.5317318e+03 1.5267943e+03 1.4239850e+03 1.3929951e+03 1.4015676e+03 1.3372604e+03 1.1346450e+03 1.0604761e+03 9.8536685e+02 8.6175854e+02
-2.6998311e-02 -2.5356297e-02 -2.3670504e-02 -2.1940666e-02 -2.0205328e-02 -1.8460930e-02 -1.6710361e-02 -1.4986681e-02 -1.3294531e-02 -1.1635217e-02 -1.0003007e-02 -8.4345286e-03 -6.9871304e-03 -5.7012514e-03 -4.6214020e-03 -3.7832324e-03 -3.2034383e-03 -2.9335215e-03 -2.9716136e-03 -3.3121083e-03 -4.0003297e-03 -5.1213325e-03 -6.9358636e-03 -1.0156873e-02 -1.5656411e-02 -2.5594686e-02 -5.1827208e-02 -1.3600635e-01 -1.9140456e-01 5.9977663e+01 1.1432968e+02 7.5457025e+01 8.8702669e+01 1.4561471e+02 2.4189716e+02 2.7137435e+02 4.8490853e+02 7.1135167e+02 9.0683571e+02 1.2032769e+03 1.5409007e+03 1.5477973e+03 1.2235159e+03 1.0801572e+03 1.0274465e+03 1.0391632e+03 1.0694159e+03 1.0443631e+03 9.5485006e+02 7.9116418e+02
-2.5971140e-02 -2.4500001e-02 -2.2940991e-02 -2.1351751e-02 -1.9793725e-02 -1.8248447e-02 -1.6710253e-02 -1.5169845e-02 -1.3619583e-02 -1.2110167e-02 -1.0645202e-02 -9.2649733e-03 -8.0185444e-03 -6.9449462e-03 -6.0635077e-03 -5.4149333e-03 -5.0576124e-03 -5.0496756e-03 -5.4483880e-03 -6.0988341e-03 -7.2441404e-03 -9.0802887e-03 -1.2212686e-02 -1.7689682e-02 -2.6823684e-02 -4.1686304e-02 -7.2820480e-02 -1.1949601e-01 4.2775944e+01 1.2205821e+02 1.8666609e+02 2.1577967e+02 1.8006653e+02 1.6250574e+02 2.7359904e+02 5.4653961e+02 7.4218616e+02 8.0443761e+02 1.0723000e+03 1.2679300e+03 1.2421631e+03 1.2776708e+03 1.1488884e+03 9.6460111e+02 8.9057156e+02 9.4028948e+02 1.0592391e+03 9.6710909e+02 8.1826901e+02 6.9267683e+02
-2.4797393e-02 -2.3445850e-02 -2.2055798e-02 -2.0668081e-02 -1.9255603e-02 -1.7853466e-02 -1.6489101e-02 -1.5149780e-02 -1.3811836e-02 -1.2506429e-02 -1.1249281e-02 -1.0085249e-02 -9.0581531e-03 -8.1966005e-03 -7.5204631e-03 -7.0746185e-03 -6.9773661e-03 -7.1699277e-03 -7.8460408e-03 -8.8903676e-03 -1.0408388e-02 -1.2875606e-02 -1.6986802e-02 -2.3574773e-02 -3.3211003e-02 -4.8958071e-02 -7.8463220e-02 -1.2562437e-01 2.3468582e+02 3.3292231e+02 2.6621801e+02 3.0422553e+02 2.5222192e+02 1.8672229e+02 2.1850778e+02 4.4611839e+02 8.7929974e+02 1.0567283e+03 1.1770027e+03 1.2549761e+03 1.1219930e+03 1.0942630e+03 1.1012287e+03 1.0654337e+03 9.3521003e+02 8.4201211e+02 9.3827468e+02 9.2724128e+02 7.8797636e+02 6.7522429e+02
-2.3424860e-02 -2.2230101e-02 -2.1031776e-02 -1.9841018e-02 -1.8650561e-02 -1.7440126e-02 -1.6225889e-02 -1.5038436e-02 -1.3887819e-02 -1.2783906e-02 -1.1734987e-02 -1.0779753e-02 -9.9404087e-03 -9.2510046e-03 -8.7402316e-03 -8.5071826e-03 -8.5972044e-03 -9.0301575e-03 -9.9599894e-03 -1.1253844e-02 -1.3252219e-02 -1.6483050e-02 -2.1510751e-02 -2.9035633e-02 -3.9394348e-02 -5.4206241e-02 -8.1984828e-02 7.0450544e+01 3.4449672e+02 3.0956403e+02 1.8154227e+02 1.8954617e+02 1.6478786e+02 1.9849610e+02 2.0571994e+02 2.1219900e+02 5.3331392e+02 6.6615411e+02 8.2911225e+02 1.2172620e+03 1.2274368e+03 1.0932111e+03 1.2141996e+03 1.2269760e+03 9.5001088e+02 7.4025749e+02 8.2325154e+02 9.3748502e+02 8.5047989e+02 7.4697948e+02
