visualization/geoclaw_output/chile2010/eta_0003.asc
ncols     360
nrows     360
xllcorner -1.199166666650000e+02
yllcorner -5.991666666500000e+01
cellsize  1.666666700000000e-01
nodata_value       -9999
[rows 286 to 307 of 360, columns 250 to 299 of 360]
-1.3287092e-03 -1.3538124e-03 -1.3934532e-03 -1.4449186e-03 -1.5037845e-03 -1.5650388e-03 -1.6230822e-03 -1.6797016e-03 -1.7359780e-03 -1.7954253e-03 -1.8551535e-03 -1.9179805e-03 -2.0098823e-03 -2.1531721e-03 -2.3332926e-03 -2.5272340e-03 -2.7922267e-03 -2.5415889e-03 -2.9670218e-04 3.5662291e-06 1.2045503e-06 9.7485322e+01 1.7850854e+02 1.4623866e+02 1.9597064e+02 3.2282726e+02 4.8173858e+02 4.2723351e+02 3.5264598e+02 6.2809874e+02 7.0953843e+02 6.3468342e+02 7.1410149e+02 1.0233487e+03 1.1181578e+03 1.2634044e+03 1.3064572e+03 8.5901521e+02 9.8963618e+02 1.2683340e+03 1.1401647e+03 9.5597278e+02 8.8022772e+02 8.1423946e+02 7.8201468e+02 7.6376721e+02 7.8576348e+02 8.2777388e+02 8.1778403e+02 8.2627709e+02
-1.4949190e-03 -1.5202331e-03 -1.5475989e-03 -1.5750849e-03 -1.6062283e-03 -1.6424762e-03 -1.6821146e-03 -1.7261725e-03 -1.7725896e-03 -1.8251610e-03 -1.8887500e-03 -1.9748832e-03 -2.0960779e-03 -2.2561953e-03 -2.4728182e-03 -2.7201408e-03 -2.6945410e-03 -1.0920372e-03 6.1649130e-06 8.7463761e+00 4.3231612e+01 9.6765166e+01 1.6474879e+02 1.6000403e+02 1.4655610e+02 1.0878718e+02 1.1762214e+01 1.7984699e+01 1.5645839e+02 4.7948040e+02 5.1881375e+02 5.2512590e+02 8.6806684e+02 1.1643266e+03 1.0558763e+03 8.6580812e+02 9.4123752e+02 9.3094604e+02 1.0968070e+03 1.2621705e+03 1.1061042e+03 9.5003060e+02 8.6028315e+02 7.6003973e+02 6.9553168e+02 6.9476973e+02 7.4176007e+02 7.6925738e+02 7.5225094e+02 7.5825926e+02
-1.5459813e-03 -1.5530860e-03 -1.5657624e-03 -1.5846611e-03 -1.6069885e-03 -1.6376504e-03 -1.6722367e-03 -1.7123328e-03 -1.7574981e-03 -1.8158458e-03 -1.8861858e-03 -1.9730348e-03 -2.0801219e-03 -2.2201741e-03 -2.5126688e-03 -2.7893046e-03 1.9473809e+01 5.8456259e+01 4.3723404e+01 9.5956529e+01 1.0723393e+02 3.4768226e+01 1.2827093e+02 2.4719883e+02 2.4489038e+02 3.3034285e+02 3.2881639e+02 4.0980370e+02 3.8167021e+02 2.7962771e+02 3.0455157e+02 4.5241252e+02 7.6873636e+02 9.3804509e+02 9.2269478e+02 7.7898839e+02 1.0899322e+03 1.2208977e+03 9.5601863e+02 9.2850864e+02 8.8201620e+02 8.2428713e+02 7.6701701e+02 6.9099730e+02 6.5823825e+02 6.7898866e+02 7.2374959e+02 7.4950324e+02 7.7348758e+02 7.8397678e+02
-1.5606546e-03 -1.5631171e-03 -1.5713825e-03 -1.5835081e-03 -1.5994710e-03 -1.6216023e-03 -1.6480742e-03 -1.6782335e-03 -1.7104740e-03 -1.7581269e-03 -1.8088532e-03 -1.8673730e-03 -1.9166118e-03 -1.9301738e-03 -2.0373583e-03 -1.7156214e-03 3.2269419e+01 1.5798995e+02 1.2748126e+02 2.3171999e+02 2.0996035e+02 6.2966322e+01 1.6845709e+02 3.5299402e+02 3.5754916e+02 3.8587806e+02 5.9978762e+02 7.8074606e+02 6.8391608e+02 3.9206029e+02 3.9339978e+02 5.6727567e+02 7.1604237e+02 7.4780799e+02 7.3265888e+02 7.3553531e+02 1.0740769e+03 1.1851225e+03 9.3649185e+02 9.0275530e+02 9.0946877e+02 8.4944894e+02 7.5673846e+02 6.9575014e+02 6.6101032e+02 6.6701793e+02 6.8752010e+02 7.3375530e+02 8.0824362e+02 8.6248072e+02
-1.5683144e-03 -1.5645695e-03 -1.5648643e-03 -1.5664150e-03 -1.5704533e-03 -1.5772147e-03 -1.5863392e-03 -1.5976980e-03 -1.6111138e-03 -1.6369985e-03 -1.6618360e-03 -1.6594345e-03 -1.6130712e-03 -1.5285263e-03 -1.3649812e-03 -6.0209915e-04 -2.2859759e-07 1.0229057e+02 1.4725806e+02 2.1004207e+02 2.3052868e+02 2.4343525e+02 2.2701120e+02 2.8954071e+02 3.0797760e+02 2.3545328e+02 5.5098880e+02 8.9144345e+02 1.1330890e+03 1.0963060e+03 1.0624851e+03 9.6650591e+02 6.4424659e+02 5.4430286e+02 6.3514332e+02 9.6858704e+02 9.8597077e+02 8.5155901e+02 9.7548689e+02 1.0509137e+03 1.1081728e+03 1.0287034e+03 9.0493061e+02 7.9819386e+02 6.8172828e+02 6.1750902e+02 5.8953333e+02 6.7802513e+02 8.1775123e+02 9.2198689e+02
-1.5545596e-03 -1.5394988e-03 -1.5250028e-03 -1.5096556e-03 -1.4954551e-03 -1.4823298e-03 -1.4706940e-03 -1.4593301e-03 -1.4498903e-03 -1.4463530e-03 -1.4068797e-03 -1.3443362e-03 -1.2420880e-03 -1.0920031e-03 -8.4493333e-04 -2.4247162e-04 1.6991756e+01 4.8238871e+01 1.7472678e+02 1.4949093e+02 1.0154204e+02 2.2557502e+02 1.4028641e+02 1.5378366e+02 3.8797857e+02 3.9720809e+02 4.5731279e+02 9.9524986e+02 1.6491284e+03 1.5566922e+03 1.1452212e+03 8.9303620e+02 4.9983285e+02 5.5269216e+02 8.0676305e+02 1.0286311e+03 1.0397499e+03 9.1790410e+02 1.1059415e+03 1.2434810e+03 1.2352578e+03 1.1125008e+03 9.5154424e+02 7.8981114e+02 6.8801841e+02 5.9125536e+02 4.9926608e+02 5.5229383e+02 7.0880867e+02 8.6104672e+02
-1.4571700e-03 -1.4299199e-03 -1.4006518e-03 -1.3716387e-03 -1.3432268e-03 -1.3141787e-03 -1.2848088e-03 -1.2545135e-03 -1.2281212e-03 -1.1826054e-03 -1.1072305e-03 -1.0057458e-03 -8.6576660e-04 -6.6925503e-04 -3.6245498e-04 -1.7588076e-05 1.0511886e+01 5.5257325e+01 1.6602819e+02 2.1947042e+02 1.6042509e+02 2.2617412e+02 1.7869209e+02 1.9094555e+02 4.4299115e+02 4.7025180e+02 5.5988004e+02 1.1886432e+03 2.0214165e+03 1.8161647e+03 1.1205409e+03 6.7358319e+02 3.6898894e+02 5.5530680e+02 5.9760255e+02 6.7406413e+02 1.0589895e+03 1.2294243e+03 1.1927609e+03 1.1030967e+03 1.0738314e+03 8.9736817e+02 6.0689608e+02 5.4932145e+02 6.1402239e+02 6.0023963e+02 4.9473632e+02 4.1753041e+02 4.8581427e+02 6.7030846e+02
-1.2130236e-03 -1.1931963e-03 -1.1662999e-03 -1.1357529e-03 -1.1029400e-03 -1.0674041e-03 -1.0290370e-03 -9.8950178e-04 -9.4867051e-04 -8.7932624e-04 -7.8169321e-04 -6.5671924e-04 -4.8516227e-04 -2.5584532e-04 -3.0597275e-05 5.9860979e-06 3.5224281e+01 1.1520927e+02 1.6197386e+02 2.0278906e+02 2.0080297e+02 3.4401084e+02 3.1373318e+02 2.7875598e+02 4.3351418e+02 4.3176960e+02 6.3907674e+02 1.2505731e+03 2.3089241e+03 2.2673348e+03 1.3450856e+03 8.8030297e+02 6.4585709e+02 6.4414337e+02 5.6441520e+02 5.4700612e+02 9.6831103e+02 1.3067832e+03 1.1964869e+03 1.0022087e+03 8.6103642e+02 5.7880825e+02 3.5874096e+02 4.6372567e+02 6.1247831e+02 6.2474680e+02 5.6622400e+02 4.0372706e+02 3.6625181e+02 5.5250667e+02
-8.5860994e-04 -8.5697542e-04 -8.4429019e-04 -8.2389171e-04 -7.9730103e-04 -7.6437588e-04 -7.2710889e-04 -6.8647836e-04 -6.3777800e-04 -5.6386597e-04 -4.5335136e-04 -3.1348810e-04 -1.6035236e-04 -2.5632166e-05 2.6757852e-06 1.0032557e-06 1.1573084e+02 1.6801147e+02 1.1180440e+02 1.6348266e+02 1.7096336e+02 3.6522721e+02 4.3045162e+02 2.8948797e+02 3.1055454e+02 2.2884383e+02 3.3209453e+02 1.0552857e+03 2.4677376e+03 2.8236050e+03 1.5570451e+03 7.7725434e+02 8.2929125e+02 8.7647735e+02 6.9876021e+02 4.8153048e+02 5.9914515e+02 8.3672962e+02 9.3540928e+02 9.7655594e+02 8.2798182e+02 5.6469924e+02 4.3496644e+02 4.3079293e+02 5.0708083e+02 4.9632509e+02 4.3035222e+02 3.2606656e+02 2.7105146e+02 3.4435977e+02
-4.7650671e-04 -4.9036453e-04 -4.9610012e-04 -4.9147231e-04 -4.7821459e-04 -4.5648418e-04 -4.2709034e-04 -3.9032553e-04 -3.3882523e-04 -2.6173186e-04 -1.6979855e-04 -8.4686818e-05 -2.1406436e-05 4.1047861e-07 1.0252679e-06 1.0536328e-07 5.8551483e+01 8.3286151e+01 3.0990716e+01 2.2248425e+02 2.9996427e+02 3.8451210e+02 5.5572820e+02 4.5341982e+02 3.5541982e+02 2.1716209e+02 1.7224480e+02 9.7326027e+02 2.5114879e+03 3.1889404e+03 2.4779379e+03 1.3224387e+03 8.1271779e+02 9.0275802e+02 9.9082530e+02 8.9823471e+02 6.7606053e+02 5.4368375e+02 5.3456527e+02 6.7786183e+02 7.2207793e+02 6.1277405e+02 4.8775408e+02 3.6424423e+02 3.3151744e+02 3.2751941e+02 2.7373523e+02 2.3923185e+02 2.1123185e+02 1.8348003e+02
-1.6794802e-04 -1.8563204e-04 -1.9967997e-04 -2.0764344e-04 -2.0784488e-04 -1.9913648e-04 -1.8180595e-04 -1.5575435e-04 -1.1770242e-04 -6.9997398e-05 -3.0659810e-05 -8.1707858e-06 -3.5535641e-07 5.1348388e-07 2.2062386e-07 7.0924955e-09 -2.2096103e-10 9.5053767e+00 3.0759480e+01 1.7604216e+02 2.6430617e+02 3.6899660e+02 5.0105292e+02 4.3883900e+02 3.4833475e+02 2.8130221e+02 3.2541850e+02 1.0189638e+03 2.2706486e+03 2.7970320e+03 2.2621865e+03 1.2166234e+03 5.7666611e+02 5.9516611e+02 8.5900059e+02 1.0329409e+03 8.6283504e+02 6.9697991e+02 6.0139643e+02 5.1922722e+02 5.0804273e+02 5.2152745e+02 5.0398670e+02 3.8849208e+02 2.6801839e+02 2.3853085e+02 2.3628608e+02 2.1703085e+02 1.9427787e+02 1.7502490e+02
-2.2566778e-05 -2.8637886e-05 -3.4995222e-05 -4.0408648e-05 -4.3584677e-05 -4.3099319e-05 -3.7651551e-05 -2.7762247e-05 -1.5725452e-05 -6.7868095e-06 -2.2370009e-06 -3.6498341e-07 1.1810607e-07 8.6496584e-08 2.1348797e-08 -1.8427073e-09 6.5204881e+01 1.2068125e+02 8.9457016e+01 1.0549772e+02 1.7499431e+02 4.0223449e+02 4.2024274e+02 2.1578743e+02 2.1174246e+02 2.7994819e+02 3.4257230e+02 8.0166026e+02 1.7861264e+03 2.1380914e+03 1.4432769e+03 6.2720972e+02 3.1148377e+02 3.9669577e+02 4.2899260e+02 4.9161614e+02 5.0636742e+02 5.8283526e+02 7.4327348e+02 6.4919890e+02 5.1370374e+02 4.5401082e+02 4.0357060e+02 3.3428886e+02 2.5973619e+02 2.3647011e+02 2.4146072e+02 2.5719606e+02 2.5043994e+02 2.2694535e+02
-2.2743320e-06 -2.8582472e-06 -3.5066478e-06 -4.1493404e-06 -4.5454808e-06 -4.6264931e-06 -4.0398895e-06 -2.8760173e-06 -1.5315941e-06 -5.8981595e-07 -1.5471960e-07 -2.8248905e-09 2.8655904e-08 7.7968707e-09 1.3210411e-10 -2.2987479e-10 5.2802544e+01 1.9752520e+02 1.6125215e+02 5.5530925e+01 9.2303116e+01 3.0207302e+02 4.4449341e+02 2.3245275e+02 2.1950315e+02 4.0747910e+02 3.0844674e+02 5.7271979e+02 1.8665766e+03 2.0532066e+03 1.1778750e+03 9.2861785e+02 7.4676692e+02 7.3860869e+02 6.3788775e+02 5.5109895e+02 4.9688718e+02 5.0221034e+02 7.6721263e+02 8.7067455e+02 7.1468142e+02 5.4893471e+02 4.7638718e+02 4.6138804e+02 5.0812158e+02 5.2711356e+02 4.7990293e+02 4.6118743e+02 4.3945218e+02 4.1044989e+02
-2.3420853e-07 -3.0138654e-07 -3.7873951e-07 -4.5226852e-07 -4.9758910e-07 -5.1737743e-07 -4.5424531e-07 -3.2646403e-07 -1.5515570e-07 -5.0831432e-08 -9.3957624e-09 1.0766144e-09 1.1207248e-09 2.9035618e-10 -4.3996806e-11 -1.0402346e-11 -1.1368684e-13 6.5550694e+01 7.8045798e+01 0.0000000e+00 1.8239199e+01 1.5201296e+02 2.6261147e+02 1.9232071e+02 1.9201267e+02 2.8309275e+02 3.4578212e+02 1.2651313e+03 2.5740168e+03 1.8296725e+03 6.2944025e+02 1.1482565e+03 1.3643787e+03 1.0057383e+03 8.9496486e+02 7.6652794e+02 5.7506855e+02 5.1703140e+02 7.2606135e+02 9.1255185e+02 8.6798070e+02 7.7243692e+02 7.3746313e+02 6.9872595e+02 7.1700893e+02 6.7680113e+02 5.8253860e+02 5.1927952e+02 4.8052448e+02 4.5677376e+02
-2.3931079e-08 -3.1443960e-08 -4.0315626e-08 -4.8783932e-08 -5.4214070e-08 -5.6991212e-08 -5.0272774e-08 -3.6824531e-08 -1.7258571e-08 -5.4019438e-09 -6.3778316e-10 2.4579094e-10 9.9134922e-11 2.5238478e-11 -5.5706550e-12 -6.8212103e-13 5.6843419e-14 2.2973633e+01 5.6966100e+01 1.4733629e+01 2.0009851e+01 7.1783465e+01 7.0499131e+01 9.8233340e+01 1.4676347e+02 1.6847305e+02 3.9094147e+02 1.5839364e+03 2.3253790e+03 1.3878324e+03 4.4016815e+02 7.5422194e+02 1.0483054e+03 6.8344862e+02 5.9595876e+02 4.9612865e+02 3.5780693e+02 3.3532374e+02 4.1761706e+02 5.1242979e+02 5.4520659e+02 5.5144167e+02 5.2715907e+02 5.0188835e+02 5.0186575e+02 4.4733156e+02 3.9132200e+02 3.6006258e+02 3.1482142e+02 2.6608663e+02
-2.3214852e-09 -3.1659511e-09 -4.1609383e-09 -5.1254574e-09 -5.7748366e-09 -6.1268111e-09 -5.4374141e-09 -4.0558916e-09 -2.0540938e-09 -6.7029760e-10 -7.6852302e-11 1.6598278e-11 5.4569682e-12 4.5474735e-13 -6.8212103e-13 -4.2632564e-13 -2.4158453e-13 4.6013116e+01 1.0000904e+02 5.6492131e+01 1.2994171e+01 2.7565579e+00 4.3766468e+01 1.0076530e+02 1.3924082e+02 2.6771925e+02 5.0824053e+02 1.1145860e+03 1.4478801e+03 1.2447504e+03 7.2916387e+02 3.4951253e+02 4.6977987e+02 4.0546211e+02 2.6023557e+02 2.3777113e+02 2.7624024e+02 2.6471692e+02 2.1125248e+02 1.8950729e+02 2.2422916e+02 2.8171430e+02 3.7867641e+02 4.2465571e+02 4.0169185e+02 3.8170613e+02 3.4170643e+02 3.1896094e+02 2.8119768e+02 2.4342597e+02
-1.5643309e-10 -2.5966074e-10 -3.7880454e-10 -4.9340088e-10 -5.7752914e-10 -6.2709660e-10 -5.6206773e-10 -4.2837200e-10 -2.3601388e-10 -8.2309271e-11 -6.8212103e-12 1.5916157e-12 7.9580786e-13 3.4106051e-13 3.4106051e-13 2.8421709e-13 1.2789769e-13 2.6997948e+01 1.1373285e+02 8.2742524e+01 6.7595288e+00 0.0000000e+00 9.2536649e+00 4.4017885e+01 8.9788262e+01 2.2580556e+02 4.9226891e+02 6.6517709e+02 9.7189821e+02 1.5922956e+03 1.2927561e+03 4.4892905e+02 3.0331758e+02 3.6106421e+02 4.7688741e+02 5.5154462e+02 6.0281822e+02 6.4481030e+02 4.9208273e+02 3.8337891e+02 3.5319532e+02 3.3825279e+02 4.0580820e+02 4.8031230e+02 4.6502140e+02 4.2102111e+02 3.8601788e+02 3.6876012e+02 3.6075601e+02 3.6125542e+02
2.8649083e-11 9.5496944e-12 -1.0459189e-11 -2.8194336e-11 -4.2746251e-11 -5.2750693e-11 -5.0022209e-11 -3.9563020e-11 -2.2737368e-11 -7.2759576e-12 0.0000000e+00 0.0000000e+00 -2.2737368e-13 -1.1368684e-13 -8.5265128e-14 -1.5631940e-13 -2.5579538e-13 5.8733336e+01 1.0877020e+02 4.5529494e+01 0.0000000e+00 0.0000000e+00 5.0471981e+01 6.9716820e+01 1.0969971e+02 2.8615842e+02 4.3026755e+02 3.1327935e+02 4.4241325e+02 1.2134294e+03 1.4269165e+03 6.7094042e+02 3.4715606e+02 5.8455343e+02 7.3720974e+02 8.0330825e+02 9.1125103e+02 1.0142230e+03 8.5545399e+02 5.8450324e+02 3.9378112e+02 3.1076342e+02 2.9550649e+02 3.5725988e+02 3.9776814e+02 3.6251327e+02 3.4400678e+02 3.3950708e+02 3.3775752e+02 3.3900767e+02
3.1832315e-11 2.1373125e-11 1.3187673e-11 7.7307050e-12 3.1832315e-12 0.0000000e+00 -1.3642421e-12 -1.8189894e-12 -9.0949470e-13 0.0000000e+00 0.0000000e+00 0.0000000e+00 0.0000000e+00 1.1368684e-13 1.1368684e-13 9.9475983e-14 -1.4210855e-14 3.1033229e+01 1.6534416e+01 1.1013412e-13 6.0966177e+01 7.8952233e+01 9.0004747e+01 9.9016021e+01 1.2853946e+02 2.8009583e+02 2.4259375e+02 2.8848517e+02 6.1498313e+02 1.0061906e+03 1.1932211e+03 6.8730029e+02 4.4703531e+02 6.3117030e+02 5.4765309e+02 5.8856883e+02 7.5334272e+02 7.9165932e+02 6.5916288e+02 4.5857150e+02 3.0352225e+02 2.4502552e+02 2.2603471e+02 2.7403946e+02 3.2452522e+02 3.1476498e+02 3.1101276e+02 3.1300860e+02 3.1200771e+02 3.1500653e+02
2.1827873e-11 1.5916157e-11 1.0913936e-11 7.2759576e-12 4.5474735e-12 2.2737368e-12 1.3642421e-12 4.5474735e-13 4.5474735e-13 4.5474735e-13 0.0000000e+00 0.0000000e+00 0.0000000e+00 1.1368684e-13 5.6843419e-14 5.6843419e-14 5.6843419e-14 7.1054274e-14 1.6342483e-13 1.8118840e-13 7.2277309e+01 1.0478268e+02 8.0001194e+01 8.0744777e+01 9.4230749e+01 1.4548388e+02 1.1323284e+02 3.8545702e+02 1.0922337e+03 1.3163764e+03 9.7990654e+02 8.0338002e+02 5.6539375e+02 2.4530895e+02 2.1629372e+02 3.1259551e+02 3.7888028e+02 3.4085879e+02 2.7081790e+02 2.4630477e+02 2.0828447e+02 1.7551582e+02 1.6025433e+02 1.9300866e+02 2.4202388e+02 2.3803074e+02 2.4252806e+02 2.5952328e+02 2.6552000e+02 2.7126955e+02
6.8212103e-12 6.3664629e-12 5.0022209e-12 3.6379788e-12 2.7284841e-12 1.8189894e-12 9.0949470e-13 4.5474735e-13 0.0000000e+00 0.0000000e+00 0.0000000e+00 0.0000000e+00 0.0000000e+00 0.0000000e+00 0.0000000e+00 -8.5265128e-14 -5.6843419e-14 -2.8421709e-14 5.6843419e-14 1.9227932e+01 4.8486789e+01 6.4741143e+01 9.2491293e+01 6.0267564e+01 6.1039331e+01 8.2054343e+01 1.8172613e+02 4.6549520e+02 9.8358166e+02 1.0073084e+03 7.0750600e+02 7.3641108e+02 5.0864111e+02 2.0871262e+02 1.5424324e+02 2.5968560e+02 3.0666218e+02 2.3795226e+02 2.0522103e+02 1.8523154e+02 1.8248078e+02 1.8397898e+02 1.7623604e+02 1.8974324e+02 2.2073874e+02 2.1373364e+02 1.8900390e+02 1.9701411e+02 2.1875796e+02 2.2101051e+02
4.5474735e-13 4.5474735e-13 9.0949470e-13 9.0949470e-13 9.0949470e-13 9.0949470e-13 0.0000000e+00 0.0000000e+00 0.0000000e+00 0.0000000e+00 0.0000000e+00 0.0000000e+00 0.0000000e+00 2.2737368e-13 1.1368684e-13 5.6843419e-14 8.5265128e-14 9.9475983e-14 9.7163233e+00 9.1228707e+01 1.0223082e+02 1.1148067e+02 7.8517216e+01 1.6508759e+01 2.7980368e+01 6.6454695e+01 1.6328519e+02 3.2858759e+02 7.7229546e+02 8.8026797e+02 5.7282536e+02 4.2102839e+02 3.0223263e+02 2.6250513e+02 2.2696285e+02 3.8324018e+02 4.8098309e+02 4.0794533e+02 3.5468884e+02 2.7471451e+02 2.5147765e+02 2.5148037e+02 2.1524049e+02 2.0549728e+02 2.3600211e+02 2.2650876e+02 1.8000151e+02 1.5900876e+02 1.8126465e+02 1.8176314e+02
