visualization/geoclaw_output/chile2010/eta_0007.asc
ncols     360
nrows     360
xllcorner -1.199166666650000e+02
yllcorner -5.991666666500000e+01
cellsize  1.666666700000000e-01
nodata_value       -9999
[rows 330 to 351 of 360, columns 100 to 149 of 360]
-4.7715743e-05 -8.4647976e-05 -1.3379359e-04 -1.9585551e-04 -2.7017278e-04 -3.5414223e-04 -4.4457738e-04 -5.3756863e-04 -6.2885650e-04 -7.1388265e-04 -7.8796905e-04 -8.4678863e-04 -8.8644037e-04 -9.0225652e-04 -9.0528417e-04 -9.0331358e-04 -8.9092106e-04 -8.6530274e-04 -8.2695975e-04 -7.7594963e-04 -7.0978035e-04 -6.2809056e-04 -5.3138594e-04 -4.1689318e-04 -2.7812114e-04 -1.1087662e-04 7.0105004e-05 2.6021218e-04 4.7818008e-04 7.3757849e-04 1.0301382e-03 1.3517415e-03 1.7146612e-03 2.1256570e-03 2.5880403e-03 3.1041624e-03 3.6765151e-03 4.3080995e-03 5.0037404e-03 5.7662075e-03 6.5972202e-03 7.4974067e-03 8.4699485e-03 9.5191017e-03 1.0643858e-02 1.1775406e-02 1.2869634e-02 1.3903902e-02 1.4846302e-02 1.5811983e-02
-2.5186470e-05 -5.1552855e-05 -8.9203040e-05 -1.3953370e-04 -2.0321137e-04 -2.7845388e-04 -3.6312701e-04 -4.5404786e-04 -5.4656039e-04 -6.3661285e-04 -7.2038323e-04 -7.9351442e-04 -8.5189034e-04 -8.9070818e-04 -9.0566579e-04 -9.0770088e-04 -9.0524815e-04 -8.9266233e-04 -8.6938082e-04 -8.3531389e-04 -7.8872674e-04 -7.2605951e-04 -6.4345612e-04 -5.3849249e-04 -4.1255130e-04 -2.7418469e-04 -1.2455120e-04 4.0517853e-05 2.2650761e-04 4.4367489e-04 6.9097758e-04 9.6571641e-04 1.2758227e-03 1.6269856e-03 2.0225082e-03 2.4634443e-03 2.9540058e-03 3.4990636e-03 4.0977355e-03 4.7583929e-03 5.4857131e-03 6.2796531e-03 7.1465126e-03 8.0876675e-03 9.1039287e-03 1.0138926e-02 1.1160480e-02 1.2149965e-02 1.3074658e-02 1.4040096e-02
-1.0114425e-05 -2.6718793e-05 -5.3405817e-05 -9.2064652e-05 -1.4432365e-04 -2.0957340e-04 -2.8612452e-04 -3.7099203e-04 -4.6104607e-04 -5.5322876e-04 -6.4307245e-04 -7.2602086e-04 -7.9830147e-04 -8.5539281e-04 -8.9268827e-04 -9.0576260e-04 -9.0803854e-04 -9.0412715e-04 -8.9219842e-04 -8.7197598e-04 -8.4178545e-04 -7.9746542e-04 -7.3266170e-04 -6.4365259e-04 -5.3405135e-04 -4.1245331e-04 -2.8065320e-04 -1.3768192e-04 2.1008580e-05 2.0212059e-04 4.0750545e-04 6.3864278e-04 9.0055310e-04 1.1978176e-03 1.5328047e-03 1.9069035e-03 2.3241085e-03 2.7882657e-03 3.2987112e-03 3.8687348e-03 4.5046273e-03 5.1992038e-03 5.9606518e-03 6.7932416e-03 7.6776290e-03 8.5847072e-03 9.5094144e-03 1.0440130e-02 1.1351912e-02 1.2284425e-02
-2.1234328e-06 -1.0262397e-05 -2.6721411e-05 -5.3682679e-05 -9.3499882e-05 -1.4706302e-04 -2.1388218e-04 -2.9159076e-04 -3.7674528e-04 -4.6709408e-04 -5.5914733e-04 -6.4805791e-04 -7.3023516e-04 -8.0082515e-04 -8.5547257e-04 -8.9112025e-04 -9.0513141e-04 -9.0678831e-04 -9.0220770e-04 -8.9011808e-04 -8.7139450e-04 -8.4103913e-04 -7.9356073e-04 -7.2262623e-04 -6.3292981e-04 -5.3170698e-04 -4.1910625e-04 -2.9625537e-04 -1.6017808e-04 -7.1027289e-06 1.6507918e-04 3.5933453e-04 5.7958052e-04 8.2951773e-04 1.1120853e-03 1.4292723e-03 1.7820559e-03 2.1729135e-03 2.6061873e-03 3.0907205e-03 3.6381443e-03 4.2404569e-03 4.9001669e-03 5.6336293e-03 6.4130387e-03 7.2058910e-03 8.0215168e-03 8.8568046e-03 9.7036381e-03 1.0570351e-02
2.3732446e-07 -1.8364181e-06 -9.3857616e-06 -2.5432008e-05 -5.2925325e-05 -9.3822188e-05 -1.4866094e-04 -2.1679638e-04 -2.9506671e-04 -3.8107323e-04 -4.7168478e-04 -5.6204925e-04 -6.4934717e-04 -7.2959974e-04 -7.9772068e-04 -8.5020407e-04 -8.8541915e-04 -9.0030614e-04 -9.0308579e-04 -8.9836446e-04 -8.8771005e-04 -8.6936018e-04 -8.3645941e-04 -7.8373545e-04 -7.1328828e-04 -6.3073890e-04 -5.3717865e-04 -4.3330208e-04 -3.1771745e-04 -1.8838710e-04 -4.2527950e-05 1.2124281e-04 3.0610375e-04 5.1515407e-04 7.5145336e-04 1.0183778e-03 1.3184136e-03 1.6503296e-03 2.0176409e-03 2.4223463e-03 2.8728111e-03 3.3797494e-03 3.9516924e-03 4.5944299e-03 5.2823469e-03 5.9745492e-03 6.6849588e-03 7.4327731e-03 8.2202326e-03 9.0130770e-03
4.8949914e-07 3.2358002e-07 -1.2529135e-06 -7.9797210e-06 -2.4085872e-05 -5.2394204e-05 -9.4308922e-05 -1.5004376e-04 -2.1838220e-04 -2.9725080e-04 -3.8360305e-04 -4.7286246e-04 -5.6208202e-04 -6.4775854e-04 -7.2514407e-04 -7.9043224e-04 -8.4128336e-04 -8.7666772e-04 -8.9363706e-04 -8.9755265e-04 -8.9320259e-04 -8.8355463e-04 -8.6542202e-04 -8.3067672e-04 -7.7880364e-04 -7.1339834e-04 -6.3663248e-04 -5.4878578e-04 -4.4995084e-04 -3.3963801e-04 -2.1645595e-04 -7.9087365e-05 7.4673386e-05 2.4828824e-04 4.4455040e-04 6.6628602e-04 9.1678796e-04 1.1971944e-03 1.5082482e-03 1.8515658e-03 2.2318103e-03 2.6575457e-03 3.1372986e-03 3.6765537e-03 4.2565400e-03 4.8519092e-03 5.4731898e-03 6.1398647e-03 6.8482714e-03 7.5729310e-03
4.7769117e-07 4.8232505e-07 3.8817689e-07 -8.0482823e-07 -6.9301868e-06 -2.3164250e-05 -5.2194271e-05 -9.4947594e-05 -1.5086715e-04 -2.1896243e-04 -2.9777269e-04 -3.8319793e-04 -4.7171329e-04 -5.5962225e-04 -6.4267367e-04 -7.1751697e-04 -7.8121731e-04 -8.3193999e-04 -8.6688682e-04 -8.8554700e-04 -8.8718270e-04 -8.8239551e-04 -8.7395251e-04 -8.5453348e-04 -8.2127100e-04 -7.7402036e-04 -7.1363072e-04 -6.4147985e-04 -5.5868863e-04 -4.6558855e-04 -3.6169755e-04 -2.4611842e-04 -1.1752617e-04 2.7335086e-05 1.9119901e-04 3.7484843e-04 5.8003958e-04 8.1220856e-04 1.0760668e-03 1.3710745e-03 1.6968576e-03 2.0553415e-03 2.4504849e-03 2.8911943e-03 3.3748233e-03 3.8856021e-03 4.4241106e-03 5.0041036e-03 5.6120699e-03 6.2391710e-03
4.4047374e-07 4.6538025e-07 4.6603236e-07 3.9318184e-07 -6.3252810e-07 -6.5895429e-06 -2.3321969e-05 -5.2663347e-05 -9.5022916e-05 -1.5051557e-04 -2.1886932e-04 -2.9661985e-04 -3.8039485e-04 -4.6715147e-04 -5.5356306e-04 -6.3585346e-04 -7.0944080e-04 -7.7157344e-04 -8.2044919e-04 -8.5407216e-04 -8.7049891e-04 -8.7230043e-04 -8.6818655e-04 -8.5744526e-04 -8.3894970e-04 -8.0960021e-04 -7.6729648e-04 -7.1276118e-04 -6.4657399e-04 -5.7006006e-04 -4.8351406e-04 -3.8643122e-04 -2.7813422e-04 -1.5666257e-04 -1.9821488e-05 1.3270315e-04 3.0170129e-04 4.9335395e-04 7.1210932e-04 9.5861357e-04 1.2305934e-03 1.5289784e-03 1.8543924e-03 2.2199742e-03 2.6330886e-03 3.0770606e-03 3.5384248e-03 4.0291069e-03 4.5462623e-03 5.0828904e-03
3.5439280e-07 4.2635384e-07 4.4778608e-07 4.4305852e-07 3.5625089e-07 -7.3855881e-07 -7.2055163e-06 -2.4297441e-05 -5.3411092e-05 -9.5324111e-05 -1.5029543e-04 -2.1733517e-04 -2.9341694e-04 -3.7562103e-04 -4.6114965e-04 -5.4647528e-04 -6.2633368e-04 -6.9791591e-04 -7.5889189e-04 -8.0646404e-04 -8.3921008e-04 -8.5638548e-04 -8.5924707e-04 -8.5578648e-04 -8.4556625e-04 -8.2801402e-04 -8.0121005e-04 -7.6265742e-04 -7.1259657e-04 -6.5175618e-04 -5.8109464e-04 -5.0104176e-04 -4.1124815e-04 -3.1063482e-04 -1.9722040e-04 -7.0938398e-05 6.9341334e-05 2.2763096e-04 4.0746064e-04 6.1073544e-04 8.3768483e-04 1.0893678e-03 1.3623951e-03 1.6621130e-03 1.9941479e-03 2.3615484e-03 2.7564900e-03 3.1738319e-03 3.6145994e-03 4.0888147e-03
2.4827114e-07 3.3978813e-07 4.0573741e-07 4.2342253e-07 4.1295971e-07 2.8683826e-07 -1.1137436e-06 -8.3842533e-06 -2.5609856e-05 -5.4335997e-05 -9.5638341e-05 -1.4983808e-04 -2.1497163e-04 -2.8904143e-04 -3.6992909e-04 -4.5487849e-04 -5.3826848e-04 -6.1646439e-04 -6.8698273e-04 -7.4670409e-04 -7.9345455e-04 -8.2586989e-04 -8.4322417e-04 -8.4616783e-04 -8.4332006e-04 -8.3445760e-04 -8.1830559e-04 -7.9324358e-04 -7.5800755e-04 -7.1219246e-04 -6.5587332e-04 -5.9120379e-04 -5.1827034e-04 -4.3585629e-04 -3.4352646e-04 -2.4091053e-04 -1.2666876e-04 2.9929433e-06 1.5125794e-04 3.1958088e-04 5.0674239e-04 7.1569643e-04 9.4838574e-04 1.1986637e-03 1.4653299e-03 1.7604676e-03 2.0843532e-03 2.4394152e-03 2.8288723e-03 3.2430520e-03
1.5206479e-07 2.3732719e-07 3.2137996e-07 3.7871268e-07 3.9405768e-07 3.7899008e-07 1.8847277e-07 -1.6427930e-06 -9.6383674e-06 -2.6981384e-05 -5.5574563e-05 -9.6534961e-05 -1.4938026e-04 -2.1300585e-04 -2.8570560e-04 -3.6533263e-04 -4.4802882e-04 -5.2929499e-04 -6.0577016e-04 -6.7451026e-04 -7.3299705e-04 -7.7932246e-04 -8.1207280e-04 -8.2958457e-04 -8.3305919e-04 -8.3093694e-04 -8.2202807e-04 -8.0766940e-04 -7.8558214e-04 -7.5421330e-04 -7.1267385e-04 -6.6315094e-04 -6.0554601e-04 -5.3839667e-04 -4.6233881e-04 -3.7914375e-04 -2.8696381e-04 -1.8197212e-04 -6.1889132e-05 7.3701837e-05 2.2470905e-04 3.9385759e-04 5.8446873e-04 7.9815107e-04 1.0278549e-03 1.2741085e-03 1.5369698e-03 1.8242867e-03 2.1442403e-03 2.4967588e-03
7.9097845e-08 1.4612851e-07 2.2503991e-07 3.0117371e-07 3.5178346e-07 3.6421807e-07 3.4407367e-07 7.4584023e-08 -2.1840069e-06 -1.0614884e-05 -2.8158111e-05 -5.6812913e-05 -9.7772425e-05 -1.4969290e-04 -2.1170365e-04 -2.8269555e-04 -3.6013998e-04 -4.4021884e-04 -5.1960319e-04 -5.9509653e-04 -6.6266147e-04 -7.1995290e-04 -7.6566874e-04 -7.9860657e-04 -8.1693130e-04 -8.2190251e-04 -8.2066896e-04 -8.1276240e-04 -8.0019828e-04 -7.8059488e-04 -7.5187425e-04 -7.1607082e-04 -6.7267326e-04 -6.2062692e-04 -5.5956867e-04 -4.9214406e-04 -4.1687899e-04 -3.3142075e-04 -2.3411001e-04 -1.2649093e-04 -6.3129628e-06 1.3035283e-04 2.8427015e-04 4.5637847e-04 6.4551835e-04 8.5093427e-04 1.0711061e-03 1.3027285e-03 1.5553922e-03 1.8435210e-03
3.2438038e-08 7.7076947e-08 1.3969930e-07 2.1242158e-07 2.8190425e-07 3.2534808e-07 3.3389733e-07 3.0887986e-07 -4.7409230e-08 -2.6646094e-06 -1.1579925e-05 -2.9495257e-05 -5.8370088e-05 -9.7985096e-05 -1.4841557e-04 -2.0956094e-04 -2.7937878e-04 -3.5448506e-04 -4.3268650e-04 -5.1116221e-04 -5.8548973e-04 -6.5162523e-04 -7.0806780e-04 -7.5357587e-04 -7.8608012e-04 -8.0499608e-04 -8.1077907e-04 -8.0926324e-04 -8.0331001e-04 -7.9342165e-04 -7.7662520e-04 -7.5271169e-04 -7.2139886e-04 -6.8242158e-04 -6.3606903e-04 -5.8334101e-04 -5.2352521e-04 -4.5562701e-04 -3.7819931e-04 -2.9136084e-04 -1.9379228e-04 -8.3024534e-05 4.0946318e-05 1.7811931e-04 3.2880490e-04 4.9456476e-04 6.7794957e-04 8.7105553e-04 1.0734700e-03 1.2972659e-03
9.9335011e-09 3.4548066e-08 7.6497599e-08 1.3410408e-07 2.0063908e-07 2.6250655e-07 2.9851981e-07 3.0542833e-07 2.7889655e-07 -1.2460441e-07 -2.9379789e-06 -1.2497565e-05 -3.0994515e-05 -5.8999122e-05 -9.7529823e-05 -1.4687856e-04 -2.0579133e-04 -2.7226696e-04 -3.4555675e-04 -4.2356660e-04 -5.0118751e-04 -5.7344990e-04 -6.3881857e-04 -6.9547589e-04 -7.4098995e-04 -7.7397304e-04 -7.9360153e-04 -7.9987615e-04 -7.9835283e-04 -7.9468626e-04 -7.8713568e-04 -7.7360794e-04 -7.5340285e-04 -7.2688034e-04 -6.9405091e-04 -6.5507235e-04 -6.0949930e-04 -5.5702519e-04 -4.9656903e-04 -4.2764098e-04 -3.4904031e-04 -2.6069979e-04 -1.6183808e-04 -5.1049335e-05 7.0698558e-05 2.0378573e-04 3.4986144e-04 5.0701562e-04 6.7022989e-04 8.4430290e-04
1.8244464e-09 1.2533746e-08 3.7255631e-08 7.7135155e-08 1.3037061e-07 1.8994251e-07 2.4402198e-07 2.7496299e-07 2.8156592e-07 2.6036741e-07 -1.2810551e-07 -3.0740275e-06 -1.2846314e-05 -3.0772366e-05 -5.7998051e-05 -9.5391101e-05 -1.4234199e-04 -1.9850534e-04 -2.6347784e-04 -3.3588099e-04 -4.1112795e-04 -4.8525617e-04 -5.5694890e-04 -6.2321171e-04 -6.8069711e-04 -7.2707857e-04 -7.6112973e-04 -7.8181805e-04 -7.8795930e-04 -7.8824062e-04 -7.8532900e-04 -7.7928981e-04 -7.7020949e-04 -7.5529170e-04 -7.3480069e-04 -7.0857148e-04 -6.7615528e-04 -6.3711225e-04 -5.9131372e-04 -5.3827690e-04 -4.7676407e-04 -4.0725406e-04 -3.2881997e-04 -2.4021499e-04 -1.4183391e-04 -3.3698251e-05 8.4693088e-05 2.1189138e-04 3.4530959e-04 4.8620087e-04
-7.0031092e-11 2.9567673e-09 1.5046680e-08 3.9844053e-08 7.8046469e-08 1.2724558e-07 1.8097944e-07 2.2955282e-07 2.5673580e-07 2.6259750e-07 2.4586552e-07 -1.5173646e-07 -3.0612000e-06 -1.1994383e-05 -2.8796095e-05 -5.4776911e-05 -9.0433431e-05 -1.3587085e-04 -1.9059421e-04 -2.5308985e-04 -3.2120839e-04 -3.9335475e-04 -4.6717339e-04 -5.3794256e-04 -6.0164919e-04 -6.5807026e-04 -7.0569236e-04 -7.4219398e-04 -7.6661509e-04 -7.7773215e-04 -7.8156844e-04 -7.8013810e-04 -7.7617912e-04 -7.6967843e-04 -7.5909301e-04 -7.4341965e-04 -7.2289987e-04 -6.9747016e-04 -6.6583869e-04 -6.2724864e-04 -5.8088223e-04 -5.2810504e-04 -4.6716314e-04 -3.9691913e-04 -3.1809626e-04 -2.2953706e-04 -1.3028240e-04 -2.2922736e-05 8.9138806e-05 2.0434615e-04
-3.4924597e-10 1.7735147e-10 4.0699888e-09 1.6924787e-08 4.1444764e-08 7.7613549e-08 1.2280361e-07 1.7155435e-07 2.1598498e-07 2.4056681e-07 2.4497649e-07 2.2942004e-07 -1.2326382e-07 -2.5250356e-06 -1.0307868e-05 -2.5670380e-05 -4.9837361e-05 -8.3536290e-05 -1.2674061e-04 -1.7866028e-04 -2.3767391e-04 -3.0278835e-04 -3.7226609e-04 -4.4246099e-04 -5.0878247e-04 -5.7181965e-04 -6.3098004e-04 -6.8225602e-04 -7.2270030e-04 -7.5085743e-04 -7.6760525e-04 -7.7230857e-04 -7.7198141e-04 -7.7030143e-04 -7.6761929e-04 -7.6184826e-04 -7.5217539e-04 -7.3781800e-04 -7.1804425e-04 -6.9255958e-04 -6.6092538e-04 -6.2331038e-04 -5.7852367e-04 -5.2555074e-04 -4.6401363e-04 -3.9414292e-04 -3.1563765e-04 -2.2692079e-04 -1.2779694e-04 -2.6279270e-05
-3.4833647e-10 -3.0104275e-10 3.7107384e-10 4.7512003e-09 1.7873390e-08 4.1800376e-08 7.6188371e-08 1.1832617e-07 1.6371268e-07 2.0384687e-07 2.2374388e-07 2.2593485e-07 2.1375217e-07 -2.5271220e-08 -1.8296496e-06 -8.5094171e-06 -2.2234610e-05 -4.4233192e-05 -7.5366142e-05 -1.1569156e-04 -1.6429810e-04 -2.1982883e-04 -2.8113213e-04 -3.4631346e-04 -4.1189509e-04 -4.7704364e-04 -5.4157996e-04 -6.0246808e-04 -6.5491295e-04 -6.9708639e-04 -7.2904136e-04 -7.5024296e-04 -7.6077406e-04 -7.6364785e-04 -7.6438120e-04 -7.6479956e-04 -7.6399330e-04 -7.5940730e-04 -7.5101922e-04 -7.3777479e-04 -7.1883843e-04 -6.9415464e-04 -6.6401349e-04 -6.2741164e-04 -5.8341901e-04 -5.3146333e-04 -4.7257813e-04 -4.0443677e-04 -3.2457761e-04 -2.3302409e-04
-3.1013769e-10 -3.1559466e-10 -2.6102498e-10 5.0476956e-10 5.1859388e-09 1.8584615e-08 4.2281499e-08 7.5695425e-08 1.1610155e-07 1.5713613e-07 1.9156141e-07 2.0726839e-07 2.0967491e-07 1.9926210e-07 3.8465259e-08 -1.3205654e-06 -6.8471691e-06 -1.8726651e-05 -3.8253167e-05 -6.6175044e-05 -1.0265938e-04 -1.4699398e-04 -1.9813596e-04 -2.5531312e-04 -3.1641719e-04 -3.7958854e-04 -4.4399401e-04 -5.0754097e-04 -5.6712112e-04 -6.2025673e-04 -6.6572490e-04 -7.0278708e-04 -7.3016365e-04 -7.4708368e-04 -7.5553510e-04 -7.5996045e-04 -7.6362064e-04 -7.6705107e-04 -7.6757400e-04 -7.6398376e-04 -7.5702722e-04 -7.4402549e-04 -7.2592642e-04 -7.0257997e-04 -6.7376600e-04 -6.3852458e-04 -5.9670490e-04 -5.4797319e-04 -4.9052703e-04 -4.1931282e-04
-2.5556801e-10 -2.8467184e-10 -2.8558134e-10 -2.1918822e-10 6.4483174e-10 5.6625140e-09 1.9061190e-08 4.1934072e-08 7.3578121e-08 1.1065822e-07 1.4807392e-07 1.7919501e-07 1.9391064e-07 1.9582694e-07 1.8661831e-07 7.8413905e-08 -9.1181937e-07 -5.1382294e-06 -1.4783791e-05 -3.1194952e-05 -5.5238273e-05 -8.7173677e-05 -1.2672467e-04 -1.7337820e-04 -2.2616994e-04 -2.8347529e-04 -3.4369837e-04 -4.0532654e-04 -4.6664192e-04 -5.2535198e-04 -5.7954289e-04 -6.2819326e-04 -6.7004475e-04 -7.0410120e-04 -7.3015511e-04 -7.4719980e-04 -7.5699893e-04 -7.6428008e-04 -7.7092262e-04 -7.7613715e-04 -7.7742149e-04 -7.7528205e-04 -7.6658495e-04 -7.5298994e-04 -7.3551793e-04 -7.1345297e-04 -6.8704589e-04 -6.5569281e-04 -6.1692904e-04 -5.6735071e-04
-1.8371793e-10 -2.3919711e-10 -2.6193447e-10 -2.6011548e-10 -1.8371793e-10 7.6761353e-10 5.8971636e-09 1.8761057e-08 4.0230589e-08 6.9379894e-08 1.0330768e-07 1.3730460e-07 1.6561080e-07 1.8006267e-07 1.8213268e-07 1.7541697e-07 1.1293105e-07 -4.8218590e-07 -3.1803629e-06 -1.0172416e-05 -2.3079117e-05 -4.3117302e-05 -7.0538543e-05 -1.0511835e-04 -1.4662089e-04 -1.9425978e-04 -2.4689152e-04 -3.0320617e-04 -3.6179316e-04 -4.2080169e-04 -4.7849992e-04 -5.3375391e-04 -5.8505603e-04 -6.3123767e-04 -6.7237117e-04 -7.0717748e-04 -7.3381251e-04 -7.5160769e-04 -7.6258972e-04 -7.7061732e-04 -7.7679373e-04 -7.8237146e-04 -7.8553404e-04 -7.8483379e-04 -7.7872539e-04 -7.6692944e-04 -7.5129594e-04 -7.3236547e-04 -7.0813305e-04 -6.7564664e-04
-1.1732482e-10 -1.7462298e-10 -2.2282620e-10 -2.4010660e-10 -2.3737812e-10 -1.6461854e-10 7.5124262e-10 5.4751581e-09 1.7099410e-08 3.6478013e-08 6.2688741e-08 9.3300514e-08 1.2422424e-07 1.5032219e-07 1.6594458e-07 1.6890499e-07 1.6443209e-07 1.3641875e-07 -1.0831627e-07 -1.3502549e-06 -5.7238140e-06 -1.5140540e-05 -3.0855087e-05 -5.3321674e-05 -8.2608984e-05 -1.1858645e-04 -1.6064563e-04 -2.0798823e-04 -2.5971473e-04 -3.1455009e-04 -3.7093499e-04 -4.2764269e-04 -4.8292367e-04 -5.3624895e-04 -5.8786821e-04 -6.3607707e-04 -6.7845260e-04 -7.1392705e-04 -7.4185711e-04 -7.6260489e-04 -7.7768123e-04 -7.8747140e-04 -7.9274210e-04 -7.9625963e-04 -7.9666020e-04 -7.9370740e-04 -7.8781923e-04 -7.7793666e-04 -7.6403882e-04 -7.4453367e-04
