visualization/geoclaw_output/chile2010/eta_0002.asc
ncols     360
nrows     360
xllcorner -1.199166666650000e+02
yllcorner -5.991666666500000e+01
cellsize  1.666666700000000e-01
nodata_value       -9999
[rows 264 to 285 of 360, columns 200 to 249 of 360]
0.0000000e+00 0.0000000e+00 0.0000000e+00 0.0000000e+00 1.3642421e-12 5.0022209e-12 9.5496944e-12 0.0000000e+00 -2.6557245e-10 -1.6198101e-09 -4.2614374e-09 -6.8926056e-09 -1.6925696e-09 1.0693520e-07 5.5845885e-07 1.3700651e-06 2.2838763e-06 2.7854098e-06 -1.9713934e-07 -3.0404757e-05 -1.2333143e-04 -2.7860491e-04 -4.8779982e-04 -7.4061367e-04 -1.0209485e-03 -1.2774665e-03 -1.5013249e-03 -1.7124519e-03 -1.8916928e-03 -2.0400076e-03 -2.1454056e-03 -2.2194918e-03 -2.2728637e-03 -2.2794432e-03 -2.2237030e-03 -2.1062900e-03 -1.9483202e-03 -1.7495651e-03 -1.5328848e-03 -1.3117063e-03 -1.0817134e-03 -8.4188207e-04 -5.8437095e-04 -2.9847456e-04 1.9598279e-05 3.7690237e-04 7.6985785e-04 1.2031399e-03 1.6613397e-03 2.1391930e-03
0.0000000e+00 0.0000000e+00 0.0000000e+00 0.0000000e+00 4.5474735e-13 2.2737368e-12 7.2759576e-12 1.3187673e-11 -2.7284841e-12 -3.5242920e-10 -1.9367690e-09 -4.8585207e-09 -7.8025550e-09 -2.6843736e-09 1.0441317e-07 5.4464181e-07 1.3164490e-06 2.2145023e-06 2.7671786e-06 9.2141090e-07 -2.1531268e-05 -9.8222873e-05 -2.3790579e-04 -4.3895210e-04 -6.8803743e-04 -9.6589314e-04 -1.2222544e-03 -1.4637011e-03 -1.6860385e-03 -1.8788989e-03 -2.0416742e-03 -2.1604812e-03 -2.2437743e-03 -2.3044822e-03 -2.3298684e-03 -2.3088026e-03 -2.2524460e-03 -2.1148807e-03 -1.9376870e-03 -1.7482244e-03 -1.5596380e-03 -1.3799435e-03 -1.2007024e-03 -1.0135218e-03 -8.1978105e-04 -6.0920605e-04 -3.6937476e-04 -8.9756023e-05 2.2862426e-04 5.6718831e-04
0.0000000e+00 0.0000000e+00 0.0000000e+00 0.0000000e+00 0.0000000e+00 4.5474735e-13 2.7284841e-12 9.5496944e-12 1.7280399e-11 -3.6379788e-12 -4.1245585e-10 -2.1700544e-09 -5.2828000e-09 -8.3941814e-09 -4.0140549e-09 9.3168183e-08 4.9142773e-07 1.2128094e-06 2.0408806e-06 2.7010642e-06 2.0010812e-06 -1.1204367e-05 -7.1657020e-05 -1.9665291e-04 -3.8502029e-04 -6.3604427e-04 -8.9075130e-04 -1.1372131e-03 -1.3932954e-03 -1.6313729e-03 -1.8416697e-03 -2.0178726e-03 -2.1599424e-03 -2.2575105e-03 -2.3081132e-03 -2.3339333e-03 -2.3468087e-03 -2.3122986e-03 -2.2221687e-03 -2.0984753e-03 -1.9557637e-03 -1.8226835e-03 -1.6881521e-03 -1.5478481e-03 -1.4129727e-03 -1.2743240e-03 -1.1211025e-03 -9.4737136e-04 -7.4843044e-04 -5.2963549e-04
0.0000000e+00 0.0000000e+00 0.0000000e+00 0.0000000e+00 0.0000000e+00 0.0000000e+00 4.5474735e-13 3.6379788e-12 1.2278178e-11 2.1373125e-11 -1.8189894e-12 -4.3792170e-10 -2.2178028e-09 -5.3805707e-09 -8.7502485e-09 -6.2295840e-09 6.5763288e-08 4.0671011e-07 1.0692247e-06 1.8910710e-06 2.5124227e-06 2.4729893e-06 -5.3020690e-06 -5.1411586e-05 -1.6257290e-04 -3.4592244e-04 -5.6919768e-04 -7.9991802e-04 -1.0473517e-03 -1.3093821e-03 -1.5519296e-03 -1.7678063e-03 -1.9604762e-03 -2.1215580e-03 -2.2337750e-03 -2.3075681e-03 -2.3604288e-03 -2.3760563e-03 -2.3708894e-03 -2.3311528e-03 -2.2602744e-03 -2.1794530e-03 -2.0753925e-03 -1.9525417e-03 -1.8375621e-03 -1.7327267e-03 -1.6255632e-03 -1.5161245e-03 -1.3979481e-03 -1.2755202e-03
0.0000000e+00 0.0000000e+00 0.0000000e+00 0.0000000e+00 0.0000000e+00 0.0000000e+00 0.0000000e+00 9.0949470e-13 5.0022209e-12 1.4097168e-11 2.4101610e-11 3.1832315e-12 -4.0381565e-10 -2.1113920e-09 -5.1923053e-09 -8.3955456e-09 -8.2573024e-09 3.8145572e-08 3.1088030e-07 8.9570949e-07 1.6220270e-06 2.2509212e-06 2.5145964e-06 -1.6416466e-06 -3.2800883e-05 -1.2626083e-04 -2.8660695e-04 -4.7947314e-04 -6.9425236e-04 -9.4115815e-04 -1.1984169e-03 -1.4375199e-03 -1.6604180e-03 -1.8659302e-03 -2.0510020e-03 -2.2064126e-03 -2.3171890e-03 -2.3748727e-03 -2.3956642e-03 -2.4021530e-03 -2.3996700e-03 -2.3866870e-03 -2.3339845e-03 -2.2571186e-03 -2.1758286e-03 -2.0881845e-03 -2.0041502e-03 -1.9302166e-03 -1.8611776e-03 -1.7965453e-03
0.0000000e+00 0.0000000e+00 0.0000000e+00 0.0000000e+00 0.0000000e+00 0.0000000e+00 0.0000000e+00 0.0000000e+00 9.0949470e-13 5.4569682e-12 1.5006663e-11 2.5920599e-11 1.0459189e-11 -3.4106051e-10 -1.9431354e-09 -4.7448339e-09 -7.7079676e-09 -8.9717105e-09 1.9948402e-08 2.1775031e-07 7.0668375e-07 1.3653653e-06 1.9721820e-06 2.2466975e-06 1.3042109e-07 -2.1654979e-05 -9.6518677e-05 -2.2267190e-04 -3.8485262e-04 -5.8352395e-04 -8.2195285e-04 -1.0633582e-03 -1.2969985e-03 -1.5256657e-03 -1.7474329e-03 -1.9565305e-03 -2.1308738e-03 -2.2620730e-03 -2.3260229e-03 -2.3526246e-03 -2.3815238e-03 -2.3976231e-03 -2.4084222e-03 -2.4106434e-03 -2.3975284e-03 -2.3609932e-03 -2.3076551e-03 -2.2625327e-03 -2.2118953e-03 -2.1614396e-03
-4.5474735e-13 0.0000000e+00 4.5474735e-13 0.0000000e+00 0.0000000e+00 0.0000000e+00 0.0000000e+00 0.0000000e+00 0.0000000e+00 4.5474735e-13 5.4569682e-12 1.5461410e-11 2.6830094e-11 1.7280399e-11 -2.7466740e-10 -1.7430466e-09 -4.3460204e-09 -7.0021997e-09 -8.1336111e-09 1.1818429e-08 1.6709782e-07 5.6560430e-07 1.1342559e-06 1.6363574e-06 1.8735113e-06 9.0769754e-07 -1.2795630e-05 -6.4430491e-05 -1.6049645e-04 -2.9705875e-04 -4.7744346e-04 -6.8684466e-04 -9.0665122e-04 -1.1346904e-03 -1.3700706e-03 -1.6006384e-03 -1.8136808e-03 -2.0088255e-03 -2.1656876e-03 -2.2665442e-03 -2.3436019e-03 -2.3961690e-03 -2.4290008e-03 -2.4575075e-03 -2.4830143e-03 -2.5075015e-03 -2.5056710e-03 -2.4969785e-03 -2.4694150e-03 -2.4347944e-03
0.0000000e+00 0.0000000e+00 0.0000000e+00 0.0000000e+00 0.0000000e+00 0.0000000e+00 0.0000000e+00 0.0000000e+00 0.0000000e+00 0.0000000e+00 9.0949470e-13 5.9117156e-12 1.5006663e-11 2.4556357e-11 1.8644641e-11 -2.4374458e-10 -1.5052137e-09 -3.7166501e-09 -5.9103513e-09 -6.9203452e-09 6.7557266e-09 1.1683414e-07 4.2227384e-07 8.7381932e-07 1.3015256e-06 1.5481860e-06 1.2121336e-06 -4.7246067e-06 -3.4656099e-05 -1.0294419e-04 -2.1231584e-04 -3.5952453e-04 -5.3285139e-04 -7.2969543e-04 -9.4528376e-04 -1.1667657e-03 -1.3917377e-03 -1.6121489e-03 -1.8157918e-03 -1.9933938e-03 -2.1440717e-03 -2.2688769e-03 -2.3694161e-03 -2.4427537e-03 -2.4981573e-03 -2.5334162e-03 -2.5597880e-03 -2.5825223e-03 -2.5901132e-03 -2.5754372e-03
0.0000000e+00 0.0000000e+00 0.0000000e+00 0.0000000e+00 0.0000000e+00 0.0000000e+00 0.0000000e+00 0.0000000e+00 0.0000000e+00 0.0000000e+00 0.0000000e+00 4.5474735e-13 5.0022209e-12 1.3187673e-11 2.2282620e-11 1.8644641e-11 -1.7189450e-10 -1.1186785e-09 -2.8940121e-09 -4.8198672e-09 -5.7916623e-09 1.1796146e-09 6.9135240e-08 2.8976092e-07 6.3036305e-07 9.6167469e-07 1.1304378e-06 1.1124735e-06 -9.9568251e-07 -1.4117750e-05 -5.3905106e-05 -1.2579032e-04 -2.2879731e-04 -3.6119880e-04 -5.2069073e-04 -7.0141860e-04 -8.9868750e-04 -1.1038405e-03 -1.3093573e-03 -1.5147063e-03 -1.7081912e-03 -1.8885395e-03 -2.0620172e-03 -2.2309131e-03 -2.3748007e-03 -2.4671895e-03 -2.5101978e-03 -2.5476750e-03 -2.5792259e-03 -2.6059315e-03
0.0000000e+00 0.0000000e+00 0.0000000e+00 0.0000000e+00 0.0000000e+00 0.0000000e+00 0.0000000e+00 0.0000000e+00 0.0000000e+00 0.0000000e+00 0.0000000e+00 0.0000000e+00 4.5474735e-13 4.0927262e-12 1.0913936e-11 1.9099389e-11 2.0463631e-11 -8.9130481e-11 -7.4760464e-10 -2.1577762e-09 -3.7225618e-09 -4.4233275e-09 -1.3665158e-09 4.0193299e-08 1.9189156e-07 4.3697219e-07 6.8223517e-07 8.0676818e-07 8.3715440e-07 3.4337154e-07 -3.2455682e-06 -1.6392738e-05 -4.9248034e-05 -1.0991268e-04 -2.0007082e-04 -3.1823698e-04 -4.5808256e-04 -6.1374240e-04 -7.8235313e-04 -9.6240591e-04 -1.1464041e-03 -1.3301393e-03 -1.5162959e-03 -1.7081064e-03 -1.8833652e-03 -2.0530502e-03 -2.2117970e-03 -2.3330928e-03 -2.4433545e-03 -2.5363513e-03
0.0000000e+00 0.0000000e+00 0.0000000e+00 0.0000000e+00 0.0000000e+00 0.0000000e+00 0.0000000e+00 0.0000000e+00 0.0000000e+00 0.0000000e+00 0.0000000e+00 0.0000000e+00 0.0000000e+00 4.5474735e-13 2.7284841e-12 8.6401997e-12 1.5916157e-11 1.8644641e-11 -4.7748472e-11 -4.9840310e-10 -1.5552359e-09 -2.7571332e-09 -3.3228389e-09 -1.5370460e-09 2.3350822e-08 1.1816974e-07 2.7879196e-07 4.5423758e-07 5.5674582e-07 5.5597411e-07 4.2300235e-07 -2.3527718e-07 -2.6799735e-06 -1.0673537e-05 -3.4218430e-05 -8.1620862e-05 -1.5256857e-04 -2.4181643e-04 -3.4717901e-04 -4.6583444e-04 -5.9548338e-04 -7.3194875e-04 -8.7753721e-04 -1.0368030e-03 -1.1904681e-03 -1.3566109e-03 -1.5376497e-03 -1.7001254e-03 -1.8792576e-03 -2.0599677e-03
0.0000000e+00 0.0000000e+00 0.0000000e+00 0.0000000e+00 0.0000000e+00 0.0000000e+00 0.0000000e+00 0.0000000e+00 0.0000000e+00 0.0000000e+00 0.0000000e+00 0.0000000e+00 0.0000000e+00 0.0000000e+00 0.0000000e+00 1.3642421e-12 6.8212103e-12 1.2278178e-11 1.4097168e-11 -2.6830094e-11 -3.3196557e-10 -1.0718395e-09 -1.8617357e-09 -2.2928361e-09 -1.4533725e-09 1.0287749e-08 5.9741978e-08 1.5369687e-07 2.6660791e-07 3.4914365e-07 3.5449739e-07 2.9119019e-07 1.8610217e-07 -2.1668211e-07 -2.0084453e-06 -7.3039978e-06 -1.9678570e-05 -4.4427404e-05 -8.1935331e-05 -1.3089481e-04 -1.9551439e-04 -2.7385069e-04 -3.5892838e-04 -4.5367597e-04 -5.6001915e-04 -6.8089566e-04 -8.1281601e-04 -9.4301800e-04 -1.0864520e-03 -1.2414096e-03
0.0000000e+00 0.0000000e+00 0.0000000e+00 0.0000000e+00 0.0000000e+00 0.0000000e+00 0.0000000e+00 0.0000000e+00 0.0000000e+00 0.0000000e+00 0.0000000e+00 0.0000000e+00 0.0000000e+00 0.0000000e+00 0.0000000e+00 0.0000000e+00 9.0949470e-13 5.0022209e-12 8.6401997e-12 1.0004442e-11 -1.6370905e-11 -2.1464075e-10 -6.9803718e-10 -1.2255441e-09 -1.4965735e-09 -1.2405508e-09 2.7152964e-09 2.1082542e-08 6.8615464e-08 1.3711133e-07 1.9898380e-07 2.1840833e-07 1.9372783e-07 1.5256364e-07 4.3487944e-08 -3.7513109e-07 -1.4853845e-06 -3.7914474e-06 -7.8346966e-06 -1.3924335e-05 -2.3765190e-05 -3.9649803e-05 -6.3346331e-05 -9.8228403e-05 -1.4572114e-04 -2.0175921e-04 -2.6356029e-04 -3.3524543e-04 -4.1592828e-04 -5.0601543e-04
0.0000000e+00 0.0000000e+00 0.0000000e+00 0.0000000e+00 0.0000000e+00 0.0000000e+00 0.0000000e+00 0.0000000e+00 0.0000000e+00 0.0000000e+00 0.0000000e+00 0.0000000e+00 0.0000000e+00 0.0000000e+00 0.0000000e+00 0.0000000e+00 0.0000000e+00 1.3642421e-12 3.6379788e-12 6.3664629e-12 7.2759576e-12 -7.2759576e-12 -1.1687007e-10 -4.0517989e-10 -7.5397111e-10 -9.3359631e-10 -8.8630259e-10 1.4097168e-10 5.3451004e-09 2.4091150e-08 6.1324045e-08 1.0362419e-07 1.2611918e-07 1.2410328e-07 9.4658844e-08 4.6916284e-08 -5.7303168e-08 -2.8704972e-07 -7.0068836e-07 -1.3363601e-06 -2.2598811e-06 -3.5110884e-06 -5.6968956e-06 -9.3126091e-06 -1.4544252e-05 -2.1611375e-05 -2.9991324e-05 -4.3673459e-05 -6.2284445e-05 -9.0446727e-05
0.0000000e+00 0.0000000e+00 0.0000000e+00 0.0000000e+00 0.0000000e+00 0.0000000e+00 0.0000000e+00 0.0000000e+00 0.0000000e+00 0.0000000e+00 0.0000000e+00 0.0000000e+00 0.0000000e+00 0.0000000e+00 4.5474735e-13 0.0000000e+00 0.0000000e+00 0.0000000e+00 1.3642421e-12 2.7284841e-12 4.0927262e-12 4.5474735e-12 -9.0949470e-13 -4.9567461e-11 -2.0281732e-10 -4.2473403e-10 -5.4888005e-10 -5.2159521e-10 -3.2059688e-10 1.0263648e-09 6.6033863e-09 2.1794222e-08 4.4424723e-08 6.3103471e-08 6.7566816e-08 5.2857104e-08 3.0270257e-08 2.9240255e-09 -4.2646661e-08 -1.1743577e-07 -2.2365293e-07 -3.5688299e-07 -5.9324884e-07 -9.4647203e-07 -1.4347920e-06 -2.0830257e-06 -2.8279242e-06 -3.7875293e-06 -5.0411518e-06 -7.2155485e-06
0.0000000e+00 0.0000000e+00 0.0000000e+00 0.0000000e+00 0.0000000e+00 0.0000000e+00 0.0000000e+00 0.0000000e+00 0.0000000e+00 0.0000000e+00 0.0000000e+00 0.0000000e+00 0.0000000e+00 0.0000000e+00 0.0000000e+00 0.0000000e+00 0.0000000e+00 0.0000000e+00 0.0000000e+00 0.0000000e+00 1.3642421e-12 2.2737368e-12 2.7284841e-12 9.0949470e-13 -1.6825652e-11 -8.4128260e-11 -2.0554580e-10 -3.0104275e-10 -3.0513547e-10 -2.4601832e-10 1.6825652e-11 1.2678356e-09 5.4928933e-09 1.4766101e-08 2.5748705e-08 3.0746833e-08 2.6679118e-08 1.7133971e-08 8.7547960e-09 -1.2087185e-09 -1.4280886e-08 -3.0689989e-08 -5.5438250e-08 -8.8855813e-08 -1.3371937e-07 -1.9121489e-07 -2.5996815e-07 -3.4096092e-07 -4.4279705e-07 -6.2218260e-07
0.0000000e+00 0.0000000e+00 0.0000000e+00 0.0000000e+00 0.0000000e+00 0.0000000e+00 0.0000000e+00 0.0000000e+00 0.0000000e+00 0.0000000e+00 0.0000000e+00 0.0000000e+00 0.0000000e+00 0.0000000e+00 0.0000000e+00 0.0000000e+00 0.0000000e+00 0.0000000e+00 0.0000000e+00 0.0000000e+00 0.0000000e+00 9.0949470e-13 1.8189894e-12 1.8189894e-12 1.3642421e-12 -4.5474735e-12 -2.7739588e-11 -8.0490281e-11 -1.4233592e-10 -1.6189006e-10 -1.4233592e-10 -8.3218765e-11 2.1645974e-10 1.3851604e-09 4.5315574e-09 9.6565600e-09 1.3257704e-08 1.3212230e-08 9.7256816e-09 6.3246262e-09 3.7043719e-09 1.2059900e-09 -1.7007551e-09 -5.1336428e-09 -9.5119503e-09 -1.5257228e-08 -2.1837877e-08 -2.9164312e-08 -3.8622602e-08 -5.4267730e-08
0.0000000e+00 0.0000000e+00 0.0000000e+00 0.0000000e+00 0.0000000e+00 0.0000000e+00 0.0000000e+00 0.0000000e+00 0.0000000e+00 0.0000000e+00 0.0000000e+00 0.0000000e+00 4.5474735e-13 0.0000000e+00 0.0000000e+00 0.0000000e+00 0.0000000e+00 0.0000000e+00 0.0000000e+00 0.0000000e+00 0.0000000e+00 0.0000000e+00 4.5474735e-13 9.0949470e-13 9.0949470e-13 9.0949470e-13 -9.0949470e-13 -7.2759576e-12 -2.7284841e-11 -6.0481398e-11 -7.9126039e-11 -7.4123818e-11 -5.2295945e-11 2.0918378e-11 3.4697223e-10 1.3296813e-09 3.2773642e-09 5.4569682e-09 6.1691026e-09 5.4551492e-09 4.1400199e-09 3.0449883e-09 2.1673259e-09 1.4283614e-09 7.0667738e-10 -7.4578566e-11 -9.0085450e-10 -1.7689672e-09 -2.8499016e-09 -4.4510671e-09
0.0000000e+00 0.0000000e+00 0.0000000e+00 0.0000000e+00 0.0000000e+00 0.0000000e+00 0.0000000e+00 0.0000000e+00 0.0000000e+00 0.0000000e+00 0.0000000e+00 0.0000000e+00 0.0000000e+00 0.0000000e+00 0.0000000e+00 0.0000000e+00 0.0000000e+00 0.0000000e+00 0.0000000e+00 0.0000000e+00 0.0000000e+00 0.0000000e+00 0.0000000e+00 4.5474735e-13 4.5474735e-13 0.0000000e+00 0.0000000e+00 0.0000000e+00 -1.3642421e-12 -7.7307050e-12 -2.0918378e-11 -3.4106051e-11 -3.6379788e-11 -2.9103830e-11 -7.7307050e-12 8.2309271e-11 3.6789061e-10 1.0413714e-09 2.0281732e-09 2.6666385e-09 2.8030627e-09 2.5447662e-09 2.0713742e-09 1.5784281e-09 1.1345946e-09 7.8580342e-10 5.1250026e-10 2.9285729e-10 8.5492502e-11 -1.4006218e-10
0.0000000e+00 0.0000000e+00 0.0000000e+00 0.0000000e+00 0.0000000e+00 0.0000000e+00 0.0000000e+00 0.0000000e+00 0.0000000e+00 0.0000000e+00 0.0000000e+00 0.0000000e+00 0.0000000e+00 0.0000000e+00 0.0000000e+00 0.0000000e+00 0.0000000e+00 0.0000000e+00 0.0000000e+00 0.0000000e+00 0.0000000e+00 0.0000000e+00 0.0000000e+00 0.0000000e+00 0.0000000e+00 0.0000000e+00 0.0000000e+00 0.0000000e+00 0.0000000e+00 -9.0949470e-13 -2.2737368e-12 -6.3664629e-12 -1.3642421e-11 -1.6370905e-11 -1.2732926e-11 -5.4569682e-12 2.0463631e-11 9.3677954e-11 2.5738700e-10 5.5024429e-10 8.7129592e-10 1.0668373e-09 1.1027623e-09 1.0259100e-09 8.5856300e-10 6.6393113e-10 4.7339199e-10 3.1513991e-10 2.0281732e-10 1.2232704e-10
0.0000000e+00 0.0000000e+00 0.0000000e+00 0.0000000e+00 0.0000000e+00 0.0000000e+00 0.0000000e+00 0.0000000e+00 0.0000000e+00 0.0000000e+00 0.0000000e+00 0.0000000e+00 4.5474735e-13 4.5474735e-13 0.0000000e+00 0.0000000e+00 0.0000000e+00 0.0000000e+00 0.0000000e+00 0.0000000e+00 0.0000000e+00 0.0000000e+00 0.0000000e+00 0.0000000e+00 0.0000000e+00 0.0000000e+00 0.0000000e+00 0.0000000e+00 0.0000000e+00 0.0000000e+00 0.0000000e+00 0.0000000e+00 -1.3642421e-12 -4.0927262e-12 -5.9117156e-12 -5.0022209e-12 -2.2737368e-12 4.0927262e-12 1.9554136e-11 4.6384230e-11 8.4128260e-11 1.3596946e-10 2.0781954e-10 2.6511771e-10 2.9194780e-10 2.8512659e-10 2.4874680e-10 2.0190782e-10 1.4824764e-10 1.0004442e-10
0.0000000e+00 0.0000000e+00 0.0000000e+00 0.0000000e+00 0.0000000e+00 0.0000000e+00 0.0000000e+00 0.0000000e+00 0.0000000e+00 0.0000000e+00 0.0000000e+00 0.0000000e+00 0.0000000e+00 0.0000000e+00 0.0000000e+00 0.0000000e+00 0.0000000e+00 0.0000000e+00 0.0000000e+00 0.0000000e+00 0.0000000e+00 0.0000000e+00 0.0000000e+00 0.0000000e+00 0.0000000e+00 0.0000000e+00 0.0000000e+00 0.0000000e+00 0.0000000e+00 0.0000000e+00 0.0000000e+00 0.0000000e+00 0.0000000e+00 -9.0949470e-13 -1.3642421e-12 -1.8189894e-12 -1.8189894e-12 -9.0949470e-13 4.5474735e-13 2.7284841e-12 5.4569682e-12 9.5496944e-12 1.4551915e-11 2.0918378e-11 2.8194336e-11 3.9108272e-11 4.9567461e-11 5.4569682e-11 5.3660187e-11 4.6384230e-11
