visualization/geoclaw_output/chile2010/eta_0010.asc
ncols     360
nrows     360
xllcorner -1.199166666650000e+02
yllcorner -5.991666666500000e+01
cellsize  1.666666700000000e-01
nodata_value       -9999
[rows 154 to 175 of 360, columns 300 to 349 of 360]
1.6497508e+03 1.9012545e+03 2.2977719e+03 2.8435101e+03 3.4579837e+03 4.0084808e+03 4.0455331e+03 3.8945468e+03 4.1758207e+03 4.3507944e+03 4.2027674e+03 4.3100607e+03 4.1440838e+03 3.6787810e+03 3.9260002e+03 4.4840981e+03 4.6283215e+03 4.6912593e+03 4.6577230e+03 4.5129664e+03 3.9974525e+03 3.1902245e+03 2.6974632e+03 2.2837162e+03 2.3175198e+03 2.3151955e+03 1.9156979e+03 1.7529830e+03 1.6067823e+03 1.1738005e+03 7.5975333e+02 6.2275111e+02 6.1401625e+02 5.6151894e+02 4.0500433e+02 3.1325041e+02 2.7875205e+02 2.6500351e+02 2.5475275e+02 2.4625263e+02 2.3600281e+02 2.2500187e+02 2.1450094e+02 2.0350035e+02 1.9249977e+02 1.8324982e+02 1.7350023e+02 1.6675006e+02 1.6124959e+02 1.5424959e+02
1.4510461e+03 1.7802740e+03 2.2037501e+03 2.8979770e+03 3.5822371e+03 3.9832753e+03 4.0019769e+03 3.9324439e+03 4.0782018e+03 4.2407312e+03 4.1784882e+03 4.0440015e+03 3.8182423e+03 3.7372049e+03 3.8622648e+03 3.8545495e+03 4.2115261e+03 4.6682461e+03 4.8069920e+03 4.6502515e+03 4.2732329e+03 3.5264465e+03 3.2641536e+03 2.6916880e+03 1.9523161e+03 2.2465711e+03 2.0180284e+03 1.5150731e+03 1.2100609e+03 1.0012398e+03 1.0086880e+03 8.0970483e+02 5.3600200e+02 4.4675795e+02 3.6975395e+02 3.0750094e+02 2.6675077e+02 2.4425135e+02 2.3650153e+02 2.2950130e+02 2.2125065e+02 2.1400071e+02 2.0575112e+02 1.9675124e+02 1.8875112e+02 1.8075077e+02 1.7200012e+02 1.6600012e+02 1.5850106e+02 1.4850177e+02
1.2430030e+03 1.6645033e+03 2.1847544e+03 2.9632577e+03 3.5260263e+03 3.8015177e+03 4.3181982e+03 4.5251658e+03 4.5156948e+03 4.5891862e+03 4.5101831e+03 4.0075071e+03 3.7915141e+03 3.9617421e+03 3.7257675e+03 3.5577706e+03 3.9947751e+03 4.5575303e+03 4.7002834e+03 4.6102580e+03 4.3504989e+03 3.8564756e+03 3.8874492e+03 3.2936696e+03 2.0096697e+03 2.3204108e+03 2.1144485e+03 1.0882776e+03 8.9676299e+02 1.0217554e+03 1.1990173e+03 9.1002172e+02 4.9825694e+02 3.8900570e+02 3.2900570e+02 2.9175279e+02 2.5900107e+02 2.3650047e+02 2.2625089e+02 2.1700166e+02 2.1025196e+02 2.0550131e+02 1.9875053e+02 1.9025030e+02 1.8225042e+02 1.7500059e+02 1.6775089e+02 1.6150095e+02 1.5325018e+02 1.4299953e+02
1.2057559e+03 1.6350037e+03 2.2469806e+03 2.9314999e+03 3.3275209e+03 3.5820347e+03 4.2595662e+03 4.6932946e+03 4.6692689e+03 4.7832679e+03 4.8189935e+03 4.0489829e+03 3.7592435e+03 3.8652810e+03 3.4020598e+03 3.2997909e+03 3.8607568e+03 4.5784645e+03 4.5944916e+03 4.3468049e+03 4.2657713e+03 4.2561791e+03 4.1604859e+03 3.2545904e+03 2.1510471e+03 2.4828011e+03 2.2792625e+03 1.1559560e+03 8.4574910e+02 1.0937273e+03 1.2344741e+03 8.1800012e+02 4.5950227e+02 3.5575221e+02 2.9400263e+02 2.6475365e+02 2.4150311e+02 2.2150311e+02 2.1125269e+02 2.0200191e+02 1.9525161e+02 1.9500120e+02 1.9225102e+02 1.8550084e+02 1.7825054e+02 1.7050048e+02 1.6275030e+02 1.5675018e+02 1.5075042e+02 1.4225066e+02
1.2559819e+03 1.7587165e+03 2.4924604e+03 3.1072078e+03 3.4789424e+03 3.6484491e+03 3.9680035e+03 4.5677352e+03 4.9411654e+03 4.8524653e+03 4.5785644e+03 4.2744629e+03 4.2408905e+03 3.9034595e+03 3.1959894e+03 3.1087548e+03 3.6950331e+03 4.5232991e+03 4.3000794e+03 3.7768319e+03 4.0612778e+03 4.2335769e+03 3.9463158e+03 2.8222631e+03 1.9699961e+03 2.4267120e+03 2.2025059e+03 1.2125307e+03 8.4400132e+02 1.0792763e+03 1.0940600e+03 6.8503191e+02 4.2250662e+02 3.2875427e+02 2.6800361e+02 2.4100205e+02 2.2400108e+02 2.0475090e+02 1.9750060e+02 1.9150060e+02 1.8625054e+02 1.8575102e+02 1.8375102e+02 1.8050036e+02 1.7649988e+02 1.7049952e+02 1.6324958e+02 1.5649988e+02 1.5724801e+02 1.5024741e+02
1.4309757e+03 1.9809799e+03 2.7242337e+03 3.4297143e+03 3.9027052e+03 3.9289833e+03 4.0404789e+03 4.6499949e+03 4.9818254e+03 4.9992493e+03 4.5784351e+03 4.4849863e+03 4.5252913e+03 3.9247856e+03 3.4267047e+03 3.3531859e+03 3.7776966e+03 4.1975296e+03 3.7792964e+03 3.7309286e+03 4.1292055e+03 3.5495884e+03 3.2578507e+03 2.6442800e+03 2.1172182e+03 2.7302146e+03 2.3787013e+03 1.3534349e+03 8.6424375e+02 8.1103857e+02 7.3002790e+02 4.8676595e+02 3.6925625e+02 2.9175467e+02 2.3850352e+02 2.1950315e+02 2.0875261e+02 1.9500146e+02 1.9000121e+02 1.8775030e+02 1.8674933e+02 1.8299964e+02 1.7675067e+02 1.7475103e+02 1.7350085e+02 1.6875091e+02 1.6200073e+02 1.5675006e+02 1.7074873e+02 1.6599879e+02
1.7024581e+03 2.2242108e+03 2.8479862e+03 3.4747750e+03 4.0170172e+03 4.0429890e+03 4.2674658e+03 4.8442077e+03 4.8467071e+03 5.0749822e+03 5.0339541e+03 4.7032105e+03 4.4429785e+03 3.9866990e+03 3.8881829e+03 3.8644396e+03 3.9930012e+03 3.9430324e+03 3.6747288e+03 4.0312486e+03 3.8511128e+03 2.8415839e+03 2.7685181e+03 2.6014802e+03 2.6881425e+03 3.0384603e+03 2.2248367e+03 1.2765844e+03 7.1154362e+02 5.3652822e+02 5.0602664e+02 3.8001002e+02 3.1425715e+02 2.5475434e+02 2.1400244e+02 1.9825202e+02 1.9225141e+02 1.8650061e+02 1.8500000e+02 1.8799963e+02 1.8625079e+02 1.7725177e+02 1.7050086e+02 1.6875043e+02 1.6950012e+02 1.6599976e+02 1.5924994e+02 1.5450049e+02 1.6550257e+02 1.6025263e+02
1.8372590e+03 2.3055194e+03 2.9537379e+03 3.4472316e+03 3.9412513e+03 4.0994972e+03 4.2955276e+03 4.9675123e+03 5.0654894e+03 5.0402765e+03 4.8575897e+03 4.5760711e+03 4.1793366e+03 3.6531335e+03 4.0397803e+03 4.2619630e+03 3.9919990e+03 3.7285202e+03 3.5230587e+03 3.4951334e+03 2.9471089e+03 2.3535356e+03 2.4410624e+03 2.6782510e+03 3.0852605e+03 2.7908510e+03 1.5270844e+03 6.7781233e+02 4.4052277e+02 3.8775818e+02 3.8775228e+02 3.4999729e+02 2.8450012e+02 2.3749988e+02 2.0499975e+02 1.8375154e+02 1.7575265e+02 1.7050332e+02 1.6975375e+02 1.7325400e+02 1.7000320e+02 1.6225191e+02 1.6325092e+02 1.6425068e+02 1.6525092e+02 1.6400074e+02 1.5750049e+02 1.5175018e+02 1.6074858e+02 1.5549852e+02
1.7410148e+03 2.1317735e+03 2.8177959e+03 3.4872586e+03 4.1024587e+03 4.2177235e+03 4.4019458e+03 5.0342211e+03 5.2309696e+03 5.0432225e+03 4.4682561e+03 4.4212167e+03 3.8362478e+03 2.7428412e+03 3.2109250e+03 3.8146483e+03 3.7808034e+03 3.3815657e+03 2.8421097e+03 2.5890902e+03 2.4282689e+03 2.3459660e+03 2.4206922e+03 3.0766502e+03 2.9220299e+03 1.7151650e+03 8.1509148e+02 3.6876382e+02 3.2325614e+02 3.3025601e+02 3.6150421e+02 3.4475403e+02 2.7400248e+02 2.4124919e+02 2.0400050e+02 1.6875217e+02 1.5900149e+02 1.5375081e+02 1.5599963e+02 1.5849963e+02 1.5749988e+02 1.5699938e+02 1.5775043e+02 1.5725105e+02 1.5875068e+02 1.5850062e+02 1.5275068e+02 1.4750087e+02 1.6125130e+02 1.5700112e+02
1.6824997e+03 2.3411740e+03 3.0259017e+03 3.6112104e+03 4.2772479e+03 4.3992313e+03 4.5817597e+03 4.8870659e+03 5.0420778e+03 4.9105608e+03 4.1685687e+03 4.2210835e+03 3.5375768e+03 2.1975443e+03 2.1960772e+03 3.0163000e+03 3.4690241e+03 2.8065774e+03 2.1543112e+03 2.2704886e+03 2.5734447e+03 2.7586811e+03 3.3245825e+03 3.4130166e+03 2.0499377e+03 8.1480862e+02 4.0725968e+02 3.1200025e+02 2.9075194e+02 2.9100375e+02 3.1625705e+02 3.1750275e+02 2.7124819e+02 2.4075094e+02 1.9850087e+02 1.5525119e+02 1.5125044e+02 1.5274944e+02 1.5575044e+02 1.5550112e+02 1.5500075e+02 1.5675069e+02 1.5450037e+02 1.5225019e+02 1.5375056e+02 1.5475031e+02 1.4800050e+02 1.4225044e+02 1.4450287e+02 1.3600412e+02
1.7654794e+03 2.5570223e+03 3.5137263e+03 4.0519291e+03 4.2817509e+03 4.4577541e+03 4.5759917e+03 4.4595411e+03 4.6065312e+03 4.6689995e+03 3.9964741e+03 3.9657301e+03 3.3439713e+03 2.0634891e+03 1.8802517e+03 2.9747101e+03 3.4632272e+03 2.3407892e+03 1.9005021e+03 2.3062525e+03 2.4070976e+03 2.3491724e+03 2.9192707e+03 2.6266811e+03 1.2882525e+03 5.9324667e+02 3.5275396e+02 3.0400176e+02 2.7750138e+02 2.6250340e+02 2.6600553e+02 2.7700742e+02 2.5850503e+02 2.3425069e+02 1.9699950e+02 1.5549874e+02 1.5349899e+02 1.5624969e+02 1.5325019e+02 1.5149987e+02 1.5224994e+02 1.5200050e+02 1.4825119e+02 1.4525157e+02 1.4650126e+02 1.4550201e+02 1.4774956e+02 1.5274692e+02 1.3724893e+02 1.1400138e+02
1.8872399e+03 2.6889442e+03 3.4810322e+03 3.9663431e+03 4.3669775e+03 4.6274529e+03 4.7177225e+03 4.4584588e+03 4.5142420e+03 4.6445067e+03 3.9672835e+03 3.6718445e+03 3.1885683e+03 2.0637610e+03 1.9514802e+03 2.9765398e+03 3.0108876e+03 1.8620818e+03 1.5840780e+03 1.7761318e+03 1.5451201e+03 1.2648510e+03 1.4843407e+03 1.7657856e+03 1.3767251e+03 6.7398290e+02 3.4499797e+02 2.9450063e+02 2.6575158e+02 2.5224918e+02 2.7424234e+02 2.9348835e+02 2.6324373e+02 2.2825082e+02 1.9325146e+02 1.6424905e+02 1.5924956e+02 1.5700013e+02 1.5075044e+02 1.4800101e+02 1.5125032e+02 1.5224943e+02 1.4424981e+02 1.3525095e+02 1.3350203e+02 1.3400089e+02 1.4675070e+02 1.4850418e+02 1.2500418e+02 9.7002913e+01
2.2569158e+03 3.1751822e+03 3.4772186e+03 3.8141950e+03 4.4937404e+03 4.7307711e+03 4.9357221e+03 5.0258967e+03 4.7979357e+03 4.5355210e+03 3.8245027e+03 3.3552355e+03 2.9764853e+03 2.0289978e+03 2.0402473e+03 2.5930578e+03 2.0293618e+03 1.3008108e+03 1.1665279e+03 1.1117867e+03 9.4553201e+02 8.0876460e+02 9.4054732e+02 1.6100038e+03 1.6517049e+03 9.9018655e+02 5.7419357e+02 3.1949299e+02 2.8724292e+02 2.9199069e+02 3.5523706e+02 3.8323884e+02 3.1299362e+02 2.3424764e+02 1.8700013e+02 1.6625045e+02 1.6000026e+02 1.5625006e+02 1.4500102e+02 1.3675185e+02 1.4225198e+02 1.4950128e+02 1.4500000e+02 1.2900064e+02 1.2075121e+02 1.2750077e+02 1.3525223e+02 1.1850344e+02 1.0350128e+02 9.1748406e+01
2.1796047e+03 3.0573486e+03 3.5397656e+03 3.8637927e+03 4.2853133e+03 4.6437511e+03 5.0087593e+03 5.3192787e+03 4.7878174e+03 4.1735718e+03 3.7590141e+03 3.2992790e+03 2.8597948e+03 2.0357505e+03 1.7645736e+03 2.0623282e+03 1.6167434e+03 1.0525026e+03 1.0090123e+03 9.0601593e+02 7.9300694e+02 7.3300475e+02 7.8949114e+02 1.6347398e+03 1.7800125e+03 1.1822646e+03 7.9949897e+02 3.7649242e+02 3.4474236e+02 3.5874223e+02 4.5423761e+02 4.6074133e+02 3.4024942e+02 2.4499961e+02 1.8475045e+02 1.5650206e+02 1.4900257e+02 1.4450295e+02 1.3350193e+02 1.2450128e+02 1.2475250e+02 1.2800424e+02 1.3100360e+02 1.2300090e+02 1.1600000e+02 1.1750180e+02 1.0675507e+02 8.8754174e+01 8.8502569e+01 8.5753147e+01
1.9859446e+03 2.7732242e+03 3.7611770e+03 4.2081179e+03 4.1692163e+03 4.4213065e+03 4.7223147e+03 4.8640889e+03 4.3070565e+03 3.7720316e+03 3.6305190e+03 3.2932224e+03 3.0266617e+03 2.2187022e+03 1.4412595e+03 1.5732978e+03 1.4288053e+03 1.0257543e+03 9.0951332e+02 8.1125847e+02 7.4425563e+02 7.1474994e+02 8.7548668e+02 2.0404053e+03 2.1099021e+03 1.1112537e+03 7.5351293e+02 4.4648952e+02 4.2473700e+02 4.2549056e+02 5.1524670e+02 4.8075356e+02 3.1100815e+02 2.2575537e+02 1.7075317e+02 1.4425110e+02 1.3750039e+02 1.3125045e+02 1.2400052e+02 1.1750052e+02 1.1325045e+02 1.1025032e+02 1.1275110e+02 1.1425136e+02 1.1375058e+02 1.0200220e+02 8.1001552e+01 7.3749677e+01 7.5750711e+01 7.2000388e+01
2.7451080e+03 3.2841429e+03 4.1984596e+03 4.5305491e+03 4.1477895e+03 4.3367152e+03 4.5422317e+03 4.4005313e+03 3.9880262e+03 3.3178366e+03 3.3653000e+03 3.2837803e+03 3.2125405e+03 2.5092225e+03 1.4119980e+03 1.2670317e+03 1.1292723e+03 9.8975501e+02 8.4850247e+02 7.5975488e+02 7.1100300e+02 7.1649961e+02 9.9998098e+02 2.2652868e+03 2.2850530e+03 1.1469870e+03 9.9667361e+02 8.2941078e+02 5.6947538e+02 4.4925332e+02 5.1050456e+02 4.5225384e+02 2.6225449e+02 1.9200339e+02 1.5025215e+02 1.3475137e+02 1.3025150e+02 1.2450130e+02 1.1800104e+02 1.1175098e+02 1.0750104e+02 1.0450117e+02 1.0450104e+02 1.0700052e+02 1.0900065e+02 1.0249766e+02 9.0246027e+01 8.1248372e+01 7.4749544e+01 7.0000130e+01
3.6644019e+03 4.1628774e+03 4.4702194e+03 4.2565224e+03 3.9430139e+03 4.2533070e+03 4.3173275e+03 3.8981003e+03 3.3783836e+03 2.6028504e+03 2.7151203e+03 2.7251161e+03 2.9905174e+03 2.6652368e+03 1.4667376e+03 1.2182309e+03 1.1312270e+03 1.3903898e+03 1.2203999e+03 7.4449908e+02 6.9275177e+02 7.1350118e+02 1.2751969e+03 2.3794330e+03 1.9505344e+03 8.7308499e+02 1.0835542e+03 1.0702767e+03 6.0726489e+02 4.0325872e+02 4.2851692e+02 3.8401403e+02 2.3625230e+02 1.6525361e+02 1.3350223e+02 1.2625085e+02 1.2275046e+02 1.1650079e+02 1.1100079e+02 1.0600052e+02 1.0200039e+02 1.0000000e+02 1.0000013e+02 1.0275059e+02 1.0325085e+02 1.0425190e+02 9.7502099e+01 8.3251115e+01 7.4000656e+01 6.7500525e+01
3.9237803e+03 4.3610712e+03 4.3958005e+03 4.2127390e+03 3.9294896e+03 3.8815408e+03 3.9265252e+03 3.3507935e+03 2.5635807e+03 2.0650409e+03 2.0832958e+03 2.1410374e+03 2.8422716e+03 2.7237478e+03 1.6414663e+03 1.3522338e+03 1.4944272e+03 2.0914258e+03 1.6647334e+03 8.2098072e+02 6.9299815e+02 7.7048375e+02 1.4450086e+03 1.9681762e+03 1.2241573e+03 6.7896566e+02 9.5972814e+02 8.3728467e+02 4.7951875e+02 3.3725865e+02 3.4250568e+02 3.1425429e+02 2.1750264e+02 1.4750106e+02 1.2200079e+02 1.1900106e+02 1.1700106e+02 1.1025086e+02 1.0450092e+02 1.0150066e+02 9.9000396e+01 9.8500396e+01 9.7250594e+01 9.6750991e+01 9.7000792e+01 9.3250991e+01 8.6000925e+01 7.9499868e+01 7.3999340e+01 6.7999340e+01
3.6235493e+03 4.0590086e+03 4.1735082e+03 4.2145106e+03 3.8900210e+03 3.6865108e+03 3.7627682e+03 3.2672284e+03 2.5756655e+03 2.0884525e+03 1.8165249e+03 1.8587874e+03 2.9846904e+03 3.0401680e+03 1.9044640e+03 1.4167491e+03 2.1164078e+03 2.6071876e+03 1.6230278e+03 9.7447859e+02 9.1619248e+02 9.3847167e+02 9.7336683e+02 8.1987800e+02 4.9003684e+02 8.8472985e+02 1.1299767e+03 6.6776017e+02 3.7100997e+02 2.9225326e+02 3.0625392e+02 2.7700559e+02 1.8725539e+02 1.3100332e+02 1.1500106e+02 1.1350040e+02 1.1075060e+02 1.0724993e+02 1.0374927e+02 1.0049960e+02 9.7000133e+01 9.3001064e+01 8.8251795e+01 8.4252327e+01 8.5002394e+01 8.3751529e+01 7.9500798e+01 7.8750332e+01 7.6999867e+01 7.2499468e+01
3.5604672e+03 3.8555458e+03 4.0250315e+03 3.9423122e+03 3.5653158e+03 3.4260589e+03 3.4460666e+03 3.2335308e+03 2.9567331e+03 2.2350086e+03 1.5912853e+03 1.8742082e+03 3.6076432e+03 3.9518384e+03 2.2939320e+03 1.3220262e+03 2.3865205e+03 2.7197827e+03 1.6079760e+03 1.1349786e+03 8.9206441e+02 7.8456977e+02 4.2252986e+02 3.1425649e+02 3.2650670e+02 6.7857552e+02 9.3757499e+02 6.0150750e+02 3.1100603e+02 2.7225208e+02 2.7325489e+02 2.2950710e+02 1.5375355e+02 1.1575074e+02 1.1075007e+02 1.1549906e+02 1.2174645e+02 1.2349571e+02 1.1124873e+02 9.8251004e+01 9.3250870e+01 8.5750870e+01 7.7751004e+01 7.2000937e+01 7.6499866e+01 8.0499330e+01 7.8249531e+01 7.7250067e+01 7.4250870e+01 7.1000937e+01
3.9761709e+03 3.8319602e+03 3.8982525e+03 3.7794813e+03 3.5296933e+03 3.5694020e+03 3.3777014e+03 2.9460465e+03 2.5673721e+03 1.8505951e+03 1.4040150e+03 1.9190301e+03 3.5221306e+03 3.7369708e+03 2.0481348e+03 1.1162791e+03 1.8161332e+03 2.1366243e+03 1.5812813e+03 1.0552931e+03 5.2128512e+02 4.3527393e+02 3.1100000e+02 2.8875034e+02 2.8875344e+02 3.2826840e+02 5.6527488e+02 5.3800957e+02 2.7900256e+02 2.5775182e+02 2.4625236e+02 1.8450499e+02 1.3400175e+02 1.1674899e+02 1.1424899e+02 1.4924184e+02 1.6524184e+02 1.5924467e+02 1.4899110e+02 1.1099555e+02 9.2249393e+01 8.6748854e+01 8.5746832e+01 8.1496494e+01 7.7000000e+01 7.6501753e+01 7.7250742e+01 7.5250472e+01 6.9000539e+01 6.5500539e+01
4.4969382e+03 4.1149632e+03 3.7202958e+03 3.6633004e+03 3.6212822e+03 3.7932879e+03 3.2518332e+03 2.2996287e+03 1.8800637e+03 1.5764787e+03 1.3772422e+03 1.5903090e+03 2.6041177e+03 2.5700945e+03 1.4117870e+03 9.3576975e+02 1.4414676e+03 1.6984938e+03 1.1533346e+03 6.7905878e+02 3.7475441e+02 3.4075156e+02 3.1624857e+02 3.0024654e+02 2.8424776e+02 2.5900027e+02 3.9552104e+02 4.1652335e+02 2.4900557e+02 2.2575686e+02 2.2775265e+02 1.7274817e+02 1.2175156e+02 1.1175238e+02 1.2199891e+02 2.0549294e+02 2.8397597e+02 3.0671531e+02 2.5523011e+02 1.4924409e+02 1.0224790e+02 9.7498235e+01 1.0949674e+02 1.1124545e+02 9.4745181e+01 7.8997556e+01 7.2000679e+01 7.2250339e+01 6.8499593e+01 6.3999864e+01
