visualization/geoclaw_output/chile2010/eta_0008.asc
ncols     360
nrows     360
xllcorner -1.199166666650000e+02
yllcorner -5.991666666500000e+01
cellsize  1.666666700000000e-01
nodata_value       -9999
[rows 242 to 263 of 360, columns 100 to 149 of 360]
1.3002704e-01 1.2970117e-01 1.2861386e-01 1.2352778e-01 1.1352204e-01 9.9506915e-02 8.2651489e-02 6.4615362e-02 4.6605171e-02 2.9258362e-02 1.2504781e-02 -3.6178612e-03 -1.9371118e-02 -3.5064112e-02 -5.0921571e-02 -6.6795796e-02 -8.2063020e-02 -9.5879765e-02 -1.0740194e-01 -1.1585823e-01 -1.2074220e-01 -1.2229587e-01 -1.2240870e-01 -1.2230155e-01 -1.2125322e-01 -1.1824523e-01 -1.1385396e-01 -1.0853944e-01 -1.0248886e-01 -9.5656465e-02 -8.7870121e-02 -7.9087682e-02 -6.9621315e-02 -5.9652278e-02 -4.9146599e-02 -3.7999480e-02 -2.6657979e-02 -1.5296726e-02 -4.4695830e-03 5.4959311e-03 1.4519360e-02 2.2615679e-02 2.9633825e-02 3.5413658e-02 3.9508117e-02 4.1194144e-02 4.1256633e-02 4.1002855e-02 4.0451356e-02 3.8932936e-02
1.2924119e-01 1.2890409e-01 1.2766115e-01 1.2217897e-01 1.1203654e-01 9.8110491e-02 8.1394042e-02 6.3477641e-02 4.5622064e-02 2.8573599e-02 1.2262688e-02 -3.3714536e-03 -1.8567879e-02 -3.3556632e-02 -4.8745502e-02 -6.4106258e-02 -7.9303287e-02 -9.3361026e-02 -1.0540327e-01 -1.1454559e-01 -1.2000270e-01 -1.2176012e-01 -1.2183172e-01 -1.2170020e-01 -1.2031236e-01 -1.1736699e-01 -1.1311590e-01 -1.0793752e-01 -1.0205377e-01 -9.5384834e-02 -8.7697360e-02 -7.9089984e-02 -6.9888621e-02 -6.0252020e-02 -5.0010791e-02 -3.9028741e-02 -2.7919967e-02 -1.6867389e-02 -6.2831604e-03 3.5812807e-03 1.2672906e-02 2.0952094e-02 2.8094264e-02 3.3954331e-02 3.8226281e-02 4.0301812e-02 4.0485478e-02 4.0158431e-02 3.9686195e-02 3.8436878e-02
1.2849873e-01 1.2817187e-01 1.2683454e-01 1.2116273e-01 1.1091078e-01 9.6760479e-02 7.9808021e-02 6.2225726e-02 4.5209871e-02 2.8839581e-02 1.2930881e-02 -2.1001015e-03 -1.6801388e-02 -3.1706292e-02 -4.6690421e-02 -6.1812619e-02 -7.6820522e-02 -9.0981772e-02 -1.0341138e-01 -1.1295492e-01 -1.1891274e-01 -1.2105653e-01 -1.2117567e-01 -1.2091570e-01 -1.1952279e-01 -1.1678578e-01 -1.1268783e-01 -1.0764138e-01 -1.0182496e-01 -9.5185354e-02 -8.7690310e-02 -7.9275922e-02 -7.0284155e-02 -6.0724751e-02 -5.0670049e-02 -4.0092234e-02 -2.9341340e-02 -1.8545838e-02 -8.0808606e-03 1.7531383e-03 1.0843405e-02 1.9169192e-02 2.6384378e-02 3.2351877e-02 3.6805130e-02 3.9240400e-02 3.9647755e-02 3.9260572e-02 3.8774423e-02 3.7668535e-02
1.2753045e-01 1.2726630e-01 1.2576601e-01 1.2008977e-01 1.0986496e-01 9.5716774e-02 7.8954094e-02 6.1619090e-02 4.4846981e-02 2.8881863e-02 1.3627922e-02 -6.7855384e-04 -1.4549063e-02 -2.8809435e-02 -4.3507585e-02 -5.8800584e-02 -7.3806344e-02 -8.8321283e-02 -1.0131274e-01 -1.1149855e-01 -1.1800690e-01 -1.2073840e-01 -1.2107091e-01 -1.2027665e-01 -1.1903069e-01 -1.1656142e-01 -1.1256168e-01 -1.0762794e-01 -1.0181376e-01 -9.5085931e-02 -8.7456122e-02 -7.9095899e-02 -7.0298218e-02 -6.1177118e-02 -5.1519537e-02 -4.1444075e-02 -3.1052537e-02 -2.0413410e-02 -9.9150078e-03 8.4498913e-05 9.2047400e-03 1.7407920e-02 2.4552984e-02 3.0570264e-02 3.5240907e-02 3.8044278e-02 3.8708728e-02 3.8346580e-02 3.7829888e-02 3.6824677e-02
1.2644708e-01 1.2619258e-01 1.2475182e-01 1.1922858e-01 1.0904080e-01 9.5192321e-02 7.8879871e-02 6.1580202e-02 4.4553001e-02 2.8387146e-02 1.3766135e-02 2.3829360e-04 -1.3045015e-02 -2.6522824e-02 -4.0233617e-02 -5.4553677e-02 -6.9537081e-02 -8.4584919e-02 -9.8272107e-02 -1.0911114e-01 -1.1613001e-01 -1.1943689e-01 -1.2080573e-01 -1.2015894e-01 -1.1884874e-01 -1.1615536e-01 -1.1243998e-01 -1.0760099e-01 -1.0163451e-01 -9.4527294e-02 -8.6940984e-02 -7.9060187e-02 -7.0734088e-02 -6.1973410e-02 -5.2598986e-02 -4.2861314e-02 -3.2771294e-02 -2.2417492e-02 -1.2094071e-02 -2.1428856e-03 7.1056382e-03 1.5486576e-02 2.2897255e-02 2.8999130e-02 3.3678762e-02 3.6717843e-02 3.7585242e-02 3.7302967e-02 3.6757254e-02 3.5892261e-02
1.2541748e-01 1.2503081e-01 1.2386320e-01 1.1868888e-01 1.0851889e-01 9.4814105e-02 7.8485579e-02 6.1491099e-02 4.4941457e-02 2.9265584e-02 1.5195231e-02 2.3119627e-03 -1.0473526e-02 -2.3765033e-02 -3.7334574e-02 -5.1620796e-02 -6.7041362e-02 -8.2721925e-02 -9.6860147e-02 -1.0765105e-01 -1.1409988e-01 -1.1684399e-01 -1.1828942e-01 -1.1763053e-01 -1.1608741e-01 -1.1378919e-01 -1.1084213e-01 -1.0674257e-01 -1.0152948e-01 -9.4319200e-02 -8.7100544e-02 -7.9832501e-02 -7.1820568e-02 -6.3226951e-02 -5.4166136e-02 -4.4645750e-02 -3.4770797e-02 -2.4688182e-02 -1.4579012e-02 -4.6918168e-03 4.6546437e-03 1.3168937e-02 2.0767500e-02 2.7077459e-02 3.1921666e-02 3.5282550e-02 3.6584078e-02 3.6319452e-02 3.5741853e-02 3.4957260e-02
1.2429362e-01 1.2379363e-01 1.2297969e-01 1.1820194e-01 1.0816395e-01 9.4598410e-02 7.8638296e-02 6.1907182e-02 4.5637227e-02 3.0419981e-02 1.6842695e-02 4.3201625e-03 -7.9494597e-03 -2.0730759e-02 -3.4212083e-02 -4.8563306e-02 -6.3772317e-02 -7.9344446e-02 -9.3822509e-02 -1.0514919e-01 -1.1237838e-01 -1.1564171e-01 -1.1692794e-01 -1.1671444e-01 -1.1491166e-01 -1.1308482e-01 -1.1057649e-01 -1.0682067e-01 -1.0136910e-01 -9.4721775e-02 -8.7930910e-02 -8.0825949e-02 -7.3016442e-02 -6.4713808e-02 -5.6172333e-02 -4.7029048e-02 -3.7249342e-02 -2.7091573e-02 -1.6970732e-02 -7.0295506e-03 2.3770921e-03 1.0841622e-02 1.8351071e-02 2.4751960e-02 2.9796735e-02 3.3419729e-02 3.5267531e-02 3.5250037e-02 3.4647518e-02 3.3919954e-02
1.2315609e-01 1.2281889e-01 1.2205339e-01 1.1741457e-01 1.0789795e-01 9.4671778e-02 7.9023337e-02 6.2368403e-02 4.6302256e-02 3.1647422e-02 1.8494224e-02 6.1498648e-03 -6.0840602e-03 -1.8731608e-02 -3.1803597e-02 -4.5383934e-02 -5.9506017e-02 -7.4189987e-02 -8.8281945e-02 -1.0043741e-01 -1.0927436e-01 -1.1503092e-01 -1.1768011e-01 -1.1780489e-01 -1.1639735e-01 -1.1422023e-01 -1.1110463e-01 -1.0687969e-01 -1.0121848e-01 -9.4768197e-02 -8.8065424e-02 -8.0928772e-02 -7.3457703e-02 -6.5593875e-02 -5.7402586e-02 -4.8677228e-02 -3.9244240e-02 -2.9340771e-02 -1.9309129e-02 -9.5359757e-03 -3.9044024e-04 8.0413298e-03 1.5671417e-02 2.2138736e-02 2.7355916e-02 3.1254388e-02 3.3633319e-02 3.4152496e-02 3.3629338e-02 3.2974704e-02
1.2142449e-01 1.2166344e-01 1.2093351e-01 1.1691289e-01 1.0790168e-01 9.5082861e-02 7.9916095e-02 6.3637652e-02 4.7661448e-02 3.3034401e-02 2.0017465e-02 7.8828689e-03 -4.0258741e-03 -1.6364645e-02 -2.9285084e-02 -4.2686157e-02 -5.6367578e-02 -7.0163239e-02 -8.3584003e-02 -9.5541110e-02 -1.0496139e-01 -1.1111379e-01 -1.1405778e-01 -1.1469027e-01 -1.1395515e-01 -1.1228770e-01 -1.1019511e-01 -1.0629075e-01 -1.0122927e-01 -9.5557491e-02 -8.9213153e-02 -8.2387263e-02 -7.5090675e-02 -6.7317684e-02 -5.9176241e-02 -5.0556542e-02 -4.1400448e-02 -3.1966878e-02 -2.2211446e-02 -1.2317977e-02 -3.0649331e-03 5.3244590e-03 1.2877882e-02 1.9333925e-02 2.4555413e-02 2.8650414e-02 3.1466918e-02 3.2519647e-02 3.2276287e-02 3.1743171e-02
1.2015268e-01 1.2050706e-01 1.1993636e-01 1.1658228e-01 1.0787424e-01 9.5263176e-02 8.0756493e-02 6.5235201e-02 4.9744401e-02 3.5176688e-02 2.1831037e-02 9.4869738e-03 -2.2448388e-03 -1.4144121e-02 -2.6690681e-02 -4.0014690e-02 -5.3361344e-02 -6.6479530e-02 -7.9299747e-02 -9.0869247e-02 -1.0049827e-01 -1.0731751e-01 -1.1093075e-01 -1.1211700e-01 -1.1182984e-01 -1.1096908e-01 -1.0946003e-01 -1.0587429e-01 -1.0127192e-01 -9.5959994e-02 -8.9929551e-02 -8.3319344e-02 -7.6181903e-02 -6.8515905e-02 -6.0474432e-02 -5.2001400e-02 -4.3117269e-02 -3.3850709e-02 -2.4340950e-02 -1.4730561e-02 -5.6967389e-03 2.4690146e-03 9.8454909e-03 1.6298304e-02 2.1683147e-02 2.6076729e-02 2.9230829e-02 3.0886883e-02 3.1070720e-02 3.0612072e-02
1.1957609e-01 1.1957145e-01 1.1906354e-01 1.1618192e-01 1.0780794e-01 9.5557811e-02 8.1453326e-02 6.6618149e-02 5.1780356e-02 3.7452538e-02 2.3974009e-02 1.1247687e-02 -7.9163143e-04 -1.2568647e-02 -2.4546253e-02 -3.6946453e-02 -4.9579516e-02 -6.2221348e-02 -7.4626020e-02 -8.6001380e-02 -9.5741010e-02 -1.0307596e-01 -1.0756888e-01 -1.0950869e-01 -1.0977884e-01 -1.0939966e-01 -1.0840424e-01 -1.0540956e-01 -1.0124550e-01 -9.6177835e-02 -9.0392673e-02 -8.4069989e-02 -7.7301586e-02 -6.9871242e-02 -6.1821691e-02 -5.3237178e-02 -4.4535018e-02 -3.5584764e-02 -2.6428660e-02 -1.7311751e-02 -8.6117468e-03 -5.4361614e-04 6.8338657e-03 1.3462392e-02 1.9103192e-02 2.3699953e-02 2.7032025e-02 2.9057071e-02 2.9777838e-02 2.9545873e-02
1.1833217e-01 1.1851858e-01 1.1808809e-01 1.1588517e-01 1.0806930e-01 9.6322896e-02 8.2670679e-02 6.8206088e-02 5.3642948e-02 3.9448087e-02 2.5907492e-02 1.3072927e-02 8.6013302e-04 -1.0862221e-02 -2.2355090e-02 -3.4010370e-02 -4.5936071e-02 -5.8063415e-02 -7.0032848e-02 -8.1274253e-02 -9.1114649e-02 -9.8795348e-02 -1.0394749e-01 -1.0680972e-01 -1.0774115e-01 -1.0773050e-01 -1.0731583e-01 -1.0513388e-01 -1.0137115e-01 -9.6564702e-02 -9.0980058e-02 -8.4753186e-02 -7.8210371e-02 -7.1082302e-02 -6.3245663e-02 -5.4719361e-02 -4.6367929e-02 -3.7843810e-02 -2.8964088e-02 -1.9958959e-02 -1.1324245e-02 -3.2695367e-03 4.1328970e-03 1.0805009e-02 1.6480808e-02 2.1111657e-02 2.4615506e-02 2.6955088e-02 2.8115622e-02 2.8230708e-02
1.1699182e-01 1.1742177e-01 1.1708476e-01 1.1547316e-01 1.0846055e-01 9.7227305e-02 8.3906455e-02 6.9859018e-02 5.5668082e-02 4.1531104e-02 2.7753133e-02 1.4856137e-02 2.8447622e-03 -8.5938424e-03 -1.9860809e-02 -3.1302876e-02 -4.2945566e-02 -5.4504360e-02 -6.5865070e-02 -7.6696401e-02 -8.6523738e-02 -9.4534355e-02 -1.0030941e-01 -1.0395499e-01 -1.0554614e-01 -1.0588279e-01 -1.0576758e-01 -1.0458661e-01 -1.0148223e-01 -9.6993038e-02 -9.1576273e-02 -8.5516754e-02 -7.9160680e-02 -7.2273170e-02 -6.4823752e-02 -5.6675278e-02 -4.8364209e-02 -3.9909074e-02 -3.1235579e-02 -2.2483231e-02 -1.4066226e-02 -6.1854841e-03 1.0791170e-03 7.7135019e-03 1.3553899e-02 1.8433114e-02 2.2226927e-02 2.4922923e-02 2.6516144e-02 2.7102073e-02
1.1572403e-01 1.1641865e-01 1.1616727e-01 1.1501582e-01 1.0897316e-01 9.8358011e-02 8.5392049e-02 7.1619961e-02 5.7669805e-02 4.3616699e-02 2.9748655e-02 1.6749847e-02 4.7432328e-03 -6.6156097e-03 -1.7618191e-02 -2.8676618e-02 -3.9786019e-02 -5.0700241e-02 -6.1494151e-02 -7.2058369e-02 -8.1944321e-02 -9.0337921e-02 -9.6769876e-02 -1.0108696e-01 -1.0348667e-01 -1.0424295e-01 -1.0421081e-01 -1.0369021e-01 -1.0136392e-01 -9.7282344e-02 -9.2090161e-02 -8.6359264e-02 -8.0190811e-02 -7.3449148e-02 -6.6098538e-02 -5.8208622e-02 -5.0181188e-02 -4.1949003e-02 -3.3532438e-02 -2.5028005e-02 -1.6780159e-02 -9.0208162e-03 -1.8360882e-03 4.7390558e-03 1.0627887e-02 1.5668968e-02 1.9761291e-02 2.2824303e-02 2.4849063e-02 2.5895362e-02
1.1426703e-01 1.1532439e-01 1.1520805e-01 1.1441471e-01 1.0939495e-01 9.9538599e-02 8.7024251e-02 7.3511055e-02 5.9804855e-02 4.6003825e-02 3.2279490e-02 1.9070316e-02 6.8025073e-03 -4.6004520e-03 -1.5320211e-02 -2.5903507e-02 -3.6572376e-02 -4.7213982e-02 -5.7700430e-02 -6.7902908e-02 -7.7601293e-02 -8.6156645e-02 -9.3117029e-02 -9.8180971e-02 -1.0131297e-01 -1.0274759e-01 -1.0296883e-01 -1.0267902e-01 -1.0106302e-01 -9.7627611e-02 -9.2736831e-02 -8.7008839e-02 -8.0978968e-02 -7.4257694e-02 -6.7136596e-02 -5.9644301e-02 -5.1892360e-02 -4.3905048e-02 -3.5744357e-02 -2.7491527e-02 -1.9377678e-02 -1.1716652e-02 -4.5904637e-03 1.9777301e-03 7.8883812e-03 1.3039114e-02 1.7382057e-02 2.0770766e-02 2.3172252e-02 2.4627240e-02
1.1264945e-01 1.1409705e-01 1.1411806e-01 1.1358903e-01 1.0960925e-01 1.0058646e-01 8.8637625e-02 7.5498182e-02 6.2006681e-02 4.8409724e-02 3.4892824e-02 2.1840069e-02 9.5190839e-03 -1.9546063e-03 -1.2554055e-02 -2.2906517e-02 -3.3425043e-02 -4.4069853e-02 -5.4401422e-02 -6.4227613e-02 -7.3493195e-02 -8.1903821e-02 -8.9157475e-02 -9.4935648e-02 -9.8907206e-02 -1.0105393e-01 -1.0195446e-01 -1.0188653e-01 -1.0072552e-01 -9.8295403e-02 -9.3882753e-02 -8.7976084e-02 -8.1839632e-02 -7.5051932e-02 -6.8061923e-02 -6.0831465e-02 -5.3449527e-02 -4.5817786e-02 -3.7941535e-02 -2.9974004e-02 -2.1999176e-02 -1.4377931e-02 -7.2944407e-03 -7.2860267e-04 5.2751772e-03 1.0566569e-02 1.5113015e-02 1.8817203e-02 2.1571031e-02 2.3363415e-02
1.1099265e-01 1.1283296e-01 1.1295173e-01 1.1257052e-01 1.0961859e-01 1.0156268e-01 9.0251628e-02 7.7526065e-02 6.4276563e-02 5.0796723e-02 3.7410010e-02 2.4589908e-02 1.2501440e-02 1.0680819e-03 -9.6974269e-03 -2.0013522e-02 -3.0229095e-02 -4.0563185e-02 -5.0680737e-02 -6.0291971e-02 -6.9415004e-02 -7.7852102e-02 -8.5358263e-02 -9.1646037e-02 -9.6273757e-02 -9.9146522e-02 -1.0083461e-01 -1.0147947e-01 -1.0095848e-01 -9.9521149e-02 -9.5767937e-02 -8.9761464e-02 -8.2904502e-02 -7.5991164e-02 -6.9080292e-02 -6.1990724e-02 -5.4875414e-02 -4.7535396e-02 -3.9876881e-02 -3.2198228e-02 -2.4479352e-02 -1.6965343e-02 -9.9290398e-03 -3.3690306e-03 2.6867973e-03 8.1406380e-03 1.2945201e-02 1.6933525e-02 1.9981720e-02 2.2061799e-02
1.0923442e-01 1.1145415e-01 1.1168621e-01 1.1139759e-01 1.0935889e-01 1.0237967e-01 9.1793563e-02 7.9558262e-02 6.6637916e-02 5.3397785e-02 4.0204442e-02 2.7470390e-02 1.5389041e-02 3.9142979e-03 -6.9640575e-03 -1.7179105e-02 -2.6990211e-02 -3.6904149e-02 -4.6942058e-02 -5.6494788e-02 -6.5526745e-02 -7.3987733e-02 -8.1707181e-02 -8.8341350e-02 -9.3366633e-02 -9.6749156e-02 -9.8627563e-02 -9.9564179e-02 -9.9462297e-02 -9.8058460e-02 -9.5580835e-02 -9.1587645e-02 -8.4227505e-02 -7.6774118e-02 -7.0362707e-02 -6.3662767e-02 -5.6568853e-02 -4.9387346e-02 -4.1968523e-02 -3.4505958e-02 -2.6980107e-02 -1.9649274e-02 -1.2624522e-02 -5.9880962e-03 1.9966387e-04 5.8468256e-03 1.0867007e-02 1.5028199e-02 1.8327359e-02 2.0733296e-02
1.0766314e-01 1.1018436e-01 1.1049409e-01 1.1020651e-01 1.0888086e-01 1.0306731e-01 9.3263829e-02 8.1555255e-02 6.8951532e-02 5.5936010e-02 4.2937073e-02 3.0345533e-02 1.8342401e-02 6.9211024e-03 -3.8819160e-03 -1.3968727e-02 -2.3690725e-02 -3.3506374e-02 -4.3630125e-02 -5.3059135e-02 -6.1825578e-02 -7.0106160e-02 -7.7818219e-02 -8.4723210e-02 -9.0323467e-02 -9.4479387e-02 -9.7192551e-02 -9.8669027e-02 -9.9354173e-02 -9.8451578e-02 -9.6674894e-02 -9.3760314e-02 -8.7455817e-02 -7.9363681e-02 -7.1642035e-02 -6.4683552e-02 -5.7881908e-02 -5.0968782e-02 -4.3862482e-02 -3.6615067e-02 -2.9367430e-02 -2.2204628e-02 -1.5257270e-02 -8.5981447e-03 -2.3160545e-03 3.5243859e-03 8.8078801e-03 1.3294967e-02 1.6859155e-02 1.9491342e-02
1.0614869e-01 1.0887821e-01 1.0929051e-01 1.0904489e-01 1.0818390e-01 1.0349455e-01 9.4660934e-02 8.3610324e-02 7.1369951e-02 5.8530158e-02 4.5633078e-02 3.3172291e-02 2.1298855e-02 1.0025076e-02 -6.3503009e-04 -1.0830161e-02 -2.0772226e-02 -3.0601871e-02 -4.0456968e-02 -4.9690710e-02 -5.8211792e-02 -6.6417113e-02 -7.4110997e-02 -8.1066687e-02 -8.6997698e-02 -9.1659265e-02 -9.5021704e-02 -9.6916439e-02 -9.8274272e-02 -9.8517323e-02 -9.6924270e-02 -9.4659499e-02 -9.0089481e-02 -8.3713596e-02 -7.5099925e-02 -6.5713078e-02 -5.8694670e-02 -5.2267946e-02 -4.5715853e-02 -3.8815175e-02 -3.1762024e-02 -2.4762522e-02 -1.7850601e-02 -1.1140638e-02 -4.7376329e-03 1.2968785e-03 6.8207745e-03 1.1523692e-02 1.5267488e-02 1.8115637e-02
1.0458073e-01 1.0750435e-01 1.0807564e-01 1.0796262e-01 1.0740010e-01 1.0372035e-01 9.5923672e-02 8.5630318e-02 7.3863354e-02 6.1297534e-02 4.8531372e-02 3.6107163e-02 2.4187469e-02 1.2855685e-02 2.1630201e-03 -8.0488274e-03 -1.7927651e-02 -2.7495689e-02 -3.6937534e-02 -4.6011082e-02 -5.4530017e-02 -6.2644201e-02 -7.0294215e-02 -7.7286594e-02 -8.3497990e-02 -8.8721580e-02 -9.2596113e-02 -9.5107419e-02 -9.6623282e-02 -9.7170511e-02 -9.6282560e-02 -9.4592866e-02 -9.0698201e-02 -8.6318138e-02 -7.9545146e-02 -7.0793927e-02 -6.1353446e-02 -5.4309305e-02 -4.7947519e-02 -4.1365071e-02 -3.4586110e-02 -2.7692748e-02 -2.0696232e-02 -1.3801043e-02 -7.1188724e-03 -8.8318213e-04 4.7147172e-03 9.5062747e-03 1.3460371e-02 1.6636342e-02
1.0313857e-01 1.0629958e-01 1.0705034e-01 1.0702002e-01 1.0664962e-01 1.0387552e-01 9.7060232e-02 8.7585469e-02 7.6362360e-02 6.4126600e-02 5.1554303e-02 3.9170104e-02 2.7255843e-02 1.5908577e-02 5.1593559e-03 -5.1413280e-03 -1.5091393e-02 -2.4540114e-02 -3.3751281e-02 -4.2705739e-02 -5.1409626e-02 -5.9666655e-02 -6.7291340e-02 -7.4284798e-02 -8.0634637e-02 -8.6112618e-02 -9.0274717e-02 -9.3183812e-02 -9.4826790e-02 -9.5205780e-02 -9.4767311e-02 -9.3756152e-02 -9.0679955e-02 -8.6813705e-02 -8.1221307e-02 -7.4370400e-02 -6.5901409e-02 -5.7889174e-02 -5.0673231e-02 -4.3784867e-02 -3.7093104e-02 -3.0327201e-02 -2.3433597e-02 -1.6460460e-02 -9.7403668e-03 -3.4562606e-03 2.2485828e-03 7.3222436e-03 1.1700959e-02 1.5237363e-02
