visualization/geoclaw_output/chile2010/eta_0003.asc
ncols     360
nrows     360
xllcorner -1.199166666650000e+02
yllcorner -5.991666666500000e+01
cellsize  1.666666700000000e-01
nodata_value       -9999
[rows 88 to 109 of 360, columns 300 to 349 of 360]
4.3002869e+03 4.3750366e+03 4.6035186e+03 4.7745095e+03 4.9459858e+03 4.2654539e+03 2.8956981e+03 2.2129714e+03 2.0129935e+03 1.9045097e+03 1.6197766e+03 1.2105134e+03 9.0598660e+02 6.2198775e+02 4.7349949e+02 4.6149470e+02 3.2049553e+02 2.1025073e+02 2.1649949e+02 2.3074627e+02 2.3849732e+02 2.2349917e+02 2.1949770e+02 2.0374780e+02 1.5849930e+02 1.3650000e+02 1.3650000e+02 1.3675003e+02 1.3625010e+02 1.3374997e+02 1.3474984e+02 1.3799994e+02 1.3850000e+02 1.4100019e+02 1.5200013e+02 1.5600000e+02 1.6049962e+02 1.6924920e+02 1.6950019e+02 1.8175067e+02 2.0124882e+02 2.2549834e+02 2.2699962e+02 2.0774907e+02 1.9949911e+02 2.1424850e+02 2.3924818e+02 2.2474990e+02 2.1749898e+02 2.3174856e+02
4.0579940e+03 4.0542544e+03 4.3727609e+03 4.6725036e+03 5.0200048e+03 4.8629695e+03 3.7709394e+03 2.6814684e+03 2.1112439e+03 1.7712574e+03 1.3200118e+03 1.0430081e+03 8.8276656e+02 7.1175081e+02 5.7773705e+02 4.8900181e+02 3.7649729e+02 3.0823660e+02 3.5573253e+02 3.7923460e+02 3.3848980e+02 2.7049477e+02 2.7149561e+02 2.4699664e+02 1.7299884e+02 1.3874971e+02 1.3799981e+02 1.3699994e+02 1.3574997e+02 1.3599974e+02 1.3999948e+02 1.4324939e+02 1.4449923e+02 1.4899877e+02 1.5974887e+02 1.6574874e+02 1.6649961e+02 1.7250039e+02 1.8174822e+02 1.9174803e+02 2.0675048e+02 2.3924990e+02 2.4674784e+02 2.2174913e+02 2.1549884e+02 2.3199923e+02 2.5000045e+02 2.3924822e+02 2.2899955e+02 2.3450110e+02
3.9945144e+03 3.9722563e+03 4.1387695e+03 4.4470259e+03 4.7377820e+03 4.5415729e+03 3.7190681e+03 2.7372747e+03 2.0945084e+03 1.5902662e+03 1.1172645e+03 9.4775428e+02 7.9624455e+02 6.9425147e+02 7.2124435e+02 7.4271502e+02 5.3073259e+02 3.7950425e+02 4.6425350e+02 6.1423488e+02 6.3547152e+02 4.6298014e+02 3.7174134e+02 3.0224618e+02 1.8949902e+02 1.3975016e+02 1.3800020e+02 1.3600020e+02 1.3500013e+02 1.3874990e+02 1.4774951e+02 1.5374925e+02 1.5649922e+02 1.6624899e+02 1.8124833e+02 1.8799837e+02 1.7774892e+02 1.7274958e+02 1.8600124e+02 1.9350176e+02 1.9850059e+02 2.3625049e+02 2.6150026e+02 2.4774748e+02 2.3849817e+02 2.4324931e+02 2.6024820e+02 2.5100026e+02 2.3075023e+02 2.3674860e+02
3.8807505e+03 3.8822555e+03 3.9682528e+03 4.1162675e+03 4.2512820e+03 4.0257444e+03 3.3522296e+03 2.5230034e+03 2.0834930e+03 1.7489627e+03 1.2149724e+03 8.6225697e+02 7.9575558e+02 8.1023318e+02 7.5450132e+02 8.8901606e+02 8.3097793e+02 6.6345817e+02 6.9221633e+02 8.0174052e+02 8.8399597e+02 7.8472756e+02 5.7023252e+02 3.6999491e+02 2.1324785e+02 1.4024977e+02 1.3525017e+02 1.3375010e+02 1.3300013e+02 1.3950000e+02 1.5324977e+02 1.6099980e+02 1.6250000e+02 1.7225023e+02 1.9050046e+02 1.9800033e+02 1.8624997e+02 1.7575003e+02 1.7575010e+02 1.7900013e+02 1.9449993e+02 2.3649947e+02 2.7624779e+02 3.0149544e+02 2.8749537e+02 2.6424792e+02 2.7899934e+02 2.6974726e+02 2.5049716e+02 2.5349921e+02
3.9097456e+03 3.8342508e+03 3.8872580e+03 3.9657524e+03 3.9930022e+03 3.9782620e+03 3.6647288e+03 2.7524659e+03 2.2954787e+03 2.1877291e+03 1.6482200e+03 9.9322543e+02 6.8075973e+02 9.4499900e+02 8.2248957e+02 7.1275732e+02 9.7550301e+02 1.1194814e+03 1.3379477e+03 1.4389244e+03 1.4214322e+03 1.1827195e+03 8.0923573e+02 5.0498710e+02 2.4324816e+02 1.4799920e+02 1.3874936e+02 1.3624957e+02 1.3524957e+02 1.4249960e+02 1.5624983e+02 1.6274997e+02 1.6374983e+02 1.7050000e+02 1.8300053e+02 1.9025070e+02 1.8275050e+02 1.7500007e+02 1.7649980e+02 1.7700013e+02 1.8750100e+02 2.1800301e+02 2.6575364e+02 3.1175324e+02 3.2474970e+02 3.1249566e+02 3.0649699e+02 3.1774636e+02 3.2124342e+02 3.0449398e+02
3.8977561e+03 3.8459976e+03 3.8275000e+03 3.8867583e+03 3.8985105e+03 3.9962354e+03 3.9129878e+03 3.3776999e+03 3.0364213e+03 2.5334744e+03 1.9689870e+03 1.3409778e+03 9.3320602e+02 1.0737336e+03 1.1074720e+03 1.0446977e+03 8.9325808e+02 1.0712754e+03 1.6642588e+03 2.0274969e+03 1.9812429e+03 1.4572437e+03 8.7700527e+02 5.4275794e+02 2.4625145e+02 1.5699959e+02 1.4774943e+02 1.4349946e+02 1.4174956e+02 1.4749973e+02 1.6749865e+02 1.7199878e+02 1.6624983e+02 1.7224976e+02 1.8124970e+02 1.8649980e+02 1.7650034e+02 1.7175037e+02 1.8999838e+02 1.8849831e+02 1.7750034e+02 1.9624990e+02 2.4499912e+02 2.9374915e+02 3.5699594e+02 3.7799554e+02 3.3574909e+02 3.3750101e+02 3.6800034e+02 3.7724625e+02
3.8709975e+03 3.8704991e+03 3.8277500e+03 3.8267498e+03 3.8242495e+03 3.9922653e+03 3.9922515e+03 3.8599847e+03 3.8704655e+03 3.1886863e+03 2.3139660e+03 1.8094584e+03 1.3914818e+03 1.2209964e+03 1.4527311e+03 1.3202652e+03 1.0082261e+03 1.0899718e+03 1.2957915e+03 1.4308347e+03 1.3558427e+03 1.0873069e+03 6.9077013e+02 4.4100588e+02 2.4149918e+02 1.6399945e+02 1.5599945e+02 1.5224935e+02 1.4749966e+02 1.5074983e+02 1.6950109e+02 1.7175126e+02 1.6750000e+02 1.7375003e+02 1.8100034e+02 1.8500041e+02 1.7200027e+02 1.6450062e+02 1.8300260e+02 1.8500219e+02 1.8774826e+02 2.1949692e+02 2.4975024e+02 2.9075126e+02 3.8575017e+02 4.3249706e+02 3.9049344e+02 3.6374539e+02 3.7024935e+02 3.8550267e+02
3.9279946e+03 3.9062460e+03 3.8275001e+03 3.8245005e+03 3.8332493e+03 3.8605028e+03 3.9032608e+03 3.9372548e+03 4.2012391e+03 4.2594164e+03 3.4421284e+03 2.5929338e+03 1.9259445e+03 1.4994651e+03 1.4405208e+03 1.1915024e+03 1.3382285e+03 1.3122478e+03 9.8275128e+02 8.9723808e+02 8.2822916e+02 8.0298175e+02 6.0824105e+02 3.9999972e+02 2.6424768e+02 1.9799585e+02 1.8174699e+02 1.6549882e+02 1.5599917e+02 1.6074879e+02 1.6474955e+02 1.6349986e+02 1.6700007e+02 1.7000048e+02 1.7450055e+02 1.7975031e+02 1.7749896e+02 1.7524789e+02 1.7649827e+02 1.7924858e+02 1.9900021e+02 2.4249993e+02 2.8924430e+02 3.4174167e+02 3.9924796e+02 4.4025190e+02 4.4174955e+02 4.1174803e+02 3.7774962e+02 3.6225052e+02
3.9492525e+03 3.9045043e+03 3.8267500e+03 3.8142509e+03 3.8240020e+03 3.8772449e+03 3.8864914e+03 3.9102489e+03 4.1475185e+03 4.5917881e+03 4.3869909e+03 3.4656950e+03 2.5367208e+03 1.8674839e+03 1.7159405e+03 1.4472118e+03 1.5217461e+03 1.3947407e+03 9.3475542e+02 9.8050042e+02 9.8949853e+02 9.7024507e+02 7.4623976e+02 4.6999050e+02 3.5124018e+02 2.8649182e+02 2.2424710e+02 1.7824941e+02 1.6849909e+02 1.7349944e+02 1.7049965e+02 1.6649972e+02 1.6824976e+02 1.6974955e+02 1.7124990e+02 1.7849986e+02 1.8624983e+02 1.9224976e+02 1.9674892e+02 2.0024850e+02 2.0624878e+02 2.4524969e+02 3.3874885e+02 4.6399133e+02 4.9048931e+02 4.6449469e+02 4.9499301e+02 4.6299483e+02 3.8099993e+02 3.6424920e+02
4.0897276e+03 3.9847343e+03 3.9449833e+03 3.9382315e+03 4.0072221e+03 3.9994879e+03 3.8827592e+03 3.8760059e+03 3.9417604e+03 4.1795197e+03 4.4437512e+03 4.2284479e+03 3.2531783e+03 2.3654459e+03 2.2489849e+03 1.6975033e+03 1.5609984e+03 1.6809690e+03 1.3709329e+03 1.4281863e+03 1.4041929e+03 1.1929735e+03 9.0898735e+02 6.7323089e+02 4.8624085e+02 3.6749682e+02 2.4225039e+02 1.8574954e+02 1.8024926e+02 1.7974968e+02 1.7549965e+02 1.6949986e+02 1.7399943e+02 1.8349852e+02 1.7799915e+02 1.8074982e+02 1.9099951e+02 1.9474989e+02 2.0300021e+02 2.1050007e+02 2.1350021e+02 2.2900261e+02 2.8375894e+02 4.2901371e+02 4.9601003e+02 4.7100445e+02 5.4125053e+02 5.1624770e+02 3.9699781e+02 3.8074848e+02
4.2792455e+03 4.1972355e+03 4.1284907e+03 4.1762347e+03 4.1552571e+03 3.9537687e+03 3.8194997e+03 3.8694949e+03 3.9074944e+03 3.9792587e+03 4.1985339e+03 4.4140262e+03 4.1341966e+03 3.2076843e+03 2.4644845e+03 1.8824703e+03 1.8467108e+03 2.1299672e+03 2.2124476e+03 2.5806498e+03 2.3679201e+03 1.5997187e+03 1.1209825e+03 9.0273654e+02 6.6823325e+02 4.3349379e+02 2.6824589e+02 1.9599900e+02 1.8799964e+02 1.8549950e+02 1.7999971e+02 1.7124989e+02 1.7625025e+02 1.9724954e+02 1.8874932e+02 1.8299986e+02 1.9574982e+02 1.9724975e+02 2.0399964e+02 2.1124982e+02 2.1499957e+02 2.1699907e+02 2.2149986e+02 2.8000743e+02 3.3726253e+02 3.7000993e+02 4.7225932e+02 5.1250286e+02 4.2774782e+02 3.9299979e+02
4.5994583e+03 4.3577414e+03 4.1692535e+03 4.2475052e+03 4.0507579e+03 3.8012531e+03 3.8934896e+03 4.0732257e+03 4.0359871e+03 3.9347477e+03 3.9577505e+03 3.8970481e+03 4.0725629e+03 3.7399895e+03 2.7614728e+03 2.1834866e+03 2.3134723e+03 2.4599855e+03 2.4420198e+03 3.2207589e+03 3.2014604e+03 2.3296763e+03 1.6714382e+03 1.1317305e+03 8.1399589e+02 4.6050238e+02 2.6950397e+02 2.1624809e+02 1.9999863e+02 1.9449921e+02 1.8299986e+02 1.7125011e+02 1.7425004e+02 1.9475083e+02 1.9100036e+02 1.8924924e+02 2.0449892e+02 2.0274946e+02 2.0824975e+02 2.1474968e+02 2.1924982e+02 2.2350000e+02 2.2374982e+02 2.2700014e+02 2.3825162e+02 3.1849740e+02 4.4299480e+02 4.6925336e+02 4.0650527e+02 3.9574982e+02
4.6452855e+03 4.3680071e+03 4.2917286e+03 4.2159993e+03 3.9532562e+03 3.7902485e+03 3.8437678e+03 4.0122835e+03 4.0945045e+03 4.0484858e+03 3.9824958e+03 3.7127282e+03 3.5790085e+03 3.3908115e+03 3.2682036e+03 3.1963658e+03 2.8274530e+03 2.5852464e+03 2.3050000e+03 3.0107716e+03 3.6647224e+03 2.9989769e+03 2.2847230e+03 1.8891591e+03 1.3859207e+03 7.2945834e+02 3.4223537e+02 2.4874719e+02 2.2249810e+02 2.0849876e+02 1.9074902e+02 1.7274967e+02 1.7774945e+02 1.8825011e+02 1.8825004e+02 1.9799949e+02 2.1624938e+02 2.1149927e+02 2.0825026e+02 2.1425040e+02 2.2249971e+02 2.2624960e+02 2.2524996e+02 2.2550007e+02 2.2700000e+02 2.8500751e+02 4.0526076e+02 4.0750562e+02 3.5150270e+02 3.8700146e+02
4.4919867e+03 4.3492455e+03 4.3455137e+03 4.2482459e+03 3.9512440e+03 3.8369946e+03 3.7712427e+03 3.7979978e+03 4.0849968e+03 4.2182393e+03 4.0642421e+03 3.9722337e+03 3.5312485e+03 2.8995102e+03 3.5567544e+03 4.4027078e+03 3.8259003e+03 2.8219687e+03 2.6474495e+03 3.1659552e+03 3.7710122e+03 3.6544267e+03 3.0864091e+03 2.5889886e+03 1.8830069e+03 1.2259689e+03 6.2272342e+02 3.1724274e+02 2.6149617e+02 2.5124495e+02 2.2599580e+02 1.8399867e+02 1.7900037e+02 1.9174937e+02 1.9299926e+02 2.0224989e+02 2.2349956e+02 2.3924665e+02 2.3249617e+02 2.2074864e+02 2.2849941e+02 2.2875004e+02 2.2649985e+02 2.3174900e+02 2.3499882e+02 2.3674952e+02 2.8600671e+02 3.1500796e+02 3.1075328e+02 3.3900560e+02
4.5722515e+03 4.4679868e+03 4.3004928e+03 4.2672513e+03 4.0719881e+03 3.9042454e+03 3.8337480e+03 3.8237484e+03 4.0152636e+03 4.2257596e+03 4.1659928e+03 4.0837498e+03 3.8829491e+03 3.4831527e+03 3.6372336e+03 4.3360526e+03 4.3507726e+03 3.4604365e+03 3.2237152e+03 3.0618108e+03 3.4195400e+03 4.1659978e+03 3.9059698e+03 3.1196824e+03 2.2671858e+03 1.9251773e+03 1.4329061e+03 8.7317450e+02 5.5396029e+02 3.4549106e+02 2.8074609e+02 2.2749486e+02 2.0774534e+02 2.0374885e+02 2.0724862e+02 2.1749784e+02 2.3699844e+02 2.6324981e+02 2.6299933e+02 2.4699747e+02 2.4699784e+02 2.4024825e+02 2.2974966e+02 2.3500052e+02 2.4649948e+02 2.4999851e+02 2.5199829e+02 2.6524937e+02 2.7775160e+02 2.7275421e+02
4.6224910e+03 4.5742473e+03 4.3265033e+03 4.3134917e+03 4.2699822e+03 4.0387344e+03 3.9212388e+03 3.8407491e+03 3.8742575e+03 4.0342691e+03 4.1215140e+03 4.0092614e+03 4.0062829e+03 4.0142684e+03 3.8932281e+03 4.0147452e+03 4.1950006e+03 3.8884998e+03 3.3222704e+03 2.8879648e+03 3.4232090e+03 3.9160398e+03 3.6285723e+03 3.5252573e+03 3.2306698e+03 3.1716359e+03 2.7606450e+03 1.7269478e+03 1.1571993e+03 8.6968011e+02 6.0920450e+02 5.4970668e+02 4.5821699e+02 3.0873536e+02 2.7549112e+02 2.5574642e+02 2.6724703e+02 2.7574831e+02 2.7974816e+02 2.7749797e+02 2.7599782e+02 2.6799759e+02 2.4774763e+02 2.3799902e+02 2.5024996e+02 2.6174974e+02 2.6374996e+02 2.6800023e+02 2.6700000e+02 2.5549834e+02
4.5452709e+03 4.8204652e+03 4.4287311e+03 4.2130236e+03 4.1960292e+03 4.0665116e+03 3.9832519e+03 3.9002419e+03 3.8387478e+03 3.8315116e+03 3.8837720e+03 3.8362648e+03 3.7635037e+03 3.8085127e+03 3.9345159e+03 4.0102555e+03 4.1457569e+03 4.0629737e+03 3.5816900e+03 3.3154706e+03 3.4377892e+03 3.2483113e+03 2.9550294e+03 3.3022766e+03 3.4520474e+03 3.5828028e+03 3.5669835e+03 2.7721438e+03 2.3508697e+03 1.8246754e+03 1.3156885e+03 1.1457031e+03 8.8821795e+02 7.3070061e+02 5.7521339e+02 4.7422038e+02 3.4924053e+02 3.2674395e+02 3.3899285e+02 3.2674456e+02 3.1424639e+02 3.0324707e+02 2.7374844e+02 2.4574981e+02 2.5399947e+02 2.6849924e+02 2.6849932e+02 2.6949954e+02 2.6924966e+02 2.7749833e+02
4.1430407e+03 4.7208004e+03 4.3722778e+03 4.0717478e+03 4.0737393e+03 4.1032327e+03 4.0284912e+03 4.0037423e+03 3.9059919e+03 3.8054923e+03 3.8132386e+03 3.7974910e+03 3.7587470e+03 3.7277496e+03 3.7785079e+03 3.8672664e+03 3.9410245e+03 4.0417798e+03 4.0369907e+03 3.8451983e+03 3.5599416e+03 3.1019605e+03 2.8944796e+03 3.0810071e+03 3.0645117e+03 3.3532319e+03 3.7022459e+03 3.3047755e+03 3.1945021e+03 2.9581513e+03 2.6226113e+03 2.0816536e+03 1.4716927e+03 1.3322075e+03 1.0344664e+03 8.3922384e+02 6.5846205e+02 5.2397580e+02 4.4549086e+02 4.0599332e+02 3.7149485e+02 3.4924589e+02 3.0674650e+02 2.6249762e+02 2.6349908e+02 2.7774935e+02 2.7949900e+02 2.7949892e+02 2.7774904e+02 2.9149954e+02
3.6077919e+03 4.2412735e+03 4.3024828e+03 4.2929679e+03 4.2847281e+03 4.3614774e+03 4.1634880e+03 4.0707474e+03 3.9812465e+03 3.8817459e+03 3.9074969e+03 3.9594839e+03 3.8604873e+03 3.7349993e+03 3.7242504e+03 3.8242401e+03 3.8359915e+03 3.7995074e+03 4.0062642e+03 4.1447557e+03 3.9022559e+03 3.2832618e+03 2.9387637e+03 2.9652607e+03 3.0224947e+03 3.3852633e+03 3.5080343e+03 2.9552785e+03 2.8433024e+03 2.9503510e+03 2.9835841e+03 2.6782549e+03 2.1554517e+03 1.9911907e+03 1.6019458e+03 1.2439636e+03 9.7823871e+02 9.0396547e+02 7.7620791e+02 5.1324011e+02 4.3474538e+02 3.9574694e+02 3.3374934e+02 2.8999814e+02 2.8724725e+02 2.9024872e+02 2.9224903e+02 2.9299899e+02 2.8699953e+02 2.9400008e+02
3.0795404e+03 3.9860163e+03 4.2297788e+03 4.4402594e+03 4.5242346e+03 4.6067344e+03 4.3754789e+03 4.1029976e+03 4.0602411e+03 4.0187326e+03 4.0154862e+03 4.0522517e+03 3.9589974e+03 3.8094890e+03 3.7234997e+03 3.7965143e+03 3.8125122e+03 3.7524998e+03 3.9644922e+03 4.1577422e+03 3.9274901e+03 3.4269656e+03 3.1407045e+03 3.0774716e+03 2.8640302e+03 2.9258086e+03 3.0290404e+03 2.5977772e+03 2.3177794e+03 2.1772692e+03 2.2297832e+03 2.2123181e+03 2.0905589e+03 2.1227893e+03 1.8795112e+03 1.5849833e+03 1.3159585e+03 1.3254688e+03 1.0834944e+03 6.2524244e+02 5.1649185e+02 4.3074761e+02 3.3650024e+02 2.9950039e+02 3.0125059e+02 3.0149953e+02 3.0049969e+02 2.9950000e+02 2.9174973e+02 2.8950063e+02
2.5815380e+03 3.6370388e+03 3.9905088e+03 4.4289923e+03 4.6982380e+03 4.6582576e+03 4.4122655e+03 4.1384968e+03 4.1487450e+03 4.3522147e+03 4.1787381e+03 3.9505144e+03 3.9595025e+03 3.9769846e+03 3.8242344e+03 3.6980011e+03 3.7112537e+03 3.7215051e+03 3.9885040e+03 4.2437443e+03 3.9850009e+03 3.7369857e+03 3.6872094e+03 3.4182248e+03 2.9264596e+03 2.6609827e+03 2.6062761e+03 2.4969884e+03 2.3104714e+03 2.1552341e+03 2.0002528e+03 1.7942473e+03 1.7557435e+03 1.8545028e+03 1.8544926e+03 1.6917500e+03 1.5924982e+03 1.4945047e+03 1.0407625e+03 6.5525289e+02 5.8299770e+02 4.5399873e+02 3.3549992e+02 2.9949960e+02 3.0199929e+02 3.0649968e+02 3.0424972e+02 3.0124972e+02 2.9549968e+02 2.8799960e+02
1.9858069e+03 3.0583034e+03 3.9804927e+03 4.4715010e+03 4.6145255e+03 4.6204983e+03 4.4732246e+03 4.1762472e+03 4.0012787e+03 4.1968105e+03 4.0235368e+03 3.8445024e+03 3.8925082e+03 3.9517696e+03 3.8525113e+03 3.6910000e+03 3.6852504e+03 3.6840009e+03 3.9370042e+03 4.2400064e+03 3.9854990e+03 3.7380143e+03 3.7762767e+03 3.4662678e+03 3.0142767e+03 2.5862794e+03 2.3677618e+03 2.6807323e+03 2.6399762e+03 2.3539843e+03 2.2512070e+03 2.0587104e+03 1.7797528e+03 1.8427491e+03 1.9487424e+03 1.7747368e+03 1.6954854e+03 1.4447532e+03 1.0577347e+03 7.5323142e+02 5.9774996e+02 4.5675084e+02 3.3699984e+02 3.0499952e+02 3.0949952e+02 3.1124956e+02 3.0899952e+02 3.0499968e+02 3.0049952e+02 2.9299960e+02
