visualization/geoclaw_output/chile2010/eta_0006.asc
ncols     360
nrows     360
xllcorner -1.199166666650000e+02
yllcorner -5.991666666500000e+01
cellsize  1.666666700000000e-01
nodata_value       -9999
[rows 66 to 87 of 360, columns 300 to 349 of 360]
3.0049919e+02 3.0524922e+02 3.0349943e+02 2.9399943e+02 2.9274941e+02 2.9849972e+02 2.8999953e+02 2.8499796e+02 2.9374850e+02 2.5724931e+02 2.4499767e+02 2.6699991e+02 2.2800313e+02 1.8975259e+02 1.8350057e+02 1.7974898e+02 1.8149877e+02 1.7599910e+02 1.5375012e+02 1.4275093e+02 1.4225078e+02 1.4125012e+02 1.3500005e+02 1.4424979e+02 1.7824945e+02 1.7599962e+02 1.7549929e+02 1.7850024e+02 1.6375154e+02 2.0275330e+02 2.4650442e+02 2.3075164e+02 1.9950000e+02 1.9300066e+02 1.8175036e+02 1.8199938e+02 2.3525278e+02 4.5877058e+02 4.8626916e+02 3.7025240e+02 3.5800081e+02 3.0525012e+02 3.1174979e+02 3.0124931e+02 2.6925140e+02 2.2950223e+02 2.1124893e+02 2.0949886e+02 2.0699924e+02 2.5849929e+02
2.8375243e+02 2.7850338e+02 2.7975287e+02 2.7175272e+02 2.5675407e+02 2.4950501e+02 2.4200511e+02 2.4875557e+02 2.6750405e+02 2.4825157e+02 2.3450338e+02 2.2900376e+02 1.8800068e+02 1.6649961e+02 1.8124964e+02 1.9424964e+02 1.8975046e+02 1.7425108e+02 1.5000024e+02 1.4249908e+02 1.4349908e+02 1.4099990e+02 1.3599986e+02 1.5024964e+02 1.8674973e+02 1.8474954e+02 1.8449986e+02 1.6750082e+02 1.4974978e+02 1.7699913e+02 2.0074993e+02 2.1225012e+02 1.8875104e+02 1.7800077e+02 1.8549928e+02 1.9499937e+02 2.1974867e+02 2.6099817e+02 3.0524800e+02 3.3375108e+02 3.2200265e+02 3.0175022e+02 3.0900048e+02 3.0150068e+02 2.7474805e+02 2.3374732e+02 2.1525070e+02 2.1075104e+02 2.0550092e+02 2.2925354e+02
2.7824807e+02 2.7074733e+02 2.6549848e+02 2.3800054e+02 2.0725071e+02 2.0399936e+02 2.2424655e+02 2.3174601e+02 2.2649990e+02 2.1475169e+02 1.9200073e+02 1.8650034e+02 1.8724939e+02 1.7649941e+02 1.7525095e+02 1.8150162e+02 1.7425105e+02 1.6674963e+02 1.5699907e+02 1.5075012e+02 1.4600069e+02 1.4000020e+02 1.4024973e+02 1.5350005e+02 1.7725120e+02 1.8500044e+02 1.8824978e+02 1.6624929e+02 1.4825037e+02 1.6400215e+02 1.8300181e+02 1.8900215e+02 1.7200059e+02 1.8224880e+02 1.9324998e+02 1.9400073e+02 2.1625169e+02 2.6150181e+02 3.1075149e+02 3.1175105e+02 3.0149931e+02 2.8025188e+02 2.7650269e+02 2.8050137e+02 2.8150132e+02 2.5550059e+02 2.0450034e+02 2.0024998e+02 1.9824978e+02 2.0699858e+02
2.9899990e+02 2.9300050e+02 2.7000109e+02 2.3250000e+02 2.2174784e+02 2.4699637e+02 2.7824814e+02 2.7899935e+02 2.3274948e+02 1.9425032e+02 1.8699975e+02 1.9074923e+02 1.8925042e+02 1.8250000e+02 1.7299925e+02 1.6699980e+02 1.7474888e+02 1.8024903e+02 1.6824983e+02 1.5574938e+02 1.4949896e+02 1.4574923e+02 1.4349995e+02 1.5150015e+02 1.7324918e+02 1.8374968e+02 1.8800025e+02 1.8999836e+02 1.5624883e+02 1.3700050e+02 1.5700075e+02 1.6300040e+02 1.7349925e+02 1.9724973e+02 1.9674968e+02 2.0749791e+02 2.1549836e+02 2.2725157e+02 2.8975057e+02 2.9600050e+02 2.7325350e+02 2.4125196e+02 2.2150273e+02 2.3075355e+02 2.5750104e+02 2.6974799e+02 2.2874724e+02 2.0724933e+02 2.0174988e+02 2.1325082e+02
2.8700131e+02 2.8375043e+02 2.7299859e+02 2.6649657e+02 2.7224710e+02 2.9124922e+02 2.9999970e+02 2.6675189e+02 2.1375245e+02 1.9100000e+02 1.9274967e+02 1.9200066e+02 1.8649985e+02 1.9124912e+02 1.8724932e+02 1.7999889e+02 1.9124947e+02 1.9074992e+02 1.7074992e+02 1.6274992e+02 1.6099990e+02 1.5599975e+02 1.4574982e+02 1.5149985e+02 1.8274987e+02 1.8375033e+02 1.8425013e+02 2.0275038e+02 1.6800000e+02 1.3249995e+02 1.4450050e+02 1.6374952e+02 1.8299980e+02 1.9750025e+02 1.8425159e+02 1.9775310e+02 2.1200202e+02 2.0475068e+02 2.4425401e+02 2.4450469e+02 2.1800202e+02 2.0700146e+02 1.8850055e+02 1.9300020e+02 2.1625310e+02 2.5625340e+02 2.8849677e+02 2.7374397e+02 2.5224503e+02 2.4349612e+02
2.5800164e+02 2.5875212e+02 2.6600215e+02 2.7400271e+02 2.6925325e+02 2.5975402e+02 2.5350506e+02 2.2450240e+02 1.9449949e+02 1.9574951e+02 1.9325028e+02 1.8275028e+02 1.8924987e+02 1.9375064e+02 1.9025038e+02 1.9449964e+02 1.9749990e+02 1.9449969e+02 1.7474967e+02 1.6724962e+02 1.7174900e+02 1.7024880e+02 1.6374834e+02 1.6649862e+02 1.8125028e+02 1.7175090e+02 1.7275105e+02 1.8575136e+02 1.6175064e+02 1.3175013e+02 1.3075090e+02 1.5400148e+02 1.7025151e+02 1.6800276e+02 1.5725115e+02 1.6000072e+02 1.6450281e+02 1.7800205e+02 1.9425105e+02 1.9500031e+02 2.0649913e+02 1.9474977e+02 1.7800051e+02 2.1424762e+02 2.0824767e+02 2.4574762e+02 3.6699524e+02 3.7649560e+02 3.4324573e+02 3.2449565e+02
2.4075013e+02 2.3225060e+02 2.3000156e+02 2.2875195e+02 2.2650114e+02 2.1800026e+02 2.0599979e+02 2.0174992e+02 1.9999995e+02 1.9725034e+02 1.9000005e+02 1.8749922e+02 1.9374966e+02 1.8949979e+02 1.8949969e+02 1.9775003e+02 1.9874997e+02 1.9924982e+02 1.8124966e+02 1.7874920e+02 1.9074904e+02 1.8774940e+02 1.8849912e+02 1.8649933e+02 1.7100078e+02 1.5125122e+02 1.4775153e+02 1.5425189e+02 1.4525106e+02 1.3174987e+02 1.3349881e+02 1.4174977e+02 1.4950062e+02 1.4424966e+02 1.5249933e+02 1.6674857e+02 1.7099647e+02 1.8424728e+02 2.0449787e+02 1.9799938e+02 1.8450317e+02 1.7775200e+02 1.7200010e+02 2.1125272e+02 2.1250192e+02 2.8499834e+02 4.1824951e+02 4.2424951e+02 3.9749870e+02 3.7474920e+02
2.4074987e+02 2.2500016e+02 2.1300021e+02 2.0675034e+02 2.0825076e+02 2.0975061e+02 2.0725008e+02 2.0225003e+02 1.9975008e+02 1.9624976e+02 1.9424950e+02 1.9849963e+02 1.9774992e+02 1.9349979e+02 1.9599963e+02 1.9949979e+02 1.9999989e+02 2.0050005e+02 1.8325013e+02 1.8500016e+02 2.0000000e+02 1.9624971e+02 1.9949974e+02 1.8600074e+02 1.6325003e+02 1.5399847e+02 1.4174908e+02 1.3475013e+02 1.3175034e+02 1.3150016e+02 1.4200032e+02 1.5049932e+02 1.4574976e+02 1.7999658e+02 1.9749595e+02 1.7975008e+02 1.9800074e+02 1.9250189e+02 1.9425324e+02 1.8000253e+02 1.4700074e+02 1.5450042e+02 1.6675045e+02 1.8100042e+02 1.9000042e+02 2.4775561e+02 3.2900989e+02 3.3500989e+02 3.2400905e+02 3.5825255e+02
2.4050016e+02 2.2674965e+02 2.1249984e+02 2.0250011e+02 1.9925019e+02 1.9975045e+02 1.9925077e+02 1.9475077e+02 1.9475045e+02 1.9999984e+02 2.0224965e+02 2.0100011e+02 1.9800005e+02 1.9849968e+02 2.0124981e+02 2.0125003e+02 1.9875024e+02 1.9875013e+02 1.8674949e+02 1.8974933e+02 2.0199979e+02 1.9875003e+02 2.0150005e+02 1.8199968e+02 1.6000032e+02 1.5375157e+02 1.4100101e+02 1.3275008e+02 1.2874997e+02 1.2800021e+02 1.3650027e+02 1.4825093e+02 1.4325051e+02 1.7075446e+02 1.8025595e+02 1.5350272e+02 1.5800352e+02 1.4875275e+02 1.4575189e+02 1.4625104e+02 1.4000000e+02 1.5025003e+02 1.5925035e+02 1.7799989e+02 2.2024634e+02 2.3199600e+02 2.2550101e+02 2.1975227e+02 2.1675227e+02 3.1025253e+02
2.3974992e+02 2.2575046e+02 2.1200022e+02 2.0574954e+02 2.0224949e+02 2.0199930e+02 2.0049908e+02 1.9449924e+02 1.9624938e+02 2.0724938e+02 2.1149935e+02 2.0299968e+02 1.9874986e+02 2.0075008e+02 2.0150016e+02 2.0050005e+02 1.9849978e+02 1.9675008e+02 1.9424970e+02 1.9999957e+02 2.0325008e+02 1.9924992e+02 2.0050005e+02 1.8425008e+02 1.5300043e+02 1.3825008e+02 1.3424970e+02 1.3249995e+02 1.2974992e+02 1.2400022e+02 1.2700076e+02 1.3600038e+02 1.3825003e+02 1.2924997e+02 1.3024938e+02 1.3499924e+02 1.4099827e+02 1.5274678e+02 1.4899773e+02 1.3999962e+02 1.3925008e+02 1.4500054e+02 1.5050060e+02 1.7500043e+02 2.2800287e+02 2.3025425e+02 1.9650211e+02 1.8850108e+02 1.8775084e+02 2.3975506e+02
2.8224542e+02 2.6824487e+02 2.3974674e+02 2.2324855e+02 2.2224833e+02 2.3499709e+02 2.2149863e+02 2.0549956e+02 2.0749940e+02 2.1574970e+02 2.1700005e+02 2.0325030e+02 2.0024997e+02 2.0000000e+02 2.0000000e+02 2.0000000e+02 2.0025003e+02 1.9125052e+02 1.9400033e+02 2.0499989e+02 2.0200005e+02 2.0000000e+02 2.0000000e+02 1.8350000e+02 1.4999989e+02 1.3874986e+02 1.3625008e+02 1.2975036e+02 1.2900016e+02 1.2399978e+02 1.2374959e+02 1.3474975e+02 1.3675014e+02 1.3099984e+02 1.4149940e+02 1.4699945e+02 1.6374926e+02 1.9199896e+02 1.8824800e+02 1.7299676e+02 1.5924772e+02 1.4599934e+02 1.5874849e+02 1.9649720e+02 2.3174668e+02 2.1299759e+02 1.7724997e+02 1.7125080e+02 1.7600044e+02 1.9100022e+02
3.6499544e+02 3.3724753e+02 3.1199527e+02 2.9874308e+02 3.3123958e+02 3.5124002e+02 2.7049594e+02 2.2099872e+02 2.3374769e+02 2.2399939e+02 2.0925081e+02 2.0000006e+02 2.0025003e+02 2.0000000e+02 2.0000000e+02 2.0000000e+02 1.9950006e+02 1.8600006e+02 1.8950017e+02 2.0375025e+02 2.0075008e+02 2.0000000e+02 2.0000000e+02 1.8175019e+02 1.5124997e+02 1.4174981e+02 1.3300028e+02 1.2475019e+02 1.2774997e+02 1.2649994e+02 1.2625014e+02 1.3000078e+02 1.3175042e+02 1.3150011e+02 1.3700111e+02 1.4450083e+02 1.6075108e+02 1.8675164e+02 1.9825092e+02 1.9625069e+02 1.7900011e+02 1.5999911e+02 1.7025025e+02 1.9575292e+02 2.1400534e+02 2.0350350e+02 1.7575019e+02 1.6275014e+02 1.7200000e+02 1.8900000e+02
4.4874518e+02 4.1849335e+02 4.1249347e+02 4.1799358e+02 4.6049600e+02 4.5474845e+02 3.5099504e+02 2.8399420e+02 2.7949718e+02 2.4699803e+02 2.1149893e+02 2.0099983e+02 2.0000000e+02 2.0000000e+02 2.0000000e+02 2.0000000e+02 1.9400056e+02 1.8699983e+02 1.9324941e+02 2.0025014e+02 2.0000000e+02 2.0000000e+02 2.0000000e+02 1.8174980e+02 1.5025014e+02 1.3825059e+02 1.3324969e+02 1.2874935e+02 1.2949983e+02 1.2799989e+02 1.2599989e+02 1.2424986e+02 1.2725008e+02 1.2875020e+02 1.2625008e+02 1.3275048e+02 1.4150107e+02 1.5725166e+02 1.8025110e+02 1.8150096e+02 1.6175183e+02 1.5100192e+02 1.6525031e+02 1.7649921e+02 1.6974958e+02 1.7050017e+02 1.7325008e+02 1.6524958e+02 1.7125008e+02 1.8525042e+02
6.4273273e+02 5.0024740e+02 4.8074883e+02 4.8674866e+02 4.9749983e+02 4.7174963e+02 4.0674866e+02 3.5849737e+02 3.3099697e+02 2.9499652e+02 2.4549720e+02 2.0924923e+02 2.0000000e+02 2.0000000e+02 2.0000000e+02 1.9700034e+02 1.8825009e+02 1.9074974e+02 1.9899994e+02 1.9949994e+02 2.0049994e+02 2.0099989e+02 2.0049994e+02 1.8424991e+02 1.5099977e+02 1.3449983e+02 1.3649994e+02 1.3549989e+02 1.3224986e+02 1.2974991e+02 1.2650006e+02 1.2475009e+02 1.2600006e+02 1.2799989e+02 1.2874963e+02 1.2974986e+02 1.3175003e+02 1.3825049e+02 1.5275203e+02 1.5350223e+02 1.3900074e+02 1.3350006e+02 1.5400097e+02 1.8924934e+02 2.0499640e+02 1.8199852e+02 1.6450091e+02 1.6949994e+02 1.7374963e+02 1.8849920e+02
1.0562197e+03 4.8325460e+02 4.6250330e+02 4.9125084e+02 5.0124974e+02 4.7624986e+02 4.3024864e+02 4.1599601e+02 4.0524448e+02 3.6749514e+02 3.0674575e+02 2.3574772e+02 2.0024997e+02 2.0000000e+02 1.9975003e+02 1.9424997e+02 1.9349931e+02 1.9874934e+02 1.9974997e+02 2.0049994e+02 2.0199988e+02 2.0299988e+02 2.0199988e+02 1.8475003e+02 1.5200012e+02 1.3550006e+02 1.3500023e+02 1.3400029e+02 1.3275009e+02 1.3000006e+02 1.2624997e+02 1.2499988e+02 1.2599994e+02 1.2800012e+02 1.2950029e+02 1.3025009e+02 1.3224991e+02 1.3375003e+02 1.3425009e+02 1.3375003e+02 1.3274997e+02 1.3300000e+02 1.3900075e+02 1.7650214e+02 2.1375263e+02 1.8800081e+02 1.6199936e+02 1.7624928e+02 1.8549902e+02 1.9624991e+02
1.2132623e+03 8.9519708e+02 7.2796556e+02 7.6346726e+02 7.1647505e+02 5.0174716e+02 4.7224646e+02 4.6924780e+02 4.9949455e+02 4.5874423e+02 3.5149906e+02 2.7024827e+02 2.1424839e+02 2.0099988e+02 1.9750023e+02 1.9325015e+02 1.9900006e+02 2.0425003e+02 2.0149982e+02 2.0174991e+02 2.0300000e+02 2.0449994e+02 2.0349994e+02 1.8524991e+02 1.5249982e+02 1.3624985e+02 1.3499977e+02 1.3274985e+02 1.3224997e+02 1.3049988e+02 1.2674997e+02 1.2575003e+02 1.2625003e+02 1.2675003e+02 1.2724997e+02 1.2974997e+02 1.3349994e+02 1.3449988e+02 1.3399994e+02 1.3350000e+02 1.3324997e+02 1.3300000e+02 1.3250000e+02 1.5625020e+02 1.8900023e+02 1.8324974e+02 2.2624312e+02 2.3799350e+02 1.9350006e+02 1.9650006e+02
1.2092380e+03 1.1497734e+03 1.0997408e+03 1.5846857e+03 1.5576755e+03 9.1970329e+02 7.5397016e+02 7.5096880e+02 7.2622862e+02 7.0297687e+02 5.4797764e+02 3.4974232e+02 2.5749650e+02 2.0549958e+02 1.9525003e+02 1.9274991e+02 1.9924991e+02 2.0350006e+02 2.0399988e+02 2.0299994e+02 2.0200012e+02 2.0400012e+02 2.0350006e+02 1.8600000e+02 1.5400000e+02 1.3700006e+02 1.3525021e+02 1.3325009e+02 1.3225003e+02 1.3000018e+02 1.2650006e+02 1.2550000e+02 1.2550006e+02 1.2674997e+02 1.2750000e+02 1.2850018e+02 1.3225021e+02 1.3450012e+02 1.3425003e+02 1.3350000e+02 1.3275009e+02 1.3275003e+02 1.3324991e+02 1.4675092e+02 1.8125068e+02 1.9799852e+02 2.4475477e+02 2.4775543e+02 1.9724950e+02 1.9550006e+02
2.3703727e+03 1.8036477e+03 1.6876887e+03 2.1025029e+03 2.1150085e+03 1.4537332e+03 1.1339846e+03 1.1872292e+03 1.0182366e+03 9.4649417e+02 8.6698432e+02 5.7723045e+02 3.4474306e+02 2.3524685e+02 1.9500000e+02 1.9799946e+02 2.0799904e+02 2.0974919e+02 2.0899952e+02 2.0524979e+02 2.0149994e+02 2.0200012e+02 2.0100024e+02 1.8375027e+02 1.5300012e+02 1.3699994e+02 1.3474985e+02 1.3374985e+02 1.3349982e+02 1.3149964e+02 1.2874967e+02 1.2774973e+02 1.2799964e+02 1.3049958e+02 1.2974973e+02 1.3174943e+02 1.3774913e+02 1.4074913e+02 1.4924817e+02 1.4874817e+02 1.4349862e+02 1.4324871e+02 1.4274895e+02 1.4624913e+02 1.6550120e+02 1.8850264e+02 1.9100162e+02 1.9500084e+02 1.9125123e+02 1.8500120e+02
3.8506989e+03 3.0359537e+03 2.3142359e+03 2.0377550e+03 1.9655095e+03 1.7719784e+03 1.5439658e+03 1.3525010e+03 1.0715071e+03 9.8350140e+02 8.6326633e+02 6.9975490e+02 5.1598620e+02 3.0874425e+02 2.1374772e+02 2.1149891e+02 2.3149811e+02 2.2674875e+02 2.1449982e+02 2.0475027e+02 2.0000024e+02 1.9800036e+02 1.9550043e+02 1.8025015e+02 1.5299988e+02 1.3849988e+02 1.3624997e+02 1.3475003e+02 1.3450006e+02 1.3425003e+02 1.3299982e+02 1.3249970e+02 1.3349970e+02 1.3549982e+02 1.3599951e+02 1.4099945e+02 1.4774967e+02 1.5099964e+02 1.5975058e+02 1.7424875e+02 1.7399769e+02 1.6124912e+02 1.5724930e+02 1.5774948e+02 1.5974948e+02 1.6999957e+02 1.8974851e+02 2.1024729e+02 2.1774553e+02 2.0374650e+02
4.3364919e+03 3.8999405e+03 3.1534110e+03 2.4334463e+03 2.0582289e+03 2.0012437e+03 1.9152389e+03 1.4199907e+03 1.0287481e+03 1.0372420e+03 8.9147999e+02 7.0124486e+02 6.9549187e+02 5.2422928e+02 2.5399735e+02 2.3549815e+02 2.5374917e+02 2.2400160e+02 2.0775102e+02 2.0050025e+02 1.9750006e+02 1.9500000e+02 1.9075015e+02 1.7675028e+02 1.5325009e+02 1.3950000e+02 1.3575009e+02 1.3474997e+02 1.3474991e+02 1.3375003e+02 1.3425003e+02 1.3500000e+02 1.3699988e+02 1.4049957e+02 1.4449945e+02 1.4774972e+02 1.5050000e+02 1.5350006e+02 1.5475003e+02 1.7575108e+02 1.8750068e+02 1.7074972e+02 1.6649957e+02 1.6874917e+02 1.7049920e+02 1.7774948e+02 1.9300111e+02 2.1250246e+02 2.3350259e+02 2.3999908e+02
4.4644922e+03 4.4937362e+03 4.1752128e+03 3.5314176e+03 3.0568969e+03 2.5906829e+03 2.1372335e+03 1.7337203e+03 1.4112043e+03 1.3732163e+03 1.2092307e+03 7.9474355e+02 6.5251358e+02 7.0399857e+02 4.8272417e+02 3.0974262e+02 2.6424953e+02 2.0600062e+02 2.0199969e+02 2.0024978e+02 1.9849981e+02 1.9774966e+02 1.9374947e+02 1.7724966e+02 1.5225003e+02 1.3850012e+02 1.3549994e+02 1.3524997e+02 1.3550000e+02 1.3424991e+02 1.3499988e+02 1.3649981e+02 1.3824997e+02 1.4424997e+02 1.5224959e+02 1.5174978e+02 1.4975009e+02 1.5300000e+02 1.5674972e+02 1.7049956e+02 1.9274866e+02 1.9149769e+02 1.8124860e+02 1.7949950e+02 1.7675003e+02 1.8599950e+02 1.9874816e+02 2.0174885e+02 2.1274997e+02 2.4700006e+02
4.5579961e+03 4.6332464e+03 4.6117326e+03 4.5209586e+03 4.3594401e+03 3.5167011e+03 2.3794861e+03 1.9804989e+03 1.8699884e+03 1.8122288e+03 1.5962208e+03 1.0809704e+03 6.7223376e+02 6.2076195e+02 5.7976391e+02 3.9449678e+02 2.7674890e+02 2.0849905e+02 2.0849950e+02 2.0175003e+02 2.0874890e+02 2.0874896e+02 1.9974978e+02 1.8324959e+02 1.5249994e+02 1.3700006e+02 1.3624997e+02 1.3624991e+02 1.3624991e+02 1.3425009e+02 1.3475016e+02 1.3775003e+02 1.3850000e+02 1.4350013e+02 1.5425016e+02 1.5474984e+02 1.5324946e+02 1.5799937e+02 1.6499924e+02 1.8049918e+02 1.9775073e+02 2.1124984e+02 2.0824801e+02 1.9199893e+02 1.8449899e+02 1.9624921e+02 2.1924927e+02 2.1749918e+02 2.1125022e+02 2.3350164e+02
