visualization/geoclaw_output/chile2010/eta_0006.asc
ncols     360
nrows     360
xllcorner -1.199166666650000e+02
yllcorner -5.991666666500000e+01
cellsize  1.666666700000000e-01
nodata_value       -9999
[rows 198 to 219 of 360, columns 100 to 149 of 360]
0.0000000e+00 0.0000000e+00 0.0000000e+00 0.0000000e+00 0.0000000e+00 0.0000000e+00 0.0000000e+00 0.0000000e+00 0.0000000e+00 0.0000000e+00 4.5474735e-12 4.6384230e-11 4.2564352e-10 3.8885446e-09 3.5407538e-08 3.1791569e-07 2.7914498e-06 2.4201407e-05 2.1251723e-04 8.9145997e-04 1.9714434e-03 3.2254296e-03 4.3643806e-03 5.1182672e-03 5.3743666e-03 5.4010985e-03 5.3740473e-03 5.2274498e-03 5.0165674e-03 4.8520833e-03 4.7897281e-03 4.7653441e-03 4.8497085e-03 5.8367100e-03 9.0949715e-03 1.4480760e-02 2.1597930e-02 3.0282294e-02 3.9825523e-02 4.9819944e-02 6.0278879e-02 7.1330636e-02 8.3622407e-02 9.7769327e-02 1.1456425e-01 1.3363509e-01 1.5348930e-01 1.7239211e-01 1.8805292e-01 1.9815455e-01
0.0000000e+00 0.0000000e+00 0.0000000e+00 0.0000000e+00 0.0000000e+00 -4.5474735e-13 0.0000000e+00 0.0000000e+00 0.0000000e+00 4.5474735e-13 6.3664629e-12 6.4119376e-11 6.0117600e-10 5.5597411e-09 5.1282314e-08 4.6358127e-07 4.0765117e-06 3.5393117e-05 2.9788483e-04 1.0781431e-03 2.2268155e-03 3.4969868e-03 4.5895387e-03 5.2402426e-03 5.3985088e-03 5.4102039e-03 5.3565701e-03 5.1801290e-03 4.9709378e-03 4.8320750e-03 4.7895532e-03 4.7777385e-03 4.9508696e-03 6.5893985e-03 1.0695343e-02 1.6844098e-02 2.4536121e-02 3.3546455e-02 4.3372031e-02 5.3530738e-02 6.3865050e-02 7.4839656e-02 8.7378689e-02 1.0196704e-01 1.1888319e-01 1.3766000e-01 1.5693441e-01 1.7488109e-01 1.8881701e-01 1.9697951e-01
0.0000000e+00 0.0000000e+00 0.0000000e+00 0.0000000e+00 0.0000000e+00 0.0000000e+00 0.0000000e+00 0.0000000e+00 0.0000000e+00 1.3642421e-12 1.0913936e-11 9.8680175e-11 8.8994057e-10 8.0744940e-09 7.4585842e-08 6.6499297e-07 5.7644547e-06 4.9977746e-05 3.9274109e-04 1.2613988e-03 2.4698579e-03 3.7581081e-03 4.7908414e-03 5.3314724e-03 5.4337716e-03 5.4258443e-03 5.3432981e-03 5.1422302e-03 4.9386380e-03 4.8169398e-03 4.7914224e-03 4.8020557e-03 5.0872025e-03 7.4100427e-03 1.2378560e-02 1.9303930e-02 2.7568564e-02 3.6865114e-02 4.6764516e-02 5.6900686e-02 6.7124205e-02 7.8032930e-02 9.0616236e-02 1.0546053e-01 1.2251623e-01 1.4085858e-01 1.5948526e-01 1.7667814e-01 1.8939105e-01 1.9588044e-01
0.0000000e+00 0.0000000e+00 0.0000000e+00 0.0000000e+00 0.0000000e+00 0.0000000e+00 0.0000000e+00 0.0000000e+00 0.0000000e+00 2.2737368e-12 1.9554136e-11 1.7416824e-10 1.5243131e-09 1.3391855e-08 1.1824568e-07 1.0093049e-06 8.5720994e-06 7.5392013e-05 5.1767911e-04 1.4728949e-03 2.7275601e-03 3.9964001e-03 4.9568278e-03 5.3841823e-03 5.4397434e-03 5.4233598e-03 5.3035187e-03 5.0896370e-03 4.8980812e-03 4.8054412e-03 4.7933220e-03 4.8306495e-03 5.3612223e-03 8.4401029e-03 1.4258228e-02 2.1889618e-02 3.0523432e-02 3.9927736e-02 4.9798046e-02 5.9873901e-02 7.0252020e-02 8.1311706e-02 9.3831274e-02 1.0861345e-01 1.2564706e-01 1.4392091e-01 1.6200752e-01 1.7799500e-01 1.8941712e-01 1.9420007e-01
0.0000000e+00 0.0000000e+00 0.0000000e+00 0.0000000e+00 0.0000000e+00 0.0000000e+00 0.0000000e+00 0.0000000e+00 9.0949470e-13 4.0927262e-12 3.3651304e-11 2.9604053e-10 2.5734153e-09 2.2182121e-08 1.8818719e-07 1.5714745e-06 1.3238667e-05 1.2065734e-04 6.7349385e-04 1.7021881e-03 2.9712449e-03 4.1901599e-03 5.0714178e-03 5.4108506e-03 5.4374169e-03 5.4108227e-03 5.2677137e-03 5.0476878e-03 4.8773859e-03 4.8167167e-03 4.8057779e-03 4.9022202e-03 5.9564627e-03 9.8630671e-03 1.6320799e-02 2.4326231e-02 3.3230053e-02 4.2781986e-02 5.2640952e-02 6.2666548e-02 7.2931330e-02 8.3950848e-02 9.6491297e-02 1.1130574e-01 1.2840446e-01 1.4659237e-01 1.6419471e-01 1.7914171e-01 1.8926194e-01 1.9259914e-01
0.0000000e+00 0.0000000e+00 0.0000000e+00 0.0000000e+00 0.0000000e+00 0.0000000e+00 0.0000000e+00 0.0000000e+00 9.0949470e-13 6.3664629e-12 5.2750693e-11 4.5974957e-10 3.9663064e-09 3.3834567e-08 2.8588602e-07 2.4215651e-06 2.0717233e-05 1.8582418e-04 8.4447973e-04 1.9306922e-03 3.2059162e-03 4.3725535e-03 5.1602654e-03 5.4019332e-03 5.4102853e-03 5.3730353e-03 5.2186787e-03 5.0046326e-03 4.8723831e-03 4.8266250e-03 4.8155370e-03 5.0278624e-03 6.7597586e-03 1.1315977e-02 1.8145065e-02 2.6445538e-02 3.5691249e-02 4.5487543e-02 5.5399913e-02 6.5303837e-02 7.5325197e-02 8.6123536e-02 9.8598109e-02 1.1331072e-01 1.3015140e-01 1.4816378e-01 1.6561744e-01 1.8019957e-01 1.8925376e-01 1.9148974e-01
0.0000000e+00 0.0000000e+00 0.0000000e+00 0.0000000e+00 0.0000000e+00 0.0000000e+00 0.0000000e+00 0.0000000e+00 9.0949470e-13 8.6401997e-12 7.4578566e-11 6.5347194e-10 5.7534635e-09 4.9878508e-08 4.2862121e-07 3.7141763e-06 3.2108134e-05 2.7240919e-04 1.0299085e-03 2.1701697e-03 3.4357604e-03 4.5288864e-03 5.2001389e-03 5.3683803e-03 5.3709886e-03 5.3160346e-03 5.1553916e-03 4.9656408e-03 4.8712376e-03 4.8398842e-03 4.8491781e-03 5.2430644e-03 7.6470224e-03 1.2688598e-02 1.9853243e-02 2.8533686e-02 3.8124877e-02 4.8019180e-02 5.7888869e-02 6.7668870e-02 7.7551408e-02 8.8155098e-02 1.0039338e-01 1.1490009e-01 1.3160954e-01 1.4954093e-01 1.6686479e-01 1.8108270e-01 1.8905332e-01 1.9051976e-01
0.0000000e+00 0.0000000e+00 0.0000000e+00 0.0000000e+00 0.0000000e+00 0.0000000e+00 0.0000000e+00 0.0000000e+00 1.3642421e-12 1.0004442e-11 9.2313712e-11 8.3355189e-10 7.7038749e-09 6.9610905e-08 6.2023264e-07 5.4960169e-06 4.7962730e-05 3.7872433e-04 1.2241047e-03 2.3974625e-03 3.6350889e-03 4.6486058e-03 5.2096566e-03 5.3291763e-03 5.3231063e-03 5.2583770e-03 5.0971586e-03 4.9356934e-03 4.8752332e-03 4.8598668e-03 4.9042997e-03 5.5325081e-03 8.5388943e-03 1.4069426e-02 2.1604148e-02 3.0499771e-02 4.0278354e-02 5.0378325e-02 6.0283674e-02 6.9887861e-02 7.9536012e-02 8.9889168e-02 1.0184854e-01 1.1611694e-01 1.3272724e-01 1.5065445e-01 1.6780878e-01 1.8172593e-01 1.8902263e-01 1.8991943e-01
0.0000000e+00 0.0000000e+00 0.0000000e+00 0.0000000e+00 0.0000000e+00 0.0000000e+00 0.0000000e+00 0.0000000e+00 9.0949470e-13 1.3187673e-11 1.2551027e-10 1.1696102e-09 1.1183602e-08 1.0374652e-07 9.3183053e-07 8.2650622e-06 7.3687592e-05 5.0287579e-04 1.4189062e-03 2.6094901e-03 3.8011132e-03 4.7240348e-03 5.1874066e-03 5.2758608e-03 5.2662178e-03 5.1988270e-03 5.0486517e-03 4.9238656e-03 4.8880277e-03 4.8870292e-03 4.9901810e-03 5.9811134e-03 9.5187965e-03 1.5423057e-02 2.3257772e-02 3.2446452e-02 4.2479407e-02 5.2665862e-02 6.2440455e-02 7.1809788e-02 8.1160527e-02 9.1232746e-02 1.0304959e-01 1.1726908e-01 1.3379994e-01 1.5159981e-01 1.6849639e-01 1.8194224e-01 1.8862257e-01 1.8915047e-01
0.0000000e+00 0.0000000e+00 0.0000000e+00 -4.5474735e-13 0.0000000e+00 0.0000000e+00 0.0000000e+00 0.0000000e+00 1.8189894e-12 2.0918378e-11 1.9599611e-10 1.8353603e-09 1.7604179e-08 1.6334707e-07 1.4625475e-06 1.2792602e-05 1.1676921e-04 6.3815342e-04 1.5979890e-03 2.7798899e-03 3.9214504e-03 4.7677819e-03 5.1540601e-03 5.2274477e-03 5.2252138e-03 5.1593411e-03 5.0354021e-03 4.9516125e-03 4.9263820e-03 4.9376284e-03 5.1457682e-03 6.6839486e-03 1.0678496e-02 1.6762315e-02 2.4628983e-02 3.4029828e-02 4.4308514e-02 5.4533999e-02 6.4278924e-02 7.3507933e-02 8.2660041e-02 9.2615688e-02 1.0440617e-01 1.1858733e-01 1.3498674e-01 1.5252099e-01 1.6903889e-01 1.8185474e-01 1.8776804e-01 1.8804615e-01
0.0000000e+00 0.0000000e+00 0.0000000e+00 0.0000000e+00 0.0000000e+00 0.0000000e+00 0.0000000e+00 0.0000000e+00 4.0927262e-12 3.6379788e-11 3.3242031e-10 3.0340743e-09 2.8042905e-08 2.5529698e-07 2.2644049e-06 1.9618360e-05 1.7376097e-04 7.7166636e-04 1.7476452e-03 2.9049777e-03 3.9971477e-03 4.7888552e-03 5.1277291e-03 5.1910881e-03 5.1936980e-03 5.1365136e-03 5.0455126e-03 4.9919854e-03 4.9793113e-03 5.0075905e-03 5.4117256e-03 7.4747507e-03 1.1741094e-02 1.8066039e-02 2.6163591e-02 3.5743883e-02 4.6001205e-02 5.6302131e-02 6.6128010e-02 7.5177909e-02 8.4095377e-02 9.3968292e-02 1.0571928e-01 1.1971930e-01 1.3569494e-01 1.5281211e-01 1.6905919e-01 1.8139119e-01 1.8649756e-01 1.8672747e-01
0.0000000e+00 0.0000000e+00 0.0000000e+00 0.0000000e+00 0.0000000e+00 0.0000000e+00 0.0000000e+00 9.0949470e-13 6.8212103e-12 6.3664629e-11 5.7571015e-10 5.2173164e-09 4.6679816e-08 4.1127851e-07 3.5167195e-06 2.9326952e-05 2.4127821e-04 8.8929824e-04 1.8633907e-03 2.9871637e-03 4.0280074e-03 4.7773492e-03 5.1192179e-03 5.1880360e-03 5.1963494e-03 5.1606579e-03 5.0827166e-03 5.0411188e-03 5.0405986e-03 5.1152307e-03 5.9030528e-03 8.4678269e-03 1.2955640e-02 1.9480080e-02 2.7757920e-02 3.7438997e-02 4.7680899e-02 5.7847942e-02 6.7544736e-02 7.6528860e-02 8.5428833e-02 9.5297129e-02 1.0702407e-01 1.2084143e-01 1.3645937e-01 1.5309830e-01 1.6867317e-01 1.8001806e-01 1.8422852e-01 1.8460654e-01
0.0000000e+00 0.0000000e+00 0.0000000e+00 0.0000000e+00 0.0000000e+00 0.0000000e+00 0.0000000e+00 1.3642421e-12 1.0913936e-11 9.8680175e-11 8.8448360e-10 7.8694029e-09 6.9000180e-08 5.9688409e-07 5.0210938e-06 4.0868420e-05 3.0718720e-04 9.8436243e-04 1.9494121e-03 3.0425187e-03 4.0453116e-03 4.7666947e-03 5.1233733e-03 5.2042713e-03 5.2142639e-03 5.1943977e-03 5.1308023e-03 5.1112798e-03 5.1264331e-03 5.3136720e-03 6.6288899e-03 9.6251715e-03 1.4368071e-02 2.0928579e-02 2.9114944e-02 3.8685336e-02 4.9009295e-02 5.9261184e-02 6.8808415e-02 7.7565339e-02 8.6327323e-02 9.6232267e-02 1.0801512e-01 1.2183737e-01 1.3741474e-01 1.5365442e-01 1.6824521e-01 1.7835064e-01 1.8184782e-01 1.8240585e-01
0.0000000e+00 0.0000000e+00 0.0000000e+00 0.0000000e+00 0.0000000e+00 0.0000000e+00 0.0000000e+00 2.2737368e-12 1.5461410e-11 1.3824319e-10 1.2187229e-09 1.0536041e-08 8.9890818e-08 7.5840353e-07 6.3663333e-06 5.2233089e-05 3.5906057e-04 1.0439734e-03 1.9963962e-03 3.0695346e-03 4.0617335e-03 4.7831196e-03 5.1599172e-03 5.2533260e-03 5.2564341e-03 5.2432160e-03 5.1973388e-03 5.1880060e-03 5.2253888e-03 5.6715929e-03 7.4508511e-03 1.0754820e-02 1.5722504e-02 2.2359150e-02 3.0501261e-02 4.0052932e-02 5.0392271e-02 6.0507615e-02 6.9705904e-02 7.8128791e-02 8.6814391e-02 9.6782498e-02 1.0864174e-01 1.2247991e-01 1.3779689e-01 1.5333763e-01 1.6710183e-01 1.7656894e-01 1.7968768e-01 1.8022106e-01
0.0000000e+00 0.0000000e+00 0.0000000e+00 0.0000000e+00 0.0000000e+00 0.0000000e+00 0.0000000e+00 2.2737368e-12 2.0918378e-11 1.8280844e-10 1.6125341e-09 1.3748377e-08 1.1605971e-07 9.7619522e-07 8.0949430e-06 6.8035568e-05 4.0744441e-04 1.0965203e-03 2.0296419e-03 3.0697414e-03 4.0384462e-03 4.7717365e-03 5.1825094e-03 5.3124910e-03 5.3227067e-03 5.3088144e-03 5.2863444e-03 5.2745175e-03 5.3738394e-03 6.1674410e-03 8.2544804e-03 1.1798212e-02 1.7052763e-02 2.3926049e-02 3.2196988e-02 4.1543331e-02 5.1401762e-02 6.0993432e-02 6.9883661e-02 7.8318284e-02 8.7121504e-02 9.7246918e-02 1.0919633e-01 1.2302399e-01 1.3803635e-01 1.5279926e-01 1.6557689e-01 1.7429567e-01 1.7730127e-01 1.7777966e-01
0.0000000e+00 0.0000000e+00 0.0000000e+00 0.0000000e+00 0.0000000e+00 0.0000000e+00 0.0000000e+00 3.1832315e-12 3.0013325e-11 2.4465407e-10 2.0049811e-09 1.6561444e-08 1.3909857e-07 1.1764591e-06 9.8257719e-06 8.3688335e-05 4.5264104e-04 1.1522118e-03 2.0744081e-03 3.0794267e-03 4.0191097e-03 4.7536783e-03 5.1979657e-03 5.3524964e-03 5.3648974e-03 5.3545087e-03 5.3418304e-03 5.3395705e-03 5.5313880e-03 6.6147590e-03 8.9404974e-03 1.2741778e-02 1.8188925e-02 2.5250755e-02 3.3650549e-02 4.2915449e-02 5.2401914e-02 6.1563522e-02 7.0342751e-02 7.8698179e-02 8.7516577e-02 9.7601855e-02 1.0946720e-01 1.2310594e-01 1.3778418e-01 1.5194989e-01 1.6395107e-01 1.7194081e-01 1.7461754e-01 1.7506865e-01
0.0000000e+00 0.0000000e+00 0.0000000e+00 0.0000000e+00 0.0000000e+00 0.0000000e+00 0.0000000e+00 6.8212103e-12 5.1841198e-11 3.0831870e-10 2.0559128e-09 1.6392278e-08 1.3556291e-07 1.1321731e-06 9.5977334e-06 8.9617507e-05 4.8407581e-04 1.2026847e-03 2.1095820e-03 3.0940450e-03 4.0235797e-03 4.7583932e-03 5.2274918e-03 5.4090615e-03 5.4172937e-03 5.4003617e-03 5.3847485e-03 5.3986971e-03 5.7188124e-03 7.0075678e-03 9.5312947e-03 1.3540808e-02 1.9158149e-02 2.6337180e-02 3.4853852e-02 4.4203898e-02 5.3525185e-02 6.2387569e-02 7.0794723e-02 7.9022088e-02 8.7881264e-02 9.7904737e-02 1.0962343e-01 1.2291711e-01 1.3709865e-01 1.5057679e-01 1.6185254e-01 1.6948813e-01 1.7230012e-01 1.7261346e-01
0.0000000e+00 0.0000000e+00 0.0000000e+00 0.0000000e+00 0.0000000e+00 0.0000000e+00 3.1832315e-12 2.5920599e-11 1.0777512e-10 4.0972736e-10 2.2191671e-09 2.2248969e-08 2.2100448e-07 1.8507408e-06 1.4586734e-05 1.2327021e-04 5.4867864e-04 1.2557457e-03 2.1327550e-03 3.0936118e-03 4.0000354e-03 4.7210099e-03 5.2011628e-03 5.4202397e-03 5.4542412e-03 5.4406375e-03 5.4215370e-03 5.4645647e-03 5.9371111e-03 7.3811893e-03 1.0059951e-02 1.4234531e-02 2.0065858e-02 2.7481171e-02 3.6123328e-02 4.5410397e-02 5.4664432e-02 6.3245806e-02 7.1268370e-02 7.9180824e-02 8.7893740e-02 9.7966138e-02 1.0964045e-01 1.2281962e-01 1.3663582e-01 1.4950471e-01 1.6000121e-01 1.6702395e-01 1.6982735e-01 1.7001919e-01
0.0000000e+00 0.0000000e+00 0.0000000e+00 0.0000000e+00 0.0000000e+00 1.8189894e-12 1.2732926e-11 6.3664629e-11 2.0736479e-10 -4.6111381e-10 -7.1986506e-10 2.6820544e-08 3.5068888e-07 3.2454604e-06 2.5893954e-05 1.8928651e-04 6.3007692e-04 1.3119561e-03 2.1668697e-03 3.1157925e-03 3.9766353e-03 4.6657929e-03 5.1421361e-03 5.3811967e-03 5.4413735e-03 5.4442276e-03 5.4430483e-03 5.5376857e-03 6.1493133e-03 7.7087258e-03 1.0502575e-02 1.4769366e-02 2.0706346e-02 2.8299112e-02 3.7117344e-02 4.6444640e-02 5.5533313e-02 6.3936786e-02 7.1802408e-02 7.9677938e-02 8.8386943e-02 9.8393650e-02 1.0996866e-01 1.2291677e-01 1.3618140e-01 1.4834524e-01 1.5823971e-01 1.6517503e-01 1.6831287e-01 1.6825290e-01
0.0000000e+00 0.0000000e+00 0.0000000e+00 0.0000000e+00 4.5474735e-13 5.9117156e-12 2.9103830e-11 4.3655746e-11 -4.4019544e-10 -1.3516910e-08 -3.9228780e-08 -4.7662979e-08 2.9315925e-07 3.8363328e-06 3.2379138e-05 2.2917566e-04 6.8667484e-04 1.3730333e-03 2.2357757e-03 3.1772519e-03 4.0066179e-03 4.6567895e-03 5.1021345e-03 5.3461346e-03 5.4257101e-03 5.4361583e-03 5.4579585e-03 5.5954849e-03 6.3202978e-03 8.0022467e-03 1.0894974e-02 1.5239624e-02 2.1199954e-02 2.8845728e-02 3.7879647e-02 4.7578292e-02 5.6865203e-02 6.5106190e-02 7.2710801e-02 8.0404325e-02 8.8955067e-02 9.8417664e-02 1.0926880e-01 1.2141342e-01 1.3417950e-01 1.4581629e-01 1.5539372e-01 1.6261697e-01 1.6618356e-01 1.6675137e-01
0.0000000e+00 0.0000000e+00 0.0000000e+00 0.0000000e+00 1.3642421e-12 1.0004442e-11 1.9099389e-11 -2.7739588e-11 -3.1886884e-09 -5.4755219e-08 -1.6078548e-07 -2.2982704e-07 -6.6525445e-08 2.7933861e-06 2.8614762e-05 2.2778137e-04 7.2516776e-04 1.4526952e-03 2.3368188e-03 3.2513523e-03 4.0496540e-03 4.6692457e-03 5.0897194e-03 5.3160485e-03 5.3978208e-03 5.4134356e-03 5.4423270e-03 5.6165159e-03 6.4336583e-03 8.2313114e-03 1.1253526e-02 1.5729664e-02 2.1876105e-02 2.9606057e-02 3.8722976e-02 4.8465132e-02 5.7951672e-02 6.6127216e-02 7.3383999e-02 8.0725239e-02 8.8861736e-02 9.7954111e-02 1.0838550e-01 1.2014464e-01 1.3276807e-01 1.4438358e-01 1.5386204e-01 1.6060412e-01 1.6402044e-01 1.6436678e-01
0.0000000e+00 0.0000000e+00 0.0000000e+00 0.0000000e+00 2.7284841e-12 1.0459189e-11 2.1827873e-11 -1.7598722e-10 -1.6676950e-08 -1.6942113e-07 -4.3792033e-07 -6.0313732e-07 -5.5610826e-07 2.1981728e-06 3.0043356e-05 2.4982457e-04 7.9262341e-04 1.5531615e-03 2.4282231e-03 3.3133194e-03 4.0869699e-03 4.6767936e-03 5.0597987e-03 5.2598707e-03 5.3340728e-03 5.3577779e-03 5.3978095e-03 5.6036524e-03 6.5158099e-03 8.4438988e-03 1.1625494e-02 1.6299726e-02 2.2704879e-02 3.0633531e-02 3.9596879e-02 4.9148232e-02 5.8386275e-02 6.6579198e-02 7.3927354e-02 8.1253191e-02 8.9174454e-02 9.8113015e-02 1.0860082e-01 1.2033371e-01 1.3256330e-01 1.4388110e-01 1.5325126e-01 1.5976270e-01 1.6259569e-01 1.6271229e-01
