visualization/geoclaw_output/chile2010/eta_0009.asc
ncols     360
nrows     360
xllcorner -1.199166666650000e+02
yllcorner -5.991666666500000e+01
cellsize  1.666666700000000e-01
nodata_value       -9999
[rows 198 to 219 of 360, columns 100 to 149 of 360]
-1.0667761e-01 -1.1293004e-01 -1.1483908e-01 -1.1499550e-01 -1.1489791e-01 -1.1407719e-01 -1.1043591e-01 -1.0396826e-01 -9.5495046e-02 -8.5975968e-02 -7.5886540e-02 -6.5358972e-02 -5.4637933e-02 -4.3927481e-02 -3.3520935e-02 -2.3905898e-02 -1.5401778e-02 -8.3947026e-03 -3.2086239e-03 8.3203018e-05 1.6207096e-03 1.8762730e-03 1.6492802e-03 1.3065383e-03 3.0619224e-04 -1.7901216e-03 -4.3516336e-03 -6.9555553e-03 -9.3778133e-03 -1.1516843e-02 -1.3298061e-02 -1.4584146e-02 -1.5138825e-02 -1.5200607e-02 -1.5140020e-02 -1.4794431e-02 -1.3842444e-02 -1.2363247e-02 -1.0421555e-02 -8.1507462e-03 -5.6714434e-03 -3.1347919e-03 -6.4221074e-04 1.7012345e-03 3.8116668e-03 5.5209999e-03 6.5728122e-03 6.9841819e-03 7.2271457e-03 7.2774700e-03
-1.1022523e-01 -1.1602881e-01 -1.1756539e-01 -1.1764575e-01 -1.1751613e-01 -1.1618311e-01 -1.1176462e-01 -1.0470171e-01 -9.5750963e-02 -8.5719931e-02 -7.5177432e-02 -6.4294446e-02 -5.3406531e-02 -4.2662797e-02 -3.2213587e-02 -2.2560351e-02 -1.4043482e-02 -7.0443311e-03 -1.9350926e-03 1.1561667e-03 2.3346660e-03 2.3637293e-03 2.0711926e-03 1.6302135e-03 2.3651085e-04 -2.0854586e-03 -4.8133752e-03 -7.4669496e-03 -9.8781318e-03 -1.1977121e-02 -1.3740734e-02 -1.4983260e-02 -1.5380384e-02 -1.5360859e-02 -1.5211490e-02 -1.4726535e-02 -1.3657258e-02 -1.2022471e-02 -9.8794888e-03 -7.3931602e-03 -4.7413677e-03 -2.0263056e-03 6.9846839e-04 3.2665076e-03 5.5056146e-03 7.2157262e-03 8.1260638e-03 8.4371178e-03 8.6263362e-03 8.6061070e-03
-1.1370406e-01 -1.1914987e-01 -1.2040572e-01 -1.2043176e-01 -1.2018398e-01 -1.1844941e-01 -1.1334101e-01 -1.0557249e-01 -9.6103855e-02 -8.5468433e-02 -7.4511876e-02 -6.3478883e-02 -5.2469407e-02 -4.1564256e-02 -3.0879898e-02 -2.1219387e-02 -1.2805398e-02 -5.8734856e-03 -8.4253787e-04 2.1046690e-03 3.0560250e-03 2.9714158e-03 2.6488185e-03 2.0583677e-03 3.4419641e-04 -2.2066045e-03 -5.0679135e-03 -7.7811276e-03 -1.0207794e-02 -1.2325759e-02 -1.4070989e-02 -1.5184976e-02 -1.5470994e-02 -1.5424204e-02 -1.5222095e-02 -1.4602790e-02 -1.3352637e-02 -1.1577465e-02 -9.3228165e-03 -6.6959889e-03 -3.8945811e-03 -1.0308197e-03 1.8577252e-03 4.6121377e-03 6.9459553e-03 8.6176969e-03 9.4355010e-03 9.6950380e-03 9.8317284e-03 9.7695746e-03
-1.1695198e-01 -1.2209282e-01 -1.2312573e-01 -1.2311445e-01 -1.2275320e-01 -1.2082875e-01 -1.1504632e-01 -1.0654051e-01 -9.6533303e-02 -8.5536103e-02 -7.4192717e-02 -6.2892737e-02 -5.1667863e-02 -4.0540286e-02 -2.9797893e-02 -2.0133116e-02 -1.1701786e-02 -4.7428949e-03 2.8986980e-04 3.1370912e-03 3.9096242e-03 3.7328190e-03 3.3598859e-03 2.5719731e-03 5.6969280e-04 -2.1682804e-03 -5.0968353e-03 -7.9033420e-03 -1.0401142e-02 -1.2516263e-02 -1.4223053e-02 -1.5270344e-02 -1.5500272e-02 -1.5357707e-02 -1.5015937e-02 -1.4253869e-02 -1.2961928e-02 -1.1135034e-02 -8.7953594e-03 -6.0649925e-03 -3.0820048e-03 -3.0617776e-05 2.9862494e-03 5.8204723e-03 8.2045497e-03 9.8345910e-03 1.0529840e-02 1.0762718e-02 1.0854215e-02 1.0650912e-02
-1.1980583e-01 -1.2490268e-01 -1.2590254e-01 -1.2578977e-01 -1.2536544e-01 -1.2301769e-01 -1.1646811e-01 -1.0737067e-01 -9.6979242e-02 -8.5782587e-02 -7.4173200e-02 -6.2371492e-02 -5.0813588e-02 -3.9624143e-02 -2.8979190e-02 -1.9231793e-02 -1.0678749e-02 -3.6225440e-03 1.3868077e-03 4.0819764e-03 4.6655389e-03 4.4808039e-03 4.1127034e-03 3.1628742e-03 9.9629131e-04 -1.8730682e-03 -4.9063661e-03 -7.8104998e-03 -1.0397095e-02 -1.2586785e-02 -1.4279069e-02 -1.5188378e-02 -1.5279719e-02 -1.5079773e-02 -1.4672543e-02 -1.3859726e-02 -1.2541896e-02 -1.0672852e-02 -8.2860540e-03 -5.4743853e-03 -2.3858711e-03 8.1453532e-04 3.9628683e-03 6.8846573e-03 9.3174611e-03 1.0884955e-02 1.1449491e-02 1.1651587e-02 1.1693387e-02 1.1299106e-02
-1.2248359e-01 -1.2733476e-01 -1.2835729e-01 -1.2832825e-01 -1.2795399e-01 -1.2504594e-01 -1.1793934e-01 -1.0845269e-01 -9.7620780e-02 -8.6097607e-02 -7.4287538e-02 -6.2206602e-02 -5.0313173e-02 -3.8898162e-02 -2.8047678e-02 -1.8101073e-02 -9.4515822e-03 -2.4819039e-03 2.3670148e-03 4.9124729e-03 5.4728225e-03 5.3559859e-03 5.0498710e-03 4.0255369e-03 1.6672992e-03 -1.3620924e-03 -4.5023455e-03 -7.4752485e-03 -1.0154083e-02 -1.2403805e-02 -1.4079991e-02 -1.4971407e-02 -1.5028839e-02 -1.4815722e-02 -1.4391595e-02 -1.3561693e-02 -1.2210405e-02 -1.0266217e-02 -7.7958723e-03 -4.9196990e-03 -1.7881645e-03 1.4567040e-03 4.7058024e-03 7.7111933e-03 1.0180268e-02 1.1729378e-02 1.2211083e-02 1.2375331e-02 1.2376773e-02 1.1809216e-02
-1.2528373e-01 -1.2985110e-01 -1.3090350e-01 -1.3098436e-01 -1.3060087e-01 -1.2703531e-01 -1.1962918e-01 -1.0979695e-01 -9.8596305e-02 -8.6672273e-02 -7.4477199e-02 -6.2105042e-02 -4.9776872e-02 -3.8016035e-02 -2.6999882e-02 -1.6863164e-02 -8.1832728e-03 -1.2915479e-03 3.4712339e-03 5.9299725e-03 6.4907411e-03 6.3860073e-03 6.0893352e-03 5.1020208e-03 2.6925526e-03 -4.1574536e-04 -3.6938627e-03 -6.8442161e-03 -9.6351226e-03 -1.1923672e-02 -1.3685479e-02 -1.4649124e-02 -1.4722685e-02 -1.4512438e-02 -1.4120180e-02 -1.3340057e-02 -1.1962501e-02 -9.9775163e-03 -7.4593615e-03 -4.5165683e-03 -1.2931487e-03 2.0300097e-03 5.3056240e-03 8.3404835e-03 1.0845218e-02 1.2380127e-02 1.2831036e-02 1.2958992e-02 1.2882423e-02 1.2156501e-02
-1.2846524e-01 -1.3258169e-01 -1.3349555e-01 -1.3364208e-01 -1.3295673e-01 -1.2867219e-01 -1.2102406e-01 -1.1095007e-01 -9.9480970e-02 -8.7244655e-02 -7.4755937e-02 -6.2070302e-02 -4.9207354e-02 -3.7079685e-02 -2.5841942e-02 -1.5603859e-02 -6.8251855e-03 7.9171574e-05 4.6999228e-03 7.0382093e-03 7.6073957e-03 7.5475106e-03 7.2788696e-03 6.4291025e-03 3.9567549e-03 7.7457330e-04 -2.6530397e-03 -6.0477862e-03 -8.9888593e-03 -1.1354805e-02 -1.3171186e-02 -1.4209214e-02 -1.4361787e-02 -1.4151193e-02 -1.3812817e-02 -1.3147667e-02 -1.1784800e-02 -9.7497280e-03 -7.1808628e-03 -4.2038312e-03 -9.2556586e-04 2.4548536e-03 5.7820666e-03 8.8598734e-03 1.1393679e-02 1.2870027e-02 1.3271948e-02 1.3391321e-02 1.3234917e-02 1.2370743e-02
-1.3174081e-01 -1.3526117e-01 -1.3602355e-01 -1.3620064e-01 -1.3531972e-01 -1.3058024e-01 -1.2258245e-01 -1.1226110e-01 -1.0050420e-01 -8.7852749e-02 -7.4959742e-02 -6.1928882e-02 -4.8598540e-02 -3.6108436e-02 -2.4653105e-02 -1.4199276e-02 -5.2407094e-03 1.6664717e-03 6.2202446e-03 8.4726944e-03 9.0069810e-03 8.9485322e-03 8.7038185e-03 7.9051936e-03 5.3763506e-03 2.0943767e-03 -1.4835160e-03 -5.0981002e-03 -8.2256376e-03 -1.0693512e-02 -1.2560200e-02 -1.3682786e-02 -1.3939151e-02 -1.3751030e-02 -1.3458985e-02 -1.2899613e-02 -1.1598068e-02 -9.5437254e-03 -6.9379319e-03 -3.9252468e-03 -6.1082638e-04 2.7826497e-03 6.1438876e-03 9.2761138e-03 1.1836202e-02 1.3252782e-02 1.3606857e-02 1.3704325e-02 1.3450275e-02 1.2505439e-02
-1.3497793e-01 -1.3801554e-01 -1.3861700e-01 -1.3878887e-01 -1.3749909e-01 -1.3232782e-01 -1.2392723e-01 -1.1340175e-01 -1.0138447e-01 -8.8331711e-02 -7.4972366e-02 -6.1591933e-02 -4.7930201e-02 -3.5064820e-02 -2.3294574e-02 -1.2652071e-02 -3.5833602e-03 3.3367535e-03 7.8447972e-03 1.0034052e-02 1.0560614e-02 1.0520717e-02 1.0348238e-02 9.4898492e-03 6.9634882e-03 3.4951325e-03 -2.9112681e-04 -3.9667547e-03 -7.2600403e-03 -9.9280283e-03 -1.1908128e-02 -1.3133277e-02 -1.3470042e-02 -1.3299052e-02 -1.3023007e-02 -1.2511553e-02 -1.1375605e-02 -9.3774276e-03 -6.7382827e-03 -3.6628779e-03 -3.1641795e-04 3.1104359e-03 6.5033754e-03 9.6398611e-03 1.2168748e-02 1.3519874e-02 1.3837682e-02 1.3906081e-02 1.3604195e-02 1.2585391e-02
-1.3819829e-01 -1.4056457e-01 -1.4104680e-01 -1.4113600e-01 -1.3902006e-01 -1.3352434e-01 -1.2487376e-01 -1.1404966e-01 -1.0168829e-01 -8.8335687e-02 -7.4779367e-02 -6.1238782e-02 -4.7451653e-02 -3.4117001e-02 -2.1867126e-02 -1.0981176e-02 -1.8180558e-03 5.1232787e-03 9.6078547e-03 1.1753648e-02 1.2254249e-02 1.2240422e-02 1.2108457e-02 1.1124014e-02 8.5783458e-03 4.9536224e-03 9.5893953e-04 -2.8345931e-03 -6.2592749e-03 -9.0874502e-03 -1.1173708e-02 -1.2485560e-02 -1.2967036e-02 -1.2860187e-02 -1.2588827e-02 -1.2127062e-02 -1.1113583e-02 -9.1928701e-03 -6.4951140e-03 -3.3652646e-03 -5.2287431e-05 3.3820663e-03 6.7785933e-03 9.8618700e-03 1.2302441e-02 1.3600354e-02 1.3925253e-02 1.3977746e-02 1.3709333e-02 1.2637859e-02
-1.4122496e-01 -1.4288301e-01 -1.4316788e-01 -1.4303228e-01 -1.4041905e-01 -1.3455902e-01 -1.2568330e-01 -1.1454589e-01 -1.0189954e-01 -8.8434363e-02 -7.4512069e-02 -6.0564848e-02 -4.6649155e-02 -3.3120941e-02 -2.0610855e-02 -9.5277067e-03 -2.2460118e-04 6.8565815e-03 1.1464595e-02 1.3589856e-02 1.3996192e-02 1.4003565e-02 1.3844032e-02 1.2788733e-02 1.0185384e-02 6.4355684e-03 2.3561192e-03 -1.6106882e-03 -5.1921420e-03 -8.1918241e-03 -1.0415143e-02 -1.1806179e-02 -1.2405860e-02 -1.2377652e-02 -1.2098337e-02 -1.1696217e-02 -1.0791102e-02 -8.9302142e-03 -6.2471635e-03 -3.1037048e-03 1.8257495e-04 3.5946250e-03 6.9620299e-03 9.9806440e-03 1.2334911e-02 1.3579193e-02 1.3887617e-02 1.3939356e-02 1.3696507e-02 1.2610215e-02
-1.4340201e-01 -1.4473049e-01 -1.4490656e-01 -1.4452663e-01 -1.4161285e-01 -1.3532228e-01 -1.2627944e-01 -1.1493114e-01 -1.0200727e-01 -8.8091995e-02 -7.3792762e-02 -5.9560567e-02 -4.5499909e-02 -3.1853201e-02 -1.9199908e-02 -7.9914480e-03 1.4137248e-03 8.5934948e-03 1.3297573e-02 1.5455652e-02 1.5790267e-02 1.5743971e-02 1.5504967e-02 1.4329554e-02 1.1643597e-02 7.8739510e-03 3.7527437e-03 -2.9120539e-04 -4.0180115e-03 -7.1899326e-03 -9.5988192e-03 -1.1126880e-02 -1.1804977e-02 -1.1828341e-02 -1.1578348e-02 -1.1220474e-02 -1.0477911e-02 -8.6450856e-03 -5.9452251e-03 -2.8634520e-03 3.5897688e-04 3.7309505e-03 7.0508463e-03 1.0002319e-02 1.2276058e-02 1.3493979e-02 1.3779800e-02 1.3819995e-02 1.3579798e-02 1.2494110e-02
-1.4655594e-01 -1.4719136e-01 -1.4670103e-01 -1.4559220e-01 -1.4220427e-01 -1.3573956e-01 -1.2625691e-01 -1.1445273e-01 -1.0134607e-01 -8.7390338e-02 -7.2873006e-02 -5.8380921e-02 -4.4243038e-02 -3.0541863e-02 -1.7721604e-02 -6.4285410e-03 3.0364061e-03 1.0340936e-02 1.5172288e-02 1.7466857e-02 1.7808999e-02 1.7606415e-02 1.7286708e-02 1.5899230e-02 1.3039860e-02 9.3002218e-03 5.1244092e-03 9.6219351e-04 -2.8948786e-03 -6.2015536e-03 -8.7454713e-03 -1.0410858e-02 -1.1167597e-02 -1.1240747e-02 -1.1037750e-02 -1.0707858e-02 -1.0029960e-02 -8.2244156e-03 -5.5948936e-03 -2.6448036e-03 4.9815694e-04 3.8010938e-03 7.0489280e-03 9.9393811e-03 1.2133656e-02 1.3318313e-02 1.3611455e-02 1.3641577e-02 1.3437355e-02 1.2345120e-02
-1.4789081e-01 -1.4832131e-01 -1.4768047e-01 -1.4620587e-01 -1.4264398e-01 -1.3569935e-01 -1.2569619e-01 -1.1387167e-01 -1.0081713e-01 -8.6708540e-02 -7.1805217e-02 -5.7038789e-02 -4.2699894e-02 -2.8911585e-02 -1.6074754e-02 -4.8363986e-03 4.5460056e-03 1.1898173e-02 1.6939576e-02 1.9266405e-02 1.9600019e-02 1.9419604e-02 1.8974302e-02 1.7516730e-02 1.4651214e-02 1.0866470e-02 6.6262274e-03 2.3166647e-03 -1.7113584e-03 -5.1765670e-03 -7.8983341e-03 -9.7310848e-03 -1.0650776e-02 -1.0817891e-02 -1.0611468e-02 -1.0260782e-02 -9.5863102e-03 -7.8639485e-03 -5.3419786e-03 -2.4577117e-03 6.5046766e-04 3.8937772e-03 7.0747409e-03 9.9052028e-03 1.2014189e-02 1.3114453e-02 1.3388817e-02 1.3410303e-02 1.3226959e-02 1.2126505e-02
-1.4798980e-01 -1.4884866e-01 -1.4850072e-01 -1.4677998e-01 -1.4273683e-01 -1.3541891e-01 -1.2518234e-01 -1.1325461e-01 -1.0015165e-01 -8.5923627e-02 -7.0494532e-02 -5.5368572e-02 -4.0762307e-02 -2.7044568e-02 -1.4274275e-02 -3.1196303e-03 6.2048467e-03 1.3605973e-02 1.8764794e-02 2.1070682e-02 2.1390754e-02 2.1205738e-02 2.0631653e-02 1.9148989e-02 1.6246461e-02 1.2391350e-02 8.0828362e-03 3.6545819e-03 -5.3641992e-04 -4.2245444e-03 -7.1625503e-03 -9.1371504e-03 -1.0169980e-02 -1.0408442e-02 -1.0218011e-02 -9.8712313e-03 -9.2182057e-03 -7.5705111e-03 -5.0978705e-03 -2.2520494e-03 8.0119369e-04 3.9686154e-03 7.0863821e-03 9.8558486e-03 1.1882975e-02 1.2910216e-02 1.3162951e-02 1.3177270e-02 1.2973449e-02 1.1843406e-02
-1.4844339e-01 -1.4884510e-01 -1.4844257e-01 -1.4580297e-01 -1.4123889e-01 -1.3379013e-01 -1.2333424e-01 -1.1136123e-01 -9.8066006e-02 -8.3749670e-02 -6.8447708e-02 -5.3346648e-02 -3.8967847e-02 -2.5558119e-02 -1.3066216e-02 -1.7927133e-03 7.7009175e-03 1.5229279e-02 2.0527574e-02 2.3036927e-02 2.3336386e-02 2.3108045e-02 2.2577854e-02 2.0981701e-02 1.7953294e-02 1.3953118e-02 9.4725643e-03 4.8881690e-03 5.5717563e-04 -3.3054116e-03 -6.4281972e-03 -8.5807941e-03 -9.7528175e-03 -1.0070775e-02 -9.8906969e-03 -9.5408254e-03 -8.9168792e-03 -7.3110598e-03 -4.9173264e-03 -2.1259638e-03 9.0414741e-04 4.0340302e-03 7.0908899e-03 9.7825532e-03 1.1724020e-02 1.2678839e-02 1.2912979e-02 1.2936896e-02 1.2700045e-02 1.1525660e-02
-1.4928260e-01 -1.4927960e-01 -1.4863828e-01 -1.4529939e-01 -1.3974382e-01 -1.3193980e-01 -1.2144223e-01 -1.0896188e-01 -9.5311357e-02 -8.1111144e-02 -6.6209365e-02 -5.1092872e-02 -3.6733129e-02 -2.3882791e-02 -1.1872123e-02 -5.5527708e-04 9.2180607e-03 1.6812963e-02 2.2112288e-02 2.4585769e-02 2.4922708e-02 2.4812088e-02 2.4260502e-02 2.2653010e-02 1.9624814e-02 1.5512917e-02 1.0889865e-02 6.2057768e-03 1.7481140e-03 -2.3012549e-03 -5.6363379e-03 -8.0249350e-03 -9.4247415e-03 -9.8800200e-03 -9.7090642e-03 -9.3467072e-03 -8.7650673e-03 -7.2353699e-03 -4.9161681e-03 -2.1661301e-03 8.4920389e-04 3.9868416e-03 7.0698903e-03 9.7713044e-03 1.1728210e-02 1.2625948e-02 1.2808313e-02 1.2783022e-02 1.2388503e-02 1.1160452e-02
-1.4796411e-01 -1.4803769e-01 -1.4718388e-01 -1.4396194e-01 -1.3818360e-01 -1.2980887e-01 -1.1898672e-01 -1.0634272e-01 -9.2692059e-02 -7.8478554e-02 -6.3712166e-02 -4.8719215e-02 -3.4450475e-02 -2.1476340e-02 -9.4572113e-03 1.3650682e-03 1.0317544e-02 1.7610942e-02 2.3050143e-02 2.5716380e-02 2.6293179e-02 2.6310962e-02 2.5635215e-02 2.4029671e-02 2.1067516e-02 1.6884190e-02 1.2220149e-02 7.4863551e-03 2.9121835e-03 -1.2685302e-03 -4.8137626e-03 -7.4741405e-03 -9.1225327e-03 -9.7777448e-03 -9.6748005e-03 -9.3431070e-03 -8.8475428e-03 -7.4628063e-03 -5.2118748e-03 -2.4642494e-03 6.0748764e-04 3.7877063e-03 6.8771557e-03 9.5932077e-03 1.1613000e-02 1.2525751e-02 1.2731248e-02 1.2734937e-02 1.2263713e-02 1.0976656e-02
-1.4708111e-01 -1.4662338e-01 -1.4553487e-01 -1.4223574e-01 -1.3605720e-01 -1.2719264e-01 -1.1637273e-01 -1.0376179e-01 -8.9987876e-02 -7.5635012e-02 -6.0823587e-02 -4.6244865e-02 -3.2426653e-02 -1.9505053e-02 -7.4433338e-03 3.1393224e-03 1.1716682e-02 1.8787981e-02 2.4223599e-02 2.7005479e-02 2.7514702e-02 2.7469109e-02 2.6861237e-02 2.5131561e-02 2.2049862e-02 1.7900672e-02 1.3306734e-02 8.5695286e-03 3.9206201e-03 -4.1855416e-04 -4.1715685e-03 -7.0515071e-03 -8.9493484e-03 -9.8333316e-03 -9.8501903e-03 -9.5340494e-03 -9.0735924e-03 -7.7959507e-03 -5.6530672e-03 -2.9294265e-03 2.2984239e-04 3.3948205e-03 6.4240113e-03 9.1842460e-03 1.1293314e-02 1.2243702e-02 1.2555872e-02 1.2591320e-02 1.2148934e-02 1.1028768e-02
-1.4642333e-01 -1.4603266e-01 -1.4398884e-01 -1.3992127e-01 -1.3326751e-01 -1.2422314e-01 -1.1314960e-01 -1.0026293e-01 -8.6098696e-02 -7.1743095e-02 -5.7485613e-02 -4.3576870e-02 -3.0177190e-02 -1.7569802e-02 -5.8776276e-03 4.5936683e-03 1.3414631e-02 2.0595230e-02 2.5963069e-02 2.8673295e-02 2.8951761e-02 2.8574692e-02 2.8022373e-02 2.6201003e-02 2.2939862e-02 1.8770801e-02 1.4171592e-02 9.3809871e-03 4.6502316e-03 1.6400505e-04 -3.7612920e-03 -6.8562721e-03 -8.9919241e-03 -1.0073259e-02 -1.0225939e-02 -9.9597354e-03 -9.5855818e-03 -8.5148659e-03 -6.5156400e-03 -3.7857313e-03 -5.7421045e-04 2.6106341e-03 5.7138168e-03 8.6270690e-03 1.0978204e-02 1.2157735e-02 1.2479178e-02 1.2524293e-02 1.2078957e-02 1.1030147e-02
-1.4429856e-01 -1.4386995e-01 -1.4114090e-01 -1.3643214e-01 -1.2961748e-01 -1.2050108e-01 -1.0934081e-01 -9.6258456e-02 -8.1892572e-02 -6.7673685e-02 -5.3971974e-02 -4.0583359e-02 -2.7484746e-02 -1.5010165e-02 -3.5690651e-03 6.6009623e-03 1.5226056e-02 2.2146844e-02 2.7120077e-02 2.9546815e-02 2.9760802e-02 2.9419032e-02 2.8842513e-02 2.7029351e-02 2.3828017e-02 1.9663585e-02 1.4935193e-02 9.9824639e-03 5.0671375e-03 4.5163797e-04 -3.5695313e-03 -6.7968664e-03 -9.1565601e-03 -1.0484076e-02 -1.0789096e-02 -1.0598006e-02 -1.0249556e-02 -9.4694717e-03 -7.7537502e-03 -4.9942725e-03 -1.7322205e-03 1.4994571e-03 4.6730433e-03 7.6699950e-03 1.0196315e-02 1.1700906e-02 1.2125932e-02 1.2169445e-02 1.1893909e-02 1.0970612e-02
