visualization/geoclaw_output/chile2010/eta_0004.asc
ncols     360
nrows     360
xllcorner -1.199166666650000e+02
yllcorner -5.991666666500000e+01
cellsize  1.666666700000000e-01
nodata_value       -9999
[rows 308 to 329 of 360, columns 250 to 299 of 360]
-1.0244440e-03 -1.0193661e-03 -1.0138468e-03 -1.0078977e-03 -1.0012405e-03 -9.9353782e-04 -9.8513434e-04 -9.7555965e-04 -9.6449036e-04 -9.5488274e-04 -9.3625431e-04 -9.1585393e-04 -8.9739264e-04 -8.5992064e-04 -7.7265504e-04 -6.0325342e-04 -2.1143361e-04 -4.9509724e-06 9.1983896e+01 1.4698754e+02 8.5529472e+01 6.9544968e+01 2.2516711e+01 1.5003038e+00 3.1267775e+01 7.1792386e+01 9.9753190e+01 1.3577902e+02 5.1361151e+02 6.6811090e+02 3.4406320e+02 2.5582186e+02 4.1994592e+02 4.5512770e+02 2.8575167e+02 3.4903069e+02 5.2923769e+02 5.7595290e+02 4.8298359e+02 3.3924651e+02 2.7675714e+02 2.4677264e+02 2.0051853e+02 1.9750760e+02 2.2750304e+02 2.0875197e+02 1.7325258e+02 1.4649878e+02 1.4300851e+02 1.3576474e+02
-1.0108944e-03 -9.9853022e-04 -9.8465113e-04 -9.7008320e-04 -9.5413358e-04 -9.3623040e-04 -9.1784745e-04 -8.9768215e-04 -8.7516214e-04 -8.5214356e-04 -8.2539484e-04 -7.9517898e-04 -7.6145110e-04 -7.2086724e-04 -6.3651527e-04 -4.5553652e-04 -8.6772706e-05 -8.8475376e-07 4.4045543e+01 7.1308839e+01 5.3489913e+01 3.7474325e+01 0.0000000e+00 1.2498472e+00 1.0494804e+01 1.9739149e+01 5.3774911e+01 1.1448380e+02 4.1394865e+02 5.5845537e+02 2.8497249e+02 2.6841992e+02 6.7339944e+02 5.6955319e+02 1.5682718e+02 2.0955441e+02 3.6711157e+02 4.2913724e+02 3.5934216e+02 3.2851009e+02 2.9348258e+02 2.0575229e+02 1.7049969e+02 1.9749236e+02 2.3174435e+02 2.0949755e+02 1.6999939e+02 1.4200397e+02 1.2325352e+02 9.2011921e+01
-9.7357978e-04 -9.5350239e-04 -9.3136795e-04 -9.0839710e-04 -8.8338143e-04 -8.5600068e-04 -8.2811999e-04 -7.9843255e-04 -7.6697806e-04 -7.3360151e-04 -6.9864752e-04 -6.6110848e-04 -6.1985454e-04 -5.6871362e-04 -4.7552279e-04 -2.6408693e-04 -1.5093464e-05 1.1410846e-07 4.3108336e-08 2.3167335e-10 8.1243081e+01 6.6008302e+01 0.0000000e+00 3.0732012e+01 4.2235702e+01 1.7012607e+01 3.2559961e+00 7.0043664e+01 3.7157780e+02 4.5635778e+02 3.8471633e+02 4.1923785e+02 4.3724661e+02 2.4864391e+02 2.3504305e+01 7.0780595e+01 1.2253813e+02 1.4803475e+02 1.6177875e+02 2.2055627e+02 2.2705842e+02 1.6502275e+02 1.4276737e+02 1.6302890e+02 1.8628367e+02 1.7302491e+02 1.4376676e+02 1.1551230e+02 1.1475169e+02 1.0647909e+02
-8.9202576e-04 -8.6680697e-04 -8.3950907e-04 -8.1069697e-04 -7.7934205e-04 -7.4635670e-04 -7.1202782e-04 -6.7581163e-04 -6.3803949e-04 -5.9765688e-04 -5.5694279e-04 -5.1530848e-04 -4.6941345e-04 -4.0578478e-04 -3.0594446e-04 -1.0068494e-04 -9.4071572e-07 1.5362956e-07 2.2881345e-08 1.2318427e+02 1.9493659e+02 7.5235925e+01 2.5232213e+01 4.1261600e+01 3.0771499e+01 9.0441844e+01 1.0243256e+02 1.1242421e+01 2.6498763e+02 4.4739699e+02 4.4274799e+02 3.9077985e+02 2.0889297e+02 1.3642452e+02 7.3964426e+01 5.3979584e+01 9.2730048e+01 1.1898299e+02 1.3848546e+02 1.4149227e+02 1.3774644e+02 1.3824366e+02 1.3948453e+02 1.5597525e+02 1.8346783e+02 1.7347463e+02 1.4223407e+02 1.2773005e+02 1.3198763e+02 1.3625263e+02
-7.5240666e-04 -7.2748752e-04 -7.0030368e-04 -6.7026487e-04 -6.3800710e-04 -6.0447582e-04 -5.6887573e-04 -5.3133994e-04 -4.9211392e-04 -4.5057504e-04 -4.0828140e-04 -3.6576282e-04 -3.1587663e-04 -2.5355214e-04 -1.7041294e-04 -3.9674187e-05 -4.1952114e-07 4.6009859e-08 6.4122290e-09 1.0107998e+02 1.4184694e+02 5.9274118e+01 4.4006224e+01 3.8989730e+01 4.6718413e+01 1.2903454e+02 1.3154979e+02 3.1994710e+01 1.6332578e+02 3.3492380e+02 2.9884165e+02 2.3131924e+02 2.3758994e+02 2.4900591e+02 1.3899533e+02 9.2996266e+01 1.5298257e+02 2.4219041e+02 3.3639139e+02 3.1839762e+02 2.6992127e+02 2.4119227e+02 2.0747324e+02 2.0774269e+02 2.3500031e+02 2.1899720e+02 1.9373397e+02 1.7374144e+02 1.5824611e+02 1.4848973e+02
-5.6068412e-04 -5.4141730e-04 -5.1935720e-04 -4.9451360e-04 -4.6787321e-04 -4.3926754e-04 -4.0828019e-04 -3.7559268e-04 -3.4124106e-04 -3.0529593e-04 -2.6842568e-04 -2.3037169e-04 -1.8522065e-04 -1.3527023e-04 -7.7559445e-05 -1.3507098e-05 -1.7193213e-07 2.3297844e-08 2.7685161e-09 -6.8709483e-12 -1.0516032e-12 1.1755479e+01 2.0758296e+01 2.8766749e+01 1.1623826e+02 1.7668535e+02 1.2870163e+02 5.0243895e+01 4.2249530e+01 1.9666156e+02 3.3763338e+02 2.8464684e+02 1.7070132e+02 1.3981246e+02 8.5288351e+01 1.7070507e+02 3.7088103e+02 4.2144772e+02 4.7752098e+02 4.9299374e+02 4.2298341e+02 3.3624859e+02 2.1127458e+02 1.9476550e+02 2.4699217e+02 2.3824076e+02 2.1900031e+02 2.0024202e+02 1.8748560e+02 1.8973450e+02
-3.4682566e-04 -3.3644166e-04 -3.2330850e-04 -3.0808622e-04 -2.9098311e-04 -2.7149972e-04 -2.4989219e-04 -2.2661980e-04 -2.0182965e-04 -1.7580367e-04 -1.4896796e-04 -1.2063027e-04 -8.8788589e-05 -5.6908964e-05 -2.5939346e-05 -2.7804811e-06 1.5667410e-08 1.8232754e-08 2.8424552e-10 -1.0018653e-11 -5.3290705e-13 8.8817842e-16 2.0034646e+00 4.1522341e-14 6.7292677e+01 1.4308630e+02 1.2030402e+02 5.2005039e+01 1.0895843e+02 3.9346504e+02 4.1032165e+02 2.5787079e+02 2.3350945e+02 1.4518370e+02 1.5816543e+02 2.7398016e+02 3.3464268e+02 2.7714362e+02 2.9484402e+02 3.7732921e+02 3.4556551e+02 2.5105512e+02 1.5501071e+02 2.0572748e+02 2.7698898e+02 2.1527378e+02 1.5204189e+02 1.8351858e+02 2.4922559e+02 1.9925961e+02
-1.5545016e-04 -1.5326997e-04 -1.4933941e-04 -1.4378627e-04 -1.3627899e-04 -1.2676511e-04 -1.1569685e-04 -1.0319731e-04 -8.9493492e-05 -7.4881403e-05 -5.9662613e-05 -4.3738134e-05 -2.8141535e-05 -1.4587687e-05 -4.3590476e-06 -4.5849902e-08 3.2499543e-08 3.9594852e-09 -5.2608584e-11 -1.2278178e-11 2.2737368e-13 1.2079227e-13 1.8829382e-13 1.7941204e-13 6.9277917e-14 2.2523765e+00 6.2732097e+01 7.0733048e+01 1.5326378e+02 3.0134363e+02 2.0106052e+02 2.4488656e+02 4.0413229e+02 2.4850127e+02 1.4409411e+02 1.5059823e+02 9.2259981e+01 6.9986692e+01 7.9042143e+01 1.2333128e+02 1.3406813e+02 1.7124509e+02 1.6248447e+02 1.5230656e+02 1.7032874e+02 1.0254753e+02 4.8773290e+01 7.8797688e+01 1.3559664e+02 8.0565591e+01
-3.4880977e-05 -3.5827966e-05 -3.6115615e-05 -3.5435730e-05 -3.3911232e-05 -3.1565265e-05 -2.8542270e-05 -2.4799101e-05 -2.0395541e-05 -1.5811172e-05 -1.1149622e-05 -6.6367597e-06 -3.4782252e-06 -1.4479078e-06 -2.7643046e-07 3.3118113e-08 4.2891770e-09 -1.4165380e-10 -5.7013949e-11 2.8421709e-13 4.4053650e-13 6.3948846e-14 1.3975773e+01 8.2297574e+00 0.0000000e+00 0.0000000e+00 3.2537297e+01 3.6289051e+01 1.1201243e+02 1.8772816e+02 3.9556495e+02 5.6665899e+02 5.1055069e+02 2.9871669e+02 4.4968441e+01 1.5364911e+02 2.5313731e+02 1.7119884e+02 1.7214815e+02 1.7963221e+02 8.8710312e+01 9.7551961e+01 9.3559612e+01 4.3262592e+01 3.7505419e+01 1.9255260e+01 0.0000000e+00 0.0000000e+00 7.3868327e-01 0.0000000e+00
-3.6127194e-06 -3.7632917e-06 -3.8395310e-06 -3.7625655e-06 -3.6172028e-06 -3.3837809e-06 -3.0693145e-06 -2.6810258e-06 -2.1946971e-06 -1.6964382e-06 -1.1796756e-06 -6.9006455e-07 -3.5560151e-07 -1.4132411e-07 -2.3659140e-08 3.1423042e-10 -2.7330316e-10 -8.6174623e-11 -5.4569682e-12 1.3642421e-12 6.2527761e-13 -7.1054274e-14 9.2774209e+00 1.0995510e+02 9.5424953e+01 3.5713278e+01 2.1219693e+01 0.0000000e+00 4.1532713e+01 2.1050738e+02 4.8437941e+02 4.4491982e+02 3.0483098e+02 4.4044259e+02 3.2010520e+02 2.5653560e+02 3.9627165e+02 3.1296055e+02 2.2306992e+02 1.8111770e+02 7.6547786e+01 9.0044900e+00 1.5739898e+01 5.2481399e+01 4.5239577e+01 5.2536882e+00 0.0000000e+00 0.0000000e+00 1.0754971e+01 2.6495510e+01
-3.9605766e-07 -4.1816656e-07 -4.2794181e-07 -4.1894236e-07 -4.0435134e-07 -3.7833297e-07 -3.4332561e-07 -3.0141018e-07 -2.4781411e-07 -1.9094159e-07 -1.3431782e-07 -7.8201538e-08 -4.0160103e-08 -1.6153990e-08 -3.1704985e-09 -3.1150194e-10 -1.0686563e-10 -1.5461410e-11 1.1368684e-12 1.8189894e-12 1.1368684e-12 3.6948222e-13 2.1316282e-13 9.9302109e+01 1.2255808e+02 6.9015488e+01 7.8743386e+01 1.9980963e+01 4.0467734e+01 1.4228662e+02 1.4034180e+02 9.2556465e+01 8.9307595e+01 3.0939245e+02 4.0708970e+02 1.8775855e+02 1.8311583e+02 1.8812035e+02 5.8036138e+01 0.0000000e+00 3.9725639e+01 1.0068627e+02 2.0064078e+02 2.2890482e+02 8.9232092e+01 0.0000000e+00 0.0000000e+00 0.0000000e+00 4.3473864e+01 1.2044386e+02
-4.3749878e-08 -4.6560217e-08 -4.7807589e-08 -4.6943114e-08 -4.5451998e-08 -4.2533429e-08 -3.8578946e-08 -3.3764081e-08 -2.7770056e-08 -2.1494543e-08 -1.5204478e-08 -9.1777110e-09 -4.8221409e-09 -2.0168045e-09 -5.0886229e-10 -9.6406438e-11 -1.7507773e-11 9.0949470e-13 1.8189894e-12 1.3642421e-12 9.0949470e-13 2.2737368e-13 -2.8421709e-13 -2.4158453e-13 -4.7961635e-14 2.0515906e+01 4.7526944e+01 3.0762173e+01 6.4267043e+01 9.8491560e+01 5.4713155e+01 2.7485392e+01 9.1440594e+01 1.3921705e+02 1.4083262e+02 1.9073945e+02 2.0636820e+02 2.0661674e+02 1.7888508e+02 2.2659629e+02 3.3208461e+02 3.5265050e+02 3.7399740e+02 2.7981281e+02 8.2272561e+01 0.0000000e+00 -7.1232083e-16 2.2491560e+01 1.7494092e+02 3.2867128e+02
-4.7584763e-09 -5.0918061e-09 -5.2577889e-09 -5.1913958e-09 -5.0258677e-09 -4.7175490e-09 -4.2846295e-09 -3.7366590e-09 -3.0731826e-09 -2.3928806e-09 -1.7053026e-09 -1.0604708e-09 -5.7298166e-10 -2.5102054e-10 -7.5033313e-11 -1.0459189e-11 1.1368684e-12 1.8189894e-12 1.3642421e-12 1.1368684e-12 6.8212103e-13 2.2737368e-13 1.1368684e-13 1.9895197e-13 2.4158453e-13 1.7408297e-13 4.3225668e+01 7.7956889e+01 8.1971259e+01 1.8395264e+02 1.6821293e+02 2.1189418e+02 2.9492684e+02 1.3478609e+02 8.4953296e+01 2.3523155e+02 3.2105781e+02 3.3305160e+02 2.3333018e+02 2.9361104e+02 5.1854474e+02 4.9450751e+02 3.1179327e+02 1.8025180e+02 7.6481057e+01 2.0000000e+00 2.0000000e+00 1.9010778e+01 1.3033867e+02 2.2114958e+02
-4.7430149e-10 -5.1704774e-10 -5.4069460e-10 -5.4387783e-10 -5.2796167e-10 -4.9885784e-10 -4.5474735e-10 -3.9653969e-10 -3.2696335e-10 -2.5420377e-10 -1.8189894e-10 -1.1414159e-10 -6.1845640e-11 -2.7739588e-11 -7.7307050e-12 4.5474735e-13 1.8189894e-12 1.8189894e-12 1.3642421e-12 4.5474735e-13 0.0000000e+00 0.0000000e+00 -2.2737368e-13 -2.2737368e-13 -1.9895197e-13 -2.1316282e-13 1.3544031e+01 6.2053889e+01 6.4040745e+01 1.3732837e+02 1.5229781e+02 2.7156736e+02 4.6321303e+02 2.3964469e+02 9.6789267e+01 1.7705685e+02 1.3656309e+02 2.4925312e+02 2.5915224e+02 3.0138302e+02 5.1945433e+02 4.8050164e+02 2.9796550e+02 1.7725016e+02 6.8274480e+01 1.3143722e-03 1.0494414e+01 1.0994414e+01 -1.0952499e-05 -5.7334605e-06
-1.8189894e-11 -2.6830094e-11 -3.3196557e-11 -3.7744030e-11 -3.9563020e-11 -3.9108272e-11 -3.6834535e-11 -3.2741809e-11 -2.7284841e-11 -2.1373125e-11 -1.5461410e-11 -9.0949470e-12 -3.6379788e-12 -9.0949470e-13 9.0949470e-13 1.3642421e-12 9.0949470e-13 9.0949470e-13 9.0949470e-13 4.5474735e-13 0.0000000e+00 0.0000000e+00 0.0000000e+00 -1.1368684e-13 -5.6843419e-14 -2.8421709e-13 -2.9842795e-13 -2.3447910e-13 -8.1712415e-14 8.0066120e+00 6.1761736e+01 1.8823727e+02 3.4836323e+02 3.4628554e+02 3.1056900e+02 2.2990776e+02 5.5490082e+01 1.2532885e+02 2.0513422e+02 2.4065803e+02 3.7364249e+02 4.3477860e+02 3.5774521e+02 1.5351554e+02 3.4747520e+01 1.7487107e+01 3.2990743e+01 3.4490082e+01 1.0239586e+01 1.2616454e+02
2.1827873e-11 1.7280399e-11 1.3187673e-11 1.0004442e-11 6.8212103e-12 5.0022209e-12 3.6379788e-12 2.7284841e-12 2.2737368e-12 1.8189894e-12 1.8189894e-12 1.8189894e-12 9.0949470e-13 9.0949470e-13 9.0949470e-13 9.0949470e-13 4.5474735e-13 4.5474735e-13 4.5474735e-13 4.5474735e-13 0.0000000e+00 0.0000000e+00 0.0000000e+00 0.0000000e+00 0.0000000e+00 -2.2737368e-13 -2.8421709e-13 -2.8421709e-13 -3.4816594e-13 -8.8817842e-15 2.2014636e+01 1.0456852e+02 8.4061869e+01 1.9031802e+02 3.5015600e+02 1.9311742e+02 1.0322821e+02 1.1592682e+02 1.2217000e+02 7.5700605e+01 1.4525848e+02 3.0305887e+02 2.2234496e+02 6.6042576e+01 1.3318697e+02 2.2137726e+02 1.8740653e+02 1.0171524e+02 1.5257151e+01 1.6605954e+02
2.1827873e-11 1.8189894e-11 1.4097168e-11 1.1368684e-11 9.0949470e-12 7.2759576e-12 5.9117156e-12 4.5474735e-12 3.6379788e-12 2.7284841e-12 2.2737368e-12 1.8189894e-12 9.0949470e-13 9.0949470e-13 9.0949470e-13 0.0000000e+00 0.0000000e+00 0.0000000e+00 0.0000000e+00 0.0000000e+00 0.0000000e+00 0.0000000e+00 0.0000000e+00 0.0000000e+00 0.0000000e+00 0.0000000e+00 1.1368684e-13 1.4210855e-14 -2.3447910e-13 5.6843419e-14 2.4513724e-13 1.9495516e-13 3.3750780e-14 3.8283299e+01 5.5540160e+01 7.2712350e+01 1.3200268e+02 1.4180639e+02 1.7304652e+02 1.8697523e+02 2.0620064e+02 2.3123879e+02 1.5819729e+02 5.9461513e+01 1.7053849e+02 2.9782246e+02 2.3531208e+02 9.7287985e+01 1.2521753e+00 3.3528781e+01
1.6825652e-11 1.4097168e-11 1.1823431e-11 9.0949470e-12 7.7307050e-12 6.3664629e-12 5.0022209e-12 3.6379788e-12 3.1832315e-12 2.2737368e-12 1.8189894e-12 9.0949470e-13 4.5474735e-13 0.0000000e+00 0.0000000e+00 0.0000000e+00 0.0000000e+00 0.0000000e+00 0.0000000e+00 0.0000000e+00 0.0000000e+00 0.0000000e+00 0.0000000e+00 0.0000000e+00 0.0000000e+00 -2.2737368e-13 -1.1368684e-13 -8.5265128e-14 -3.9790393e-13 -3.5527137e-13 -3.5527137e-14 -1.3145041e-13 3.1974423e-14 -8.3488771e-14 -1.8007817e-13 6.9040407e+01 6.3043774e+01 2.6021214e+01 5.3283841e+01 1.1532324e+02 1.4359193e+02 1.2483300e+02 1.2482559e+02 6.4785188e+01 1.0300673e+02 1.5302458e+02 1.0477542e+02 5.8487878e+01 5.9958246e+01 7.8940400e+01
7.2759576e-12 6.3664629e-12 5.4569682e-12 5.0022209e-12 4.0927262e-12 3.1832315e-12 2.7284841e-12 2.2737368e-12 1.8189894e-12 1.3642421e-12 9.0949470e-13 4.5474735e-13 4.5474735e-13 4.5474735e-13 0.0000000e+00 0.0000000e+00 0.0000000e+00 0.0000000e+00 0.0000000e+00 0.0000000e+00 0.0000000e+00 0.0000000e+00 0.0000000e+00 0.0000000e+00 2.2737368e-13 0.0000000e+00 0.0000000e+00 1.1368684e-13 -1.7053026e-13 -2.2737368e-13 1.4210855e-13 -2.2737368e-13 2.2737368e-13 1.1723955e-13 1.0036416e-13 -8.1712415e-14 -2.8244074e-13 -3.6681769e-13 2.0006776e+00 3.3481705e+01 9.9687153e+01 1.2316750e+02 2.0511939e+02 2.8431569e+02 3.7455909e+02 2.6265090e+02 2.2963972e+02 2.1565564e+02 1.4023763e+02 3.6461634e+02
9.0949470e-13 4.5474735e-13 9.0949470e-13 1.3642421e-12 9.0949470e-13 9.0949470e-13 4.5474735e-13 0.0000000e+00 0.0000000e+00 4.5474735e-13 4.5474735e-13 4.5474735e-13 0.0000000e+00 0.0000000e+00 0.0000000e+00 0.0000000e+00 0.0000000e+00 0.0000000e+00 0.0000000e+00 0.0000000e+00 0.0000000e+00 0.0000000e+00 0.0000000e+00 0.0000000e+00 0.0000000e+00 0.0000000e+00 0.0000000e+00 0.0000000e+00 -1.1368684e-13 -1.7053026e-13 1.7053026e-13 -5.4001248e-13 6.3948846e-14 -4.2632564e-14 -5.6843419e-14 6.3948846e-14 -3.1974423e-14 4.4965911e+01 4.9716763e+01 3.8015340e+01 1.1655182e+02 1.3432551e+02 2.3161352e+02 3.0816942e+02 3.6469908e+02 3.1056716e+02 2.5584323e+02 3.3126619e+02 4.0208382e+02 7.0365336e+02
0.0000000e+00 0.0000000e+00 0.0000000e+00 0.0000000e+00 0.0000000e+00 0.0000000e+00 0.0000000e+00 0.0000000e+00 0.0000000e+00 0.0000000e+00 0.0000000e+00 0.0000000e+00 0.0000000e+00 0.0000000e+00 0.0000000e+00 0.0000000e+00 0.0000000e+00 0.0000000e+00 0.0000000e+00 0.0000000e+00 0.0000000e+00 0.0000000e+00 0.0000000e+00 0.0000000e+00 0.0000000e+00 0.0000000e+00 0.0000000e+00 0.0000000e+00 -2.2737368e-13 -2.2737368e-13 -2.2737368e-13 -4.5474735e-13 -1.7053026e-13 -1.9895197e-13 -1.2789769e-13 1.4210855e-14 -2.7000624e-13 6.3108820e+00 2.5550078e+01 -2.5224267e-13 1.2769253e+00 3.2243998e+01 6.5249828e+01 3.6515778e+01 3.8523324e+01 1.0607272e+02 8.1026068e+01 2.0407100e+02 3.9392304e+02 5.3496317e+02
0.0000000e+00 0.0000000e+00 0.0000000e+00 0.0000000e+00 0.0000000e+00 0.0000000e+00 0.0000000e+00 0.0000000e+00 -4.5474735e-13 0.0000000e+00 0.0000000e+00 0.0000000e+00 0.0000000e+00 -4.5474735e-13 0.0000000e+00 0.0000000e+00 0.0000000e+00 0.0000000e+00 0.0000000e+00 0.0000000e+00 0.0000000e+00 0.0000000e+00 0.0000000e+00 0.0000000e+00 0.0000000e+00 0.0000000e+00 0.0000000e+00 0.0000000e+00 0.0000000e+00 0.0000000e+00 0.0000000e+00 0.0000000e+00 0.0000000e+00 0.0000000e+00 -5.6843419e-14 0.0000000e+00 -3.1263880e-13 -5.6843419e-14 -1.8474111e-13 -1.9895197e-13 -1.3500312e-13 -1.9051427e-13 2.3279163e+01 1.5498620e+01 1.0093339e+02 1.0217942e+02 3.8003451e+01 5.8778818e+01 7.3796764e+01 1.1757351e+02
