visualization/geoclaw_output/chile2010/eta_0006.asc
ncols     360
nrows     360
xllcorner -1.199166666650000e+02
yllcorner -5.991666666500000e+01
cellsize  1.666666700000000e-01
nodata_value       -9999
[rows 264 to 285 of 360, columns 100 to 149 of 360]
-5.1566076e-08 -4.0613213e-07 -3.0013803e-06 -1.9585189e-05 -5.9867479e-05 -1.1775400e-04 -1.8208279e-04 -2.3756117e-04 -2.6583890e-04 -2.6981881e-04 -2.6862230e-04 -2.5716281e-04 -1.9881093e-04 -8.0872240e-05 8.0695089e-05 2.7021006e-04 4.7538789e-04 6.8122919e-04 8.8849880e-04 1.1191485e-03 1.4028104e-03 1.7655164e-03 2.2386258e-03 2.8689863e-03 3.7197489e-03 4.8534987e-03 6.3436149e-03 8.2275698e-03 1.0552875e-02 1.3349737e-02 1.6644808e-02 2.0362919e-02 2.4291331e-02 2.8334856e-02 3.2285257e-02 3.6082938e-02 3.9534815e-02 4.2270186e-02 4.4364145e-02 4.5555583e-02 4.6310009e-02 4.6668808e-02 4.6851718e-02 4.7111692e-02 4.7673251e-02 4.8819710e-02 5.0828183e-02 5.3949675e-02 5.8329420e-02 6.4073542e-02
-3.0464889e-08 -2.5625013e-07 -1.9291083e-06 -1.3984319e-05 -5.0657006e-05 -1.0758920e-04 -1.7397849e-04 -2.3494942e-04 -2.7205346e-04 -2.7973976e-04 -2.7896340e-04 -2.7222010e-04 -2.2994348e-04 -1.2764007e-04 2.0956921e-05 2.0119941e-04 3.9936014e-04 6.0353848e-04 8.0967018e-04 1.0335002e-03 1.3010291e-03 1.6442022e-03 2.0984708e-03 2.7039696e-03 3.5208177e-03 4.6147454e-03 6.0621600e-03 7.8868804e-03 1.0125081e-02 1.2796352e-02 1.5944154e-02 1.9541480e-02 2.3446238e-02 2.7401009e-02 3.1316969e-02 3.5042948e-02 3.8496294e-02 4.1253602e-02 4.3284144e-02 4.4660701e-02 4.5555563e-02 4.6049894e-02 4.6267638e-02 4.6482776e-02 4.6878682e-02 4.7701161e-02 4.9218982e-02 5.1687791e-02 5.5306593e-02 6.0284063e-02
-1.9550043e-08 -1.7587990e-07 -1.3120998e-06 -9.9525382e-06 -4.2344745e-05 -9.6813168e-05 -1.6344467e-04 -2.2862017e-04 -2.7386670e-04 -2.8756981e-04 -2.8773789e-04 -2.8367302e-04 -2.5502562e-04 -1.6819736e-04 -3.2552547e-05 1.3675473e-04 3.2517486e-04 5.2259969e-04 7.2737884e-04 9.4823328e-04 1.2057407e-03 1.5336494e-03 1.9712220e-03 2.5599405e-03 3.3456563e-03 4.3877038e-03 5.7498776e-03 7.4625694e-03 9.5830243e-03 1.2151474e-02 1.5167941e-02 1.8609164e-02 2.2387949e-02 2.6287261e-02 3.0218292e-02 3.4019421e-02 3.7384444e-02 4.0245125e-02 4.2463691e-02 4.4044123e-02 4.5052911e-02 4.5631841e-02 4.5863351e-02 4.6018303e-02 4.6256491e-02 4.6760361e-02 4.7834608e-02 4.9701633e-02 5.2663080e-02 5.6895373e-02
-1.3995304e-08 -1.3536692e-07 -9.9484078e-07 -7.4564305e-06 -3.5327631e-05 -8.6591053e-05 -1.5184913e-04 -2.1855190e-04 -2.7108658e-04 -2.9299630e-04 -2.9495333e-04 -2.9282046e-04 -2.7433097e-04 -2.0264305e-04 -8.0389487e-05 7.7055719e-05 2.5450190e-04 4.4292465e-04 6.4233399e-04 8.6003232e-04 1.1107277e-03 1.4223803e-03 1.8346197e-03 2.3977902e-03 3.1484031e-03 4.1366939e-03 5.4096039e-03 7.0207130e-03 9.0226163e-03 1.1476508e-02 1.4353265e-02 1.7645468e-02 2.1293537e-02 2.5073059e-02 2.8919030e-02 3.2729919e-02 3.6228299e-02 3.9189591e-02 4.1545612e-02 4.3329126e-02 4.4528873e-02 4.5274665e-02 4.5601544e-02 4.5764762e-02 4.5897838e-02 4.6159491e-02 4.6805325e-02 4.8129327e-02 5.0375381e-02 5.3770359e-02
-1.0365056e-08 -1.1231850e-07 -8.1756389e-07 -5.9061254e-06 -2.9764765e-05 -7.6822872e-05 -1.3923788e-04 -2.0609798e-04 -2.6380708e-04 -2.9562507e-04 -3.0110946e-04 -3.0011608e-04 -2.8910838e-04 -2.3240923e-04 -1.2300080e-04 2.1389033e-05 1.8678562e-04 3.6506492e-04 5.5654780e-04 7.6832740e-04 1.0141812e-03 1.3173264e-03 1.7104436e-03 2.2386706e-03 2.9393334e-03 3.8627983e-03 5.0646394e-03 6.5809192e-03 8.4579229e-03 1.0744365e-02 1.3452901e-02 1.6575990e-02 2.0103890e-02 2.3805235e-02 2.7564528e-02 3.1302645e-02 3.4868640e-02 3.8023855e-02 4.0645700e-02 4.2691196e-02 4.4076997e-02 4.4938645e-02 4.5381534e-02 4.5579780e-02 4.5643229e-02 4.5724741e-02 4.6030234e-02 4.6880169e-02 4.8456461e-02 5.1057107e-02
-6.9589987e-09 -9.3559720e-08 -6.8873260e-07 -4.8403026e-06 -2.5510451e-05 -6.7897958e-05 -1.2657196e-04 -1.9254097e-04 -2.5363502e-04 -2.9478019e-04 -3.0637293e-04 -3.0628231e-04 -3.0053782e-04 -2.5919688e-04 -1.6249880e-04 -3.0060282e-05 1.2337880e-04 2.9122769e-04 4.7369832e-04 6.7703969e-04 9.1517328e-04 1.2099292e-03 1.5884435e-03 2.0835592e-03 2.7323504e-03 3.5844642e-03 4.6952078e-03 6.1104777e-03 7.8681160e-03 1.0003450e-02 1.2533790e-02 1.5462919e-02 1.8797433e-02 2.2395729e-02 2.6102407e-02 2.9825069e-02 3.3472824e-02 3.6816099e-02 3.9722066e-02 4.2039694e-02 4.3588293e-02 4.4526592e-02 4.5048485e-02 4.5288058e-02 4.5356510e-02 4.5385046e-02 4.5528891e-02 4.5969674e-02 4.6936173e-02 4.8782100e-02
-3.4206096e-09 -7.5653588e-08 -5.7108446e-07 -3.9268175e-06 -2.1810382e-05 -5.9936678e-05 -1.1472065e-04 -1.7884052e-04 -2.4145918e-04 -2.8942351e-04 -3.1022817e-04 -3.1219587e-04 -3.0961243e-04 -2.8316484e-04 -2.0196057e-04 -8.2933911e-05 6.0046402e-05 2.2145417e-04 3.9699883e-04 5.8888338e-04 8.1276733e-04 1.0921672e-03 1.4545465e-03 1.9257682e-03 2.5279539e-03 3.3134627e-03 4.3354246e-03 5.6387691e-03 7.2582858e-03 9.2374194e-03 1.1594797e-02 1.4334132e-02 1.7465024e-02 2.0904605e-02 2.4521535e-02 2.8215203e-02 3.1870241e-02 3.5317848e-02 3.8466575e-02 4.1216642e-02 4.3034977e-02 4.4206326e-02 4.4894118e-02 4.5198759e-02 4.5256526e-02 4.5246290e-02 4.5265069e-02 4.5409447e-02 4.5861672e-02 4.7025704e-02
8.4401108e-10 -5.5747478e-08 -4.5012166e-07 -3.0376914e-06 -1.8180323e-05 -5.2557832e-05 -1.0347836e-04 -1.6535648e-04 -2.2881333e-04 -2.8200242e-04 -3.1284652e-04 -3.1911437e-04 -3.1811406e-04 -3.0346339e-04 -2.3980158e-04 -1.3367736e-04 -1.5137621e-06 1.4944090e-04 3.1509334e-04 4.9710001e-04 7.0956433e-04 9.7284186e-04 1.3129779e-03 1.7555674e-03 2.3202414e-03 3.0495976e-03 3.9902769e-03 5.1805444e-03 6.6597424e-03 8.4712544e-03 1.0645262e-02 1.3208057e-02 1.6160519e-02 1.9441624e-02 2.2947286e-02 2.6555132e-02 3.0136993e-02 3.3584090e-02 3.6934440e-02 4.0133488e-02 4.2508135e-02 4.3965617e-02 4.4834617e-02 4.5204085e-02 4.5259120e-02 4.5206082e-02 4.5119473e-02 4.5048126e-02 4.5070673e-02 4.5640518e-02
5.7198122e-09 -3.3298875e-08 -3.1751006e-07 -2.2220456e-06 -1.4189498e-05 -4.5078369e-05 -9.2738323e-05 -1.5242432e-04 -2.1599420e-04 -2.7292207e-04 -3.1228861e-04 -3.2575550e-04 -3.2671919e-04 -3.2118682e-04 -2.7755281e-04 -1.8331070e-04 -6.1493892e-05 7.6694150e-05 2.3126335e-04 4.0510408e-04 6.0719389e-04 8.5338204e-04 1.1652653e-03 1.5686189e-03 2.0918887e-03 2.7695573e-03 3.6398215e-03 4.7355834e-03 6.0967204e-03 7.7636778e-03 9.7650269e-03 1.2126015e-02 1.4872053e-02 1.7995680e-02 2.1407770e-02 2.4998550e-02 2.8647758e-02 3.2234467e-02 3.5662063e-02 3.8726203e-02 4.1301415e-02 4.3064310e-02 4.4225945e-02 4.4750718e-02 4.4997942e-02 4.5029042e-02 4.4973676e-02 4.4826425e-02 4.4682039e-02 4.4785033e-02
1.0766598e-08 -1.2176315e-08 -1.9383697e-07 -1.4540269e-06 -9.9702984e-06 -3.6865417e-05 -8.1507713e-05 -1.3960577e-04 -2.0363605e-04 -2.6408207e-04 -3.1093025e-04 -3.3376880e-04 -3.3739518e-04 -3.3581114e-04 -3.1244204e-04 -2.3618905e-04 -1.2531560e-04 4.1220769e-06 1.5008142e-04 3.1427629e-04 5.0296605e-04 7.3067173e-04 1.0177224e-03 1.3859984e-03 1.8614777e-03 2.4781394e-03 3.2761519e-03 4.2806728e-03 5.5279890e-03 7.0628394e-03 8.9061755e-03 1.1090277e-02 1.3645360e-02 1.6579636e-02 1.9834514e-02 2.3337072e-02 2.7003963e-02 3.0707786e-02 3.4233416e-02 3.7361498e-02 4.0142769e-02 4.2276790e-02 4.3760597e-02 4.4564117e-02 4.4895051e-02 4.5016929e-02 4.5010586e-02 4.4791639e-02 4.4496694e-02 4.4310483e-02
1.5974820e-08 4.6670721e-09 -9.9484623e-08 -8.5829652e-07 -6.2744480e-06 -2.8319389e-05 -6.9475424e-05 -1.2603776e-04 -1.9091748e-04 -2.5529065e-04 -3.0930947e-04 -3.4239266e-04 -3.5082139e-04 -3.5063270e-04 -3.4008715e-04 -2.8550184e-04 -1.8929212e-04 -6.8571862e-05 6.9021037e-05 2.2344654e-04 4.0020296e-04 6.1062594e-04 8.7327948e-04 1.2079037e-03 1.6383074e-03 2.1943585e-03 2.9138953e-03 3.8298792e-03 4.9699286e-03 6.3717891e-03 8.0674341e-03 1.0089259e-02 1.2471709e-02 1.5229350e-02 1.8324639e-02 2.1691162e-02 2.5244701e-02 2.8866833e-02 3.2441653e-02 3.5792493e-02 3.8832798e-02 4.1409527e-02 4.3315747e-02 4.4487770e-02 4.5049917e-02 4.5149865e-02 4.5084278e-02 4.4869410e-02 4.4502840e-02 4.4100973e-02
2.1842425e-08 1.7453658e-08 -3.7427071e-08 -4.7024105e-07 -3.5313828e-06 -2.0230778e-05 -5.6975787e-05 -1.1106814e-04 -1.7609511e-04 -2.4389426e-04 -3.0462342e-04 -3.4801213e-04 -3.6556769e-04 -3.6754441e-04 -3.6421197e-04 -3.3104568e-04 -2.5123880e-04 -1.4087343e-04 -1.1621253e-05 1.3377464e-04 2.9940496e-04 4.9297420e-04 7.3097633e-04 1.0349350e-03 1.4275791e-03 1.9303958e-03 2.5740877e-03 3.3983525e-03 4.4309117e-03 5.7049240e-03 7.2557082e-03 9.1094355e-03 1.1308812e-02 1.3884454e-02 1.6813377e-02 2.0034663e-02 2.3470889e-02 2.7052986e-02 3.0697439e-02 3.4161859e-02 3.7303142e-02 4.0071131e-02 4.2338890e-02 4.3918288e-02 4.4816956e-02 4.5093584e-02 4.5093830e-02 4.4978557e-02 4.4671224e-02 4.4196327e-02
2.8852810e-08 2.8183877e-08 2.4751898e-09 -2.3033499e-07 -1.9383579e-06 -1.3126063e-05 -4.4565240e-05 -9.4870096e-05 -1.5905047e-04 -2.2994094e-04 -2.9770933e-04 -3.5179758e-04 -3.8140289e-04 -3.8708388e-04 -3.8613357e-04 -3.7019833e-04 -3.0908366e-04 -2.1085009e-04 -9.0661657e-05 4.6144251e-05 2.0145981e-04 3.8082315e-04 5.9828181e-04 8.7281432e-04 1.2261742e-03 1.6791332e-03 2.2556822e-03 2.9922757e-03 3.9201934e-03 5.0655468e-03 6.4678531e-03 8.1658473e-03 1.0193038e-02 1.2575823e-02 1.5312520e-02 1.8376968e-02 2.1694795e-02 2.5192560e-02 2.8796068e-02 3.2385299e-02 3.5725222e-02 3.8715251e-02 4.1276896e-02 4.3235430e-02 4.4531989e-02 4.5047638e-02 4.5122045e-02 4.5043497e-02 4.4792915e-02 4.4277820e-02
3.6369329e-08 3.9163297e-08 2.9066541e-08 -8.9571131e-08 -1.0160911e-06 -7.7444238e-06 -3.2899377e-05 -7.8257177e-05 -1.4029126e-04 -2.1308530e-04 -2.8694690e-04 -3.5136755e-04 -3.9498039e-04 -4.0849614e-04 -4.0868399e-04 -4.0259452e-04 -3.6127810e-04 -2.7776036e-04 -1.6753336e-04 -3.9274119e-05 1.0602904e-04 2.7382438e-04 4.7520736e-04 7.2498297e-04 1.0406875e-03 1.4454842e-03 1.9625188e-03 2.6189825e-03 3.4452206e-03 4.4710094e-03 5.7359122e-03 7.2799179e-03 9.1313598e-03 1.1315543e-02 1.3851003e-02 1.6735883e-02 1.9907530e-02 2.3276177e-02 2.6768277e-02 3.0341379e-02 3.3875059e-02 3.7131588e-02 3.9998225e-02 4.2317238e-02 4.4014806e-02 4.4946998e-02 4.5147968e-02 4.5092209e-02 4.4929536e-02 4.4456028e-02
4.2167358e-08 5.2008090e-08 4.9973096e-08 -4.3601176e-09 -4.8340416e-07 -4.0389336e-06 -2.2563734e-05 -6.2361500e-05 -1.2108371e-04 -1.9401343e-04 -2.7214359e-04 -3.4559434e-04 -4.0299566e-04 -4.2975392e-04 -4.3244528e-04 -4.2994567e-04 -4.0596744e-04 -3.4014240e-04 -2.4222836e-04 -1.2304568e-04 1.2828868e-05 1.6904250e-04 3.5438471e-04 5.8156768e-04 8.6693931e-04 1.2305731e-03 1.6959398e-03 2.2790003e-03 3.0075085e-03 3.9178160e-03 5.0569909e-03 6.4648376e-03 8.1605227e-03 1.0143089e-02 1.2451443e-02 1.5104868e-02 1.8082343e-02 2.1334633e-02 2.4765634e-02 2.8303117e-02 3.1858225e-02 3.5278546e-02 3.8403534e-02 4.1047345e-02 4.3129623e-02 4.4551828e-02 4.5103998e-02 4.5119481e-02 4.5033311e-02 4.4684693e-02
4.3938599e-08 6.6050234e-08 6.9938778e-08 4.8940365e-08 -1.8286892e-07 -1.9937152e-06 -1.3829782e-05 -4.7167859e-05 -1.0150023e-04 -1.7297211e-04 -2.5391867e-04 -3.3463766e-04 -4.0361798e-04 -4.4669091e-04 -4.5668653e-04 -4.5538691e-04 -4.4352003e-04 -3.9703141e-04 -3.1450994e-04 -2.0633039e-04 -7.9133137e-05 6.7230775e-05 2.3886925e-04 4.4615162e-04 7.0434931e-04 1.0311458e-03 1.4469604e-03 1.9639568e-03 2.6043075e-03 3.4027708e-03 4.4215962e-03 5.7070983e-03 7.2770847e-03 9.0802156e-03 1.1171968e-02 1.3596224e-02 1.6330906e-02 1.9356804e-02 2.2638896e-02 2.6104074e-02 2.9670303e-02 3.3213162e-02 3.6551222e-02 3.9481273e-02 4.1932157e-02 4.3798801e-02 4.4861666e-02 4.5087575e-02 4.5025427e-02 4.4828194e-02
4.1973180e-08 7.7091499e-08 9.1249603e-08 8.5862212e-08 -1.7143066e-08 -8.9503646e-07 -7.3492038e-06 -3.3215440e-05 -8.2174163e-05 -1.5095454e-04 -2.3311714e-04 -3.1925054e-04 -3.9860154e-04 -4.5685549e-04 -4.7965158e-04 -4.8066093e-04 -4.7512239e-04 -4.4623272e-04 -3.8054442e-04 -2.8652374e-04 -1.6957953e-04 -3.2183907e-05 1.2771218e-04 3.1865326e-04 5.5324021e-04 8.4655848e-04 1.2166537e-03 1.6794084e-03 2.2550796e-03 2.9728043e-03 3.8825588e-03 5.0204863e-03 6.4294962e-03 8.0663702e-03 9.9621055e-03 1.2174551e-02 1.4694369e-02 1.7495783e-02 2.0568569e-02 2.3867882e-02 2.7345391e-02 3.0922906e-02 3.4438112e-02 3.7634916e-02 4.0402010e-02 4.2629138e-02 4.4184473e-02 4.4827438e-02 4.4876147e-02 4.4791444e-02
3.6406618e-08 8.2211500e-08 1.1309294e-07 1.1542170e-07 7.4919626e-08 -3.3363222e-07 -3.4559139e-06 -2.1577393e-05 -6.4321669e-05 -1.2927486e-04 -2.1069855e-04 -2.9974723e-04 -3.8620067e-04 -4.5639303e-04 -4.9685652e-04 -5.0406332e-04 -5.0149466e-04 -4.8676426e-04 -4.3883231e-04 -3.6003772e-04 -2.5618511e-04 -1.2973582e-04 1.8429557e-05 1.9481456e-04 4.1003561e-04 6.7683108e-04 1.0100873e-03 1.4282601e-03 1.9520929e-03 2.6079931e-03 3.4278832e-03 4.4378095e-03 5.6739333e-03 7.1396531e-03 8.8549872e-03 1.0874780e-02 1.3208409e-02 1.5819065e-02 1.8698997e-02 2.1833746e-02 2.5184131e-02 2.8661593e-02 3.2147917e-02 3.5468912e-02 3.8477268e-02 4.1038096e-02 4.3046326e-02 4.4298815e-02 4.4632399e-02 4.4618700e-02
2.8919203e-08 8.0993232e-08 1.3007275e-07 1.4171746e-07 1.2568489e-07 -7.3558112e-08 -1.6917952e-06 -1.3086776e-05 -4.8841654e-05 -1.0844584e-04 -1.8729839e-04 -2.7724372e-04 -3.6767047e-04 -4.4714125e-04 -5.0353611e-04 -5.2409609e-04 -5.2508488e-04 -5.1944487e-04 -4.8911014e-04 -4.2607282e-04 -3.3603624e-04 -2.2244985e-04 -8.5862483e-05 7.7731296e-05 2.7638600e-04 5.2128210e-04 8.2407801e-04 1.2015656e-03 1.6744174e-03 2.2650245e-03 3.0015787e-03 3.9065401e-03 5.0059834e-03 6.3156267e-03 7.8613269e-03 9.6870812e-03 1.1812200e-02 1.4224559e-02 1.6924752e-02 1.9900935e-02 2.3101776e-02 2.6450935e-02 2.9882180e-02 3.3246055e-02 3.6403612e-02 3.9225161e-02 4.1595314e-02 4.3344360e-02 4.4250678e-02 4.4382346e-02
2.0692823e-08 7.3890078e-08 1.3859517e-07 1.6492413e-07 1.5907517e-07 5.2603355e-08 -8.5268584e-07 -7.5293892e-06 -3.5313243e-05 -8.8152098e-05 -1.6238084e-04 -2.5189528e-04 -3.4510329e-04 -4.3183141e-04 -5.0123504e-04 -5.4089297e-04 -5.4782137e-04 -5.4562523e-04 -5.3045818e-04 -4.8431438e-04 -4.0864012e-04 -3.0792336e-04 -1.8309105e-04 -3.2401248e-05 1.4987392e-04 3.7344214e-04 6.4991239e-04 9.9423562e-04 1.4232449e-03 1.9553623e-03 2.6121016e-03 3.4159573e-03 4.3933498e-03 5.5676015e-03 6.9598801e-03 8.6009992e-03 1.0524292e-02 1.2739924e-02 1.5244575e-02 1.8031026e-02 2.1066639e-02 2.4289447e-02 2.7643577e-02 3.1005052e-02 3.4247425e-02 3.7254129e-02 3.9903996e-02 4.2051074e-02 4.3498775e-02 4.4033193e-02
1.3543286e-08 6.2371328e-08 1.3744193e-07 1.8475293e-07 1.8675473e-07 1.3027693e-07 -3.8479448e-07 -4.0210571e-06 -2.3886822e-05 -6.8909531e-05 -1.3751886e-04 -2.2438016e-04 -3.1871174e-04 -4.1062053e-04 -4.9107305e-04 -5.4833023e-04 -5.6922575e-04 -5.6962730e-04 -5.6337319e-04 -5.3513545e-04 -4.7474588e-04 -3.8742503e-04 -2.7476701e-04 -1.3699363e-04 3.0673223e-05 2.3638364e-04 4.8854769e-04 8.0100780e-04 1.1895606e-03 1.6703731e-03 2.2583411e-03 2.9722872e-03 3.8377703e-03 4.8818654e-03 6.1345190e-03 7.6176906e-03 9.3591086e-03 1.1375880e-02 1.3671278e-02 1.6249417e-02 1.9093596e-02 2.2152472e-02 2.5376662e-02 2.8686826e-02 3.1969434e-02 3.5107589e-02 3.7980880e-02 4.0453978e-02 4.2356960e-02 4.3490849e-02
7.5060598e-09 4.6940841e-08 1.2539749e-07 1.9818799e-07 2.1505093e-07 1.9351137e-07 -5.2889845e-08 -1.8754818e-06 -1.3923257e-05 -5.0919247e-05 -1.1335774e-04 -1.9576403e-04 -2.8952298e-04 -3.8565775e-04 -4.7438980e-04 -5.4519813e-04 -5.8546602e-04 -5.9270220e-04 -5.9014494e-04 -5.7649400e-04 -5.3284281e-04 -4.6044374e-04 -3.6065830e-04 -2.3590978e-04 -8.2419348e-05 1.0779679e-04 3.3724869e-04 6.1761867e-04 9.6810888e-04 1.4043844e-03 1.9357887e-03 2.5731350e-03 3.3418043e-03 4.2689897e-03 5.3861932e-03 6.7204761e-03 8.2916853e-03 1.0117145e-02 1.2207496e-02 1.4570256e-02 1.7196999e-02 2.0063556e-02 2.3134696e-02 2.6347990e-02 2.9619223e-02 3.2820327e-02 3.5850625e-02 3.8598070e-02 4.0898558e-02 4.2581503e-02
