visualization/geoclaw_output/chile2010/eta_0001.asc
ncols     360
nrows     360
xllcorner -1.199166666650000e+02
yllcorner -5.991666666500000e+01
cellsize  1.666666700000000e-01
nodata_value       -9999
[rows 22 to 43 of 360, columns 250 to 299 of 360]
9.5650048e+02 8.0174944e+02 4.6200002e+02 3.9325230e+02 3.5400099e+02 2.5624982e+02 2.3025093e+02 2.3925091e+02 2.2725039e+02 2.1675026e+02 2.0475025e+02 1.9725017e+02 1.9700011e+02 1.9700010e+02 1.9025006e+02 1.8125002e+02 1.7300003e+02 1.6500008e+02 1.6125012e+02 1.6025029e+02 1.5625036e+02 1.4925018e+02 1.4499995e+02 1.4074994e+02 1.3500008e+02 1.3250006e+02 1.2900003e+02 1.2199995e+02 1.1524990e+02 1.1099994e+02 1.0774998e+02 1.0524999e+02 1.0350002e+02 1.0325004e+02 1.0375002e+02 1.0300000e+02 1.0200000e+02 1.0100000e+02 1.0000000e+02 9.9499984e+01 9.7999968e+01 9.7000000e+01 9.7000064e+01 9.7250087e+01 9.5000048e+01 9.2750024e+01 9.2000032e+01 9.1250040e+01 9.4000079e+01 9.8500048e+01
9.1725080e+02 8.7124828e+02 5.7149635e+02 3.9299761e+02 4.4574593e+02 3.9324564e+02 2.7249763e+02 2.0325024e+02 2.0525032e+02 2.0000028e+02 1.9150018e+02 1.8950008e+02 1.9150007e+02 1.8825019e+02 1.8025027e+02 1.7200028e+02 1.6500023e+02 1.5600022e+02 1.4975026e+02 1.4625016e+02 1.4350005e+02 1.4125007e+02 1.4025021e+02 1.3675019e+02 1.2900012e+02 1.2625014e+02 1.2600007e+02 1.2350000e+02 1.1899998e+02 1.1349998e+02 1.0899998e+02 1.0624998e+02 1.0399997e+02 1.0249998e+02 1.0200003e+02 1.0200003e+02 1.0200000e+02 1.0149998e+02 1.0049998e+02 1.0000000e+02 9.9499983e+01 9.8499950e+01 9.7249925e+01 9.5499967e+01 9.3250008e+01 9.1500017e+01 9.0500017e+01 8.9500017e+01 8.9750058e+01 9.3250124e+01
1.0819935e+03 8.4375274e+02 5.7775359e+02 4.1450175e+02 4.7000341e+02 4.6300213e+02 3.0875122e+02 1.9350009e+02 1.9250010e+02 1.8900009e+02 1.8325010e+02 1.8275015e+02 1.8525015e+02 1.7850014e+02 1.6625020e+02 1.5550028e+02 1.4825034e+02 1.4325022e+02 1.3875011e+02 1.3800012e+02 1.4000007e+02 1.3825003e+02 1.3350002e+02 1.2925006e+02 1.2375006e+02 1.2075004e+02 1.2200007e+02 1.2125008e+02 1.1775006e+02 1.1300003e+02 1.0925001e+02 1.0700000e+02 1.0450002e+02 1.0250002e+02 1.0149998e+02 1.0100000e+02 1.0100003e+02 1.0150002e+02 1.0149998e+02 1.0099997e+02 1.0099997e+02 1.0049998e+02 9.9749991e+01 9.6999983e+01 9.3249991e+01 9.1000000e+01 8.9500017e+01 8.8500017e+01 8.8000000e+01 8.8500035e+01
1.0322586e+03 7.7499962e+02 6.7774266e+02 4.2599777e+02 3.5050076e+02 4.5349813e+02 3.3899764e+02 1.8700014e+02 1.8600013e+02 1.8250014e+02 1.7825008e+02 1.7675006e+02 1.7750013e+02 1.7125012e+02 1.5600016e+02 1.4425012e+02 1.3999995e+02 1.3650002e+02 1.2950022e+02 1.2925019e+02 1.3500011e+02 1.3575006e+02 1.3225003e+02 1.2750000e+02 1.2175001e+02 1.1875003e+02 1.1900004e+02 1.1800004e+02 1.1500004e+02 1.1150002e+02 1.0850002e+02 1.0600004e+02 1.0350002e+02 1.0200000e+02 1.0150002e+02 1.0000004e+02 9.9000036e+01 9.9500054e+01 1.0100004e+02 1.0175001e+02 1.0125003e+02 1.0025003e+02 9.8500054e+01 9.5500072e+01 9.2750027e+01 9.1000000e+01 8.9499982e+01 8.8499982e+01 8.7500018e+01 8.6250045e+01
6.9975351e+02 6.5250498e+02 7.1450625e+02 4.0125325e+02 2.9825117e+02 3.6725518e+02 3.0000391e+02 1.8200004e+02 1.7925012e+02 1.7625008e+02 1.7200015e+02 1.7050017e+02 1.7125010e+02 1.6375016e+02 1.4975007e+02 1.4274993e+02 1.3825012e+02 1.3325010e+02 1.2749985e+02 1.2624992e+02 1.2900011e+02 1.2975016e+02 1.2800013e+02 1.2600006e+02 1.2125001e+02 1.1750002e+02 1.1700004e+02 1.1600004e+02 1.1350002e+02 1.1100000e+02 1.0800000e+02 1.0500000e+02 1.0250002e+02 1.0100004e+02 1.0050002e+02 9.9249991e+01 9.8249991e+01 9.8000000e+01 9.8500056e+01 9.8750103e+01 9.8250084e+01 9.7250084e+01 9.5500056e+01 9.3749991e+01 9.2999963e+01 9.1999963e+01 9.0999963e+01 9.0249953e+01 8.6500019e+01 7.9250215e+01
6.3124902e+02 4.0600441e+02 4.1800503e+02 3.4849868e+02 3.6774608e+02 2.6849846e+02 1.8975022e+02 1.7950006e+02 1.7450006e+02 1.7225007e+02 1.6375017e+02 1.6025022e+02 1.6400017e+02 1.5825005e+02 1.4475013e+02 1.3875022e+02 1.3350006e+02 1.2900006e+02 1.2750016e+02 1.2700006e+02 1.2649998e+02 1.2599998e+02 1.2524997e+02 1.2400002e+02 1.2050002e+02 1.1700000e+02 1.1600000e+02 1.1500000e+02 1.1324999e+02 1.1124999e+02 1.0800000e+02 1.0450002e+02 1.0150002e+02 1.0000000e+02 1.0000000e+02 9.9500000e+01 9.8500000e+01 9.8000000e+01 9.7499981e+01 9.6999961e+01 9.6749971e+01 9.5749971e+01 9.5749932e+01 9.5999922e+01 9.5249951e+01 9.3999961e+01 9.3249951e+01 9.2999942e+01 8.8749893e+01 7.7499845e+01
4.9000671e+02 2.8600026e+02 3.4024792e+02 4.2899813e+02 3.8975317e+02 2.5250224e+02 1.8524995e+02 1.7824999e+02 1.7000012e+02 1.6225033e+02 1.5275027e+02 1.5000018e+02 1.5325025e+02 1.5225019e+02 1.4150000e+02 1.3275001e+02 1.2950010e+02 1.2650004e+02 1.2524993e+02 1.2749992e+02 1.3049986e+02 1.3099982e+02 1.2924987e+02 1.2574991e+02 1.2124995e+02 1.1774997e+02 1.1649998e+02 1.1549998e+02 1.1374999e+02 1.1075003e+02 1.0700004e+02 1.0400000e+02 1.0199996e+02 1.0049998e+02 1.0000000e+02 9.9250010e+01 9.8749990e+01 9.8999960e+01 9.8999960e+01 9.8999960e+01 9.8249970e+01 9.7249970e+01 9.8249970e+01 9.8499980e+01 9.6749990e+01 9.5499980e+01 9.5749950e+01 9.5999940e+01 9.2499960e+01 8.3999899e+01
3.5974849e+02 3.2774799e+02 4.5124753e+02 5.7449587e+02 3.8924674e+02 2.3874826e+02 1.9574961e+02 1.8174986e+02 1.6425011e+02 1.5325003e+02 1.4924986e+02 1.4624997e+02 1.4425011e+02 1.4250021e+02 1.3825014e+02 1.3150004e+02 1.2650002e+02 1.2699994e+02 1.2924991e+02 1.3024997e+02 1.3325003e+02 1.3275011e+02 1.3025009e+02 1.2924995e+02 1.2299998e+02 1.1775003e+02 1.1700000e+02 1.1575001e+02 1.1250006e+02 1.0825007e+02 1.0525003e+02 1.0400000e+02 1.0300000e+02 1.0100000e+02 9.9500021e+01 9.9000000e+01 9.9499979e+01 1.0000000e+02 1.0000000e+02 1.0000000e+02 9.9499979e+01 9.8999958e+01 9.9499979e+01 9.9249990e+01 9.7999958e+01 9.7749927e+01 9.8499937e+01 9.8749948e+01 9.5749906e+01 9.2499750e+01
4.3824818e+02 7.7873263e+02 8.7048448e+02 6.9174921e+02 4.9399886e+02 2.7800011e+02 2.3274880e+02 2.1949851e+02 1.6974964e+02 1.6349953e+02 1.6499946e+02 1.6399927e+02 1.6124915e+02 1.5049944e+02 1.4324964e+02 1.3999959e+02 1.3599957e+02 1.3724962e+02 1.3999963e+02 1.3649976e+02 1.3200002e+02 1.2650015e+02 1.2225025e+02 1.2050043e+02 1.1450039e+02 1.1375014e+02 1.1625003e+02 1.1375008e+02 1.0900009e+02 1.0525005e+02 1.0325005e+02 1.0225008e+02 9.9500151e+01 9.8500108e+01 1.0274984e+02 1.1224943e+02 1.0999957e+02 1.0049998e+02 9.9000043e+01 9.9000043e+01 1.0000000e+02 1.0000000e+02 1.0000000e+02 9.9749989e+01 9.9499978e+01 9.9749989e+01 1.0000000e+02 1.0000000e+02 9.8999957e+01 9.8500000e+01
9.0148125e+02 9.6575961e+02 9.9826035e+02 9.3798984e+02 7.6648904e+02 3.8199526e+02 3.6299543e+02 3.2649677e+02 2.4049722e+02 2.5749630e+02 2.1899815e+02 1.8299991e+02 1.8599978e+02 1.6899976e+02 1.5799971e+02 1.5749964e+02 1.5649953e+02 1.5799947e+02 1.5699962e+02 1.4699978e+02 1.3199998e+02 1.2300000e+02 1.1749996e+02 1.1000002e+02 1.0500002e+02 1.0975003e+02 1.1375008e+02 1.0950011e+02 1.0450011e+02 1.0200009e+02 1.0125003e+02 1.0025001e+02 1.0524959e+02 1.1074934e+02 1.3299882e+02 1.4124930e+02 1.1400027e+02 1.0075001e+02 1.0474970e+02 1.2974859e+02 1.2549886e+02 1.0024999e+02 1.0000000e+02 1.0000000e+02 1.0000000e+02 1.0000000e+02 1.0000000e+02 1.0000000e+02 1.0000000e+02 9.6750078e+01
1.9654704e+03 1.1627310e+03 8.9049428e+02 1.0782540e+03 1.1034958e+03 7.6123746e+02 5.0774806e+02 4.3424838e+02 4.3249405e+02 3.9949729e+02 3.0724785e+02 2.6099651e+02 2.1174905e+02 1.8074971e+02 1.7224964e+02 1.7274967e+02 1.7874946e+02 1.8149947e+02 1.7374962e+02 1.5649979e+02 1.3399993e+02 1.2025013e+02 1.1250028e+02 1.0550018e+02 1.0350005e+02 1.0825003e+02 1.1000009e+02 1.0475010e+02 9.9750103e+01 9.8000092e+01 9.9500046e+01 1.0024999e+02 1.3249917e+02 1.6349825e+02 1.7999906e+02 1.5400014e+02 1.0125031e+02 9.5000253e+01 1.2949917e+02 1.7049959e+02 1.4025049e+02 1.0074999e+02 1.0000000e+02 1.0000000e+02 1.0000000e+02 1.0000000e+02 1.0000000e+02 1.0000000e+02 1.0000000e+02 9.6999908e+01
2.2715160e+03 1.9039844e+03 1.2859872e+03 1.0654964e+03 1.0560066e+03 9.6275338e+02 8.2073717e+02 8.0973387e+02 7.5949064e+02 5.5699533e+02 3.3100109e+02 2.6500341e+02 2.1625077e+02 1.8924989e+02 1.8449979e+02 1.8799962e+02 1.9549976e+02 1.9724980e+02 1.8599981e+02 1.6000005e+02 1.3025025e+02 1.1400017e+02 1.0799993e+02 1.0449986e+02 1.0374994e+02 1.0750000e+02 1.0775001e+02 1.0175004e+02 9.6250059e+01 9.4750059e+01 9.8500000e+01 9.9250059e+01 1.4875008e+02 1.8750066e+02 1.6625162e+02 1.3100095e+02 1.0174966e+02 9.6999645e+01 1.4774999e+02 1.8824959e+02 1.4799912e+02 1.1049955e+02 1.0000000e+02 1.0000000e+02 1.0000000e+02 1.0000000e+02 1.0000000e+02 1.0000000e+02 1.0000000e+02 9.8250036e+01
1.3540283e+03 1.8162703e+03 1.5737492e+03 1.4149866e+03 1.3697279e+03 1.0944901e+03 9.8350527e+02 9.8000830e+02 9.8974840e+02 7.8974345e+02 3.6024745e+02 2.0124960e+02 1.9325033e+02 1.9000007e+02 1.9424974e+02 1.9749993e+02 2.0000002e+02 2.0125001e+02 1.8950002e+02 1.5800005e+02 1.2624994e+02 1.1324987e+02 1.1074994e+02 1.1049985e+02 1.0874982e+02 1.0999988e+02 1.1149980e+02 1.0624974e+02 9.9499780e+01 9.5499902e+01 9.8250012e+01 1.1724906e+02 1.5824945e+02 1.7524991e+02 1.3774972e+02 1.3149900e+02 1.3099893e+02 1.1199963e+02 1.5874948e+02 1.7375114e+02 1.3275165e+02 1.1000049e+02 1.0049998e+02 9.9750012e+01 9.9500024e+01 1.0024999e+02 1.0049998e+02 1.0000000e+02 9.9500024e+01 9.8249963e+01
1.1197326e+03 1.3332534e+03 1.7102440e+03 1.7632463e+03 1.9547433e+03 1.5529872e+03 9.0549849e+02 7.7875157e+02 9.1825524e+02 9.2499995e+02 5.0649528e+02 2.1774959e+02 1.8924986e+02 1.8675009e+02 1.8925051e+02 1.8700060e+02 1.8550070e+02 1.7975107e+02 1.6450123e+02 1.3850093e+02 1.1850045e+02 1.1125024e+02 1.1000010e+02 1.1275004e+02 1.1225001e+02 1.1624981e+02 1.2874933e+02 1.3174898e+02 1.2149912e+02 1.0774949e+02 1.0374971e+02 1.4624951e+02 1.8574918e+02 1.7675001e+02 1.5724931e+02 1.5025009e+02 1.2900121e+02 1.3049945e+02 1.7899952e+02 1.5224991e+02 1.0374976e+02 1.1324933e+02 1.1349937e+02 1.0824956e+02 1.3149837e+02 1.2524876e+02 1.0025004e+02 1.0000000e+02 9.9499975e+01 9.8750013e+01
1.8894781e+03 1.8727187e+03 2.0107407e+03 1.8200009e+03 2.1157485e+03 1.9152445e+03 1.1109909e+03 8.5024469e+02 8.3249904e+02 8.5350375e+02 7.0424464e+02 3.4024410e+02 2.3149796e+02 2.0899876e+02 1.5925102e+02 1.5075125e+02 1.6250047e+02 1.4725058e+02 1.2000103e+02 1.0900057e+02 1.0500023e+02 1.0325017e+02 1.0675006e+02 1.1150003e+02 1.1075006e+02 1.2399979e+02 1.5749920e+02 1.7599876e+02 1.6049889e+02 1.3399917e+02 1.3374875e+02 1.7174919e+02 1.9725025e+02 1.8249969e+02 1.7374986e+02 1.5049990e+02 1.1424952e+02 1.4774968e+02 1.8350026e+02 1.4250059e+02 1.2399920e+02 1.4399910e+02 1.4949879e+02 1.5699793e+02 1.5550044e+02 1.2750116e+02 1.0324981e+02 9.9750013e+01 1.2049894e+02 1.2099884e+02
2.3912458e+03 2.5827445e+03 2.1872502e+03 1.8999948e+03 1.9602598e+03 1.9015064e+03 1.5034885e+03 1.1572392e+03 9.6774380e+02 7.4375198e+02 7.8500122e+02 5.6874393e+02 2.9624866e+02 2.2750029e+02 1.5424922e+02 1.3649947e+02 1.5025017e+02 1.3550003e+02 1.0000000e+02 9.8000000e+01 1.0074999e+02 1.0449976e+02 1.0949979e+02 1.1149997e+02 1.1124991e+02 1.3649955e+02 1.8074959e+02 1.9750013e+02 1.7750024e+02 1.5399979e+02 1.6424967e+02 1.8999987e+02 1.9699976e+02 1.9324975e+02 1.6275073e+02 1.3175110e+02 1.2424996e+02 1.6024967e+02 1.8899944e+02 1.5824855e+02 1.6199881e+02 1.6749968e+02 1.7499989e+02 1.9700000e+02 1.7024877e+02 1.2849875e+02 1.2999878e+02 1.4749745e+02 1.5199942e+02 1.4100013e+02
2.0697718e+03 2.3525182e+03 2.3489909e+03 1.9807509e+03 1.7605009e+03 1.5625119e+03 1.5242607e+03 1.3100028e+03 1.0152538e+03 7.5624729e+02 6.3400698e+02 5.4250766e+02 4.2724423e+02 4.3348847e+02 3.4024066e+02 1.7924821e+02 1.6049926e+02 1.4999918e+02 1.0449975e+02 9.8499973e+01 1.0174996e+02 1.1199984e+02 1.1974966e+02 1.1749970e+02 1.2174952e+02 1.4974974e+02 1.8150038e+02 1.8475056e+02 1.6850025e+02 1.6224977e+02 1.7624969e+02 1.9299997e+02 1.8775075e+02 1.6175198e+02 1.3275089e+02 1.2674914e+02 1.4224906e+02 1.7399959e+02 1.9600019e+02 1.9074971e+02 1.9299954e+02 1.8074960e+02 1.8199973e+02 1.9400016e+02 1.7825083e+02 1.5774969e+02 1.7124900e+02 1.9624996e+02 1.7399940e+02 1.5399915e+02
2.1132252e+03 1.9877517e+03 2.4505036e+03 2.1337405e+03 1.6322563e+03 1.1320119e+03 1.1030126e+03 1.1037587e+03 9.1100196e+02 7.4025368e+02 5.2799877e+02 4.0299994e+02 4.4550490e+02 6.0950199e+02 5.6674691e+02 2.8099614e+02 1.7699983e+02 1.7174962e+02 1.1824948e+02 9.9749958e+01 1.0274999e+02 1.1524999e+02 1.3199966e+02 1.2874968e+02 1.3649966e+02 1.6474943e+02 1.8099964e+02 1.8574937e+02 1.7524937e+02 1.7224968e+02 1.8749969e+02 1.9399997e+02 1.7075018e+02 1.3524945e+02 1.4049866e+02 1.6674864e+02 1.7524912e+02 1.8749966e+02 1.9649978e+02 1.9325015e+02 1.9575032e+02 1.9399966e+02 1.9274968e+02 1.9474979e+02 1.8199894e+02 1.8074903e+02 1.8900003e+02 1.9325021e+02 1.8300011e+02 1.6250039e+02
2.9029801e+03 2.0217463e+03 2.4722451e+03 2.6737287e+03 1.6237440e+03 1.0209942e+03 8.4475191e+02 8.4125618e+02 7.7650571e+02 5.9200473e+02 5.6749900e+02 4.4099788e+02 4.1899650e+02 6.7349429e+02 6.9749567e+02 5.6873745e+02 4.0073733e+02 2.1749776e+02 1.3099980e+02 1.0549971e+02 1.0799971e+02 1.2249960e+02 1.4224976e+02 1.4074964e+02 1.6299882e+02 2.2999684e+02 2.3274740e+02 1.9749997e+02 1.8749994e+02 1.8549957e+02 1.9549986e+02 1.9624990e+02 1.7749943e+02 1.6524884e+02 1.7974912e+02 1.9549974e+02 1.9399983e+02 1.9474993e+02 1.9975004e+02 1.9524973e+02 1.9349980e+02 1.9475030e+02 1.9250034e+02 1.9225036e+02 1.9300046e+02 1.9200034e+02 1.8275033e+02 1.7125105e+02 1.5650141e+02 1.4275073e+02
3.3927416e+03 2.1469964e+03 2.4115086e+03 3.0307508e+03 1.8454931e+03 1.0430046e+03 7.0425631e+02 6.4250535e+02 6.3075272e+02 4.8450147e+02 4.5775748e+02 4.0450432e+02 4.1650373e+02 6.3725798e+02 6.6525634e+02 7.0500485e+02 5.8625207e+02 2.5874987e+02 1.5049906e+02 1.2274928e+02 1.3474872e+02 1.5574846e+02 1.6324901e+02 1.5224969e+02 1.7050076e+02 2.2750338e+02 2.4625187e+02 2.1199918e+02 1.9449965e+02 1.9649979e+02 1.9899994e+02 1.9899994e+02 1.9399962e+02 1.9299956e+02 1.9749985e+02 2.0074996e+02 1.9924987e+02 1.9799988e+02 1.9949997e+02 1.9800012e+02 1.9300024e+02 1.8425031e+02 1.7725054e+02 1.7400071e+02 1.7425063e+02 1.7600059e+02 1.6700059e+02 1.4725034e+02 1.3449985e+02 1.4074937e+02
3.4970023e+03 2.7362181e+03 2.3999918e+03 3.0319991e+03 2.4054734e+03 1.3614761e+03 8.4123529e+02 5.4250054e+02 5.2400364e+02 4.2875185e+02 3.2150054e+02 3.6374803e+02 4.7124288e+02 6.2599250e+02 5.3500136e+02 4.3826110e+02 3.9100964e+02 2.1650268e+02 1.4700117e+02 1.8424703e+02 2.1549645e+02 2.0749846e+02 2.1274803e+02 1.7474896e+02 1.6349964e+02 1.7024998e+02 2.5299768e+02 2.8699633e+02 2.2224869e+02 2.0000000e+02 2.0000000e+02 2.0000000e+02 1.9975005e+02 1.9950006e+02 1.9975002e+02 2.0100003e+02 2.0224995e+02 2.0149991e+02 1.9750015e+02 1.9000036e+02 1.8400030e+02 1.7825005e+02 1.7249973e+02 1.6574977e+02 1.6200009e+02 1.7149967e+02 1.7674881e+02 1.5749904e+02 1.4999922e+02 1.7024887e+02
3.1412695e+03 2.8745241e+03 2.2867653e+03 2.8407627e+03 3.0412381e+03 2.0052348e+03 1.1992430e+03 6.0124582e+02 4.5625045e+02 3.7450145e+02 3.3524860e+02 4.7499516e+02 7.0199306e+02 7.8799769e+02 5.0250062e+02 2.3150139e+02 1.9350231e+02 1.5200123e+02 1.2425020e+02 1.7800342e+02 2.2425310e+02 2.3275002e+02 2.5624934e+02 2.1424863e+02 1.7774949e+02 1.7974943e+02 2.6325174e+02 3.2150163e+02 2.5299944e+02 2.0000000e+02 1.9975002e+02 1.9975002e+02 1.9924998e+02 1.9899997e+02 1.9900003e+02 1.9975005e+02 2.0250003e+02 2.0275002e+02 1.9425005e+02 1.8549991e+02 1.8499963e+02 1.8499954e+02 1.8599944e+02 1.7724952e+02 1.7274924e+02 1.8599944e+02 1.9500009e+02 1.7999960e+02 1.7599920e+02 1.9199981e+02
