visualization/geoclaw_output/chile2010/eta_0004.asc
ncols     360
nrows     360
xllcorner -1.199166666650000e+02
yllcorner -5.991666666500000e+01
cellsize  1.666666700000000e-01
nodata_value       -9999
[rows 220 to 241 of 360, columns 150 to 199 of 360]
9.0949470e-13 8.6401997e-12 7.0940587e-11 6.5938366e-10 6.1413630e-09 5.6306817e-08 4.9877963e-07 4.2961847e-06 3.6560896e-05 3.0392258e-04 1.0840319e-03 2.2069051e-03 3.3976386e-03 4.4182913e-03 5.1493824e-03 5.5962886e-03 5.8323915e-03 5.9553763e-03 6.0561401e-03 6.2136079e-03 6.5385518e-03 7.2209544e-03 8.5402736e-03 1.0887889e-02 1.4702131e-02 2.0353738e-02 2.7992904e-02 3.7519936e-02 4.8496286e-02 6.0037849e-02 7.1186786e-02 8.1021657e-02 8.9272554e-02 9.6232238e-02 1.0271596e-01 1.0997291e-01 1.1945688e-01 1.3185194e-01 1.4697901e-01 1.6340379e-01 1.7863449e-01 1.8943979e-01 1.9445654e-01 1.9514999e-01 1.9469167e-01 1.9240997e-01 1.8225736e-01 1.6732739e-01 1.4937357e-01 1.2933114e-01
9.0949470e-13 8.6401997e-12 7.2304829e-11 6.9758244e-10 6.6315806e-09 6.2923846e-08 5.6584304e-07 4.8763163e-06 4.0686336e-05 3.2368086e-04 1.0895148e-03 2.1673644e-03 3.3242181e-03 4.3303001e-03 5.0678105e-03 5.5245300e-03 5.7661974e-03 5.8924127e-03 5.9939635e-03 6.1678173e-03 6.5396941e-03 7.3003227e-03 8.7312113e-03 1.1233582e-02 1.5245699e-02 2.1069501e-02 2.8838828e-02 3.8438220e-02 4.9416678e-02 6.0873616e-02 7.1878319e-02 8.1431576e-02 8.9149714e-02 9.5564043e-02 1.0150565e-01 1.0837823e-01 1.1752952e-01 1.2961969e-01 1.4442558e-01 1.6059221e-01 1.7581002e-01 1.8708006e-01 1.9217931e-01 1.9290513e-01 1.9263622e-01 1.9043867e-01 1.8043019e-01 1.6502893e-01 1.4662695e-01 1.2731499e-01
-4.5474735e-13 -1.8189894e-12 2.2737368e-11 6.1800165e-10 7.1627255e-09 6.9083399e-08 6.1570336e-07 5.2421833e-06 4.3153363e-05 3.2929562e-04 1.0643883e-03 2.0938390e-03 3.2152521e-03 4.2095200e-03 4.9523200e-03 5.4268450e-03 5.6881891e-03 5.8265122e-03 5.9326205e-03 6.1111782e-03 6.4993351e-03 7.3031025e-03 8.8182045e-03 1.1462751e-02 1.5657991e-02 2.1688868e-02 2.9605162e-02 3.9271094e-02 5.0138899e-02 6.1335326e-02 7.2025641e-02 8.1479369e-02 8.9141285e-02 9.5226765e-02 1.0062399e-01 1.0677191e-01 1.1522857e-01 1.2676848e-01 1.4130444e-01 1.5748676e-01 1.7287407e-01 1.8470561e-01 1.9036365e-01 1.9130658e-01 1.9132300e-01 1.8926288e-01 1.7989937e-01 1.6450751e-01 1.4565145e-01 1.2589977e-01
-2.7284841e-12 -3.5015546e-11 -1.6552804e-10 -3.5561243e-10 2.5252120e-09 4.3562977e-08 4.6159948e-07 4.2526221e-06 3.6503175e-05 2.9466545e-04 1.0023130e-03 1.9998040e-03 3.0858218e-03 4.0700684e-03 4.8360931e-03 5.3433060e-03 5.6288600e-03 5.7772325e-03 5.8804612e-03 6.0587904e-03 6.4653868e-03 7.3213056e-03 8.9400721e-03 1.1717249e-02 1.6051281e-02 2.2198243e-02 3.0239055e-02 3.9985288e-02 5.0766989e-02 6.1745434e-02 7.2165052e-02 8.1319791e-02 8.8706035e-02 9.4491129e-02 9.9496009e-02 1.0504082e-01 1.1263232e-01 1.2325168e-01 1.3718717e-01 1.5348737e-01 1.6976298e-01 1.8245722e-01 1.8920436e-01 1.9051837e-01 1.9057618e-01 1.8886322e-01 1.8030877e-01 1.6487091e-01 1.4574434e-01 1.2555858e-01
-3.6379788e-12 -4.5929482e-11 -5.3842086e-10 -3.1927812e-09 -7.0026545e-09 4.2691681e-09 2.5178315e-07 2.8821196e-06 2.6369508e-05 2.3042290e-04 8.8080828e-04 1.8544775e-03 2.9205631e-03 3.9177156e-03 4.7294012e-03 5.2887047e-03 5.6126065e-03 5.7693629e-03 5.8617813e-03 6.0251472e-03 6.4355084e-03 7.3295729e-03 9.0319089e-03 1.1922329e-02 1.6360286e-02 2.2575353e-02 3.0645063e-02 4.0351188e-02 5.1053795e-02 6.1922090e-02 7.2178568e-02 8.1101084e-02 8.8173085e-02 9.3588367e-02 9.8205546e-02 1.0323990e-01 1.1012865e-01 1.1996304e-01 1.3315047e-01 1.4883742e-01 1.6508716e-01 1.7919123e-01 1.8803575e-01 1.9046862e-01 1.9030628e-01 1.8899850e-01 1.8165139e-01 1.6628580e-01 1.4712176e-01 1.2659728e-01
-5.0022209e-12 -6.0026650e-11 -6.5710992e-10 -7.4910531e-09 -3.3142896e-08 -5.8788828e-08 2.5205281e-08 1.6450476e-06 1.7691795e-05 1.6759786e-04 7.3588656e-04 1.6752067e-03 2.7411251e-03 3.7615106e-03 4.6244490e-03 5.2378917e-03 5.5961778e-03 5.7618629e-03 5.8456676e-03 5.9915981e-03 6.3904514e-03 7.2955222e-03 9.0285646e-03 1.1964289e-02 1.6445926e-02 2.2688228e-02 3.0775624e-02 4.0487911e-02 5.1151789e-02 6.1906665e-02 7.1973023e-02 8.0704238e-02 8.7610866e-02 9.2749995e-02 9.6879508e-02 1.0123421e-01 1.0729086e-01 1.1630159e-01 1.2884763e-01 1.4403869e-01 1.6005088e-01 1.7468770e-01 1.8565679e-01 1.9062937e-01 1.9085420e-01 1.8956817e-01 1.8437750e-01 1.6960446e-01 1.4992140e-01 1.2821583e-01
-7.7307050e-12 -8.5037755e-11 -8.6674845e-10 -9.3687049e-09 -7.7518962e-08 -2.1597725e-07 -2.8216391e-07 6.5012364e-07 1.3235893e-05 1.3131372e-04 6.0895168e-04 1.4209892e-03 2.4662632e-03 3.5453229e-03 4.4822116e-03 5.1690236e-03 5.5852728e-03 5.7740549e-03 5.8498254e-03 5.9633893e-03 6.3173228e-03 7.1828596e-03 8.8943048e-03 1.1835309e-02 1.6347748e-02 2.2669310e-02 3.0816826e-02 4.0493479e-02 5.1127561e-02 6.1892903e-02 7.1913536e-02 8.0468373e-02 8.7105082e-02 9.1864776e-02 9.5445787e-02 9.9061147e-02 1.0409538e-01 1.1193962e-01 1.2349329e-01 1.3866891e-01 1.5551519e-01 1.7151384e-01 1.8403539e-01 1.9082990e-01 1.9154869e-01 1.9038661e-01 1.8679723e-01 1.7345131e-01 1.5383217e-01 1.3142978e-01
-1.1368684e-11 -1.1732482e-10 -1.1195880e-09 -1.1099473e-08 -1.2013334e-07 -5.5037390e-07 -9.6079566e-07 -8.2626684e-07 6.8967433e-06 8.8210767e-05 4.7603084e-04 1.1945618e-03 2.1701693e-03 3.2694583e-03 4.2824993e-03 5.0607584e-03 5.5565103e-03 5.7928064e-03 5.8646008e-03 5.9366888e-03 6.2243838e-03 7.0176556e-03 8.6481464e-03 1.1514503e-02 1.5978157e-02 2.2305886e-02 3.0535634e-02 4.0338061e-02 5.1086959e-02 6.1933105e-02 7.1966525e-02 8.0409800e-02 8.6783560e-02 9.1173162e-02 9.4237975e-02 9.7101286e-02 1.0116257e-01 1.0782382e-01 1.1807219e-01 1.3231761e-01 1.4947451e-01 1.6711675e-01 1.8184963e-01 1.9065768e-01 1.9220663e-01 1.9148844e-01 1.8894039e-01 1.7785376e-01 1.5875326e-01 1.3616306e-01
-1.4551915e-11 -1.4551915e-10 -1.4210855e-09 -1.3907993e-08 -1.4803027e-07 -9.7688689e-07 -2.3479506e-06 -3.0845713e-06 -1.0274061e-06 3.5141402e-05 3.1724409e-04 9.8411844e-04 1.9191297e-03 2.9983946e-03 4.0747160e-03 4.9447883e-03 5.5111711e-03 5.7935867e-03 5.8807567e-03 5.9289289e-03 6.1569303e-03 6.8746960e-03 8.4086854e-03 1.1161668e-02 1.5540330e-02 2.1841911e-02 3.0061238e-02 3.9922526e-02 5.0800785e-02 6.1741764e-02 7.1797466e-02 8.0143758e-02 8.6306126e-02 9.0340944e-02 9.2911874e-02 9.5131577e-02 9.8315270e-02 1.0388229e-01 1.1296642e-01 1.2611921e-01 1.4275424e-01 1.6096270e-01 1.7766555e-01 1.8918929e-01 1.9265558e-01 1.9249589e-01 1.9077733e-01 1.8273595e-01 1.6513305e-01 1.4216811e-01
-1.8644641e-11 -1.8462742e-10 -1.8371793e-09 -1.8130322e-08 -1.7776347e-07 -1.4786519e-06 -4.2541515e-06 -6.3727393e-06 -6.6515408e-06 8.4930230e-06 1.8170882e-04 7.6159036e-04 1.6814251e-03 2.7736947e-03 3.8754541e-03 4.7812863e-03 5.3951906e-03 5.7256631e-03 5.8461733e-03 5.9074941e-03 6.0937796e-03 6.7394194e-03 8.1755155e-03 1.0806065e-02 1.5042265e-02 2.1280221e-02 2.9439054e-02 3.9263369e-02 5.0170461e-02 6.1128229e-02 7.1182584e-02 7.9475332e-02 8.5467804e-02 8.9266435e-02 9.1485905e-02 9.3162988e-02 9.5613036e-02 1.0022783e-01 1.0826759e-01 1.2044272e-01 1.3653876e-01 1.5503165e-01 1.7310702e-01 1.8714333e-01 1.9289636e-01 1.9323761e-01 1.9207677e-01 1.8631350e-01 1.7101994e-01 1.4935415e-01
-2.0918378e-11 -2.0600055e-10 -2.0431798e-09 -1.9865183e-08 -1.9312392e-07 -1.8114520e-06 -6.4603323e-06 -1.1169358e-05 -1.2724459e-05 -6.9769503e-06 9.2648420e-05 5.7292914e-04 1.4537621e-03 2.5390431e-03 3.6225135e-03 4.5557390e-03 5.2363406e-03 5.6323743e-03 5.7929971e-03 5.8718400e-03 6.0330112e-03 6.6173032e-03 7.9602250e-03 1.0475689e-02 1.4594546e-02 2.0693657e-02 2.8742630e-02 3.8550682e-02 4.9493048e-02 6.0483221e-02 7.0514500e-02 7.8737535e-02 8.4649831e-02 8.8273555e-02 9.0162115e-02 9.1335193e-02 9.3105065e-02 9.6848945e-02 1.0382930e-01 1.1488448e-01 1.3010772e-01 1.4839453e-01 1.6732026e-01 1.8333178e-01 1.9221518e-01 1.9367533e-01 1.9297143e-01 1.8932732e-01 1.7674421e-01 1.5666993e-01
-1.5916157e-11 -1.5415935e-10 -1.5220394e-09 -1.5158548e-08 -1.5629757e-07 -1.7729903e-06 -8.4094431e-06 -1.7208038e-05 -2.0988650e-05 -2.0070277e-05 2.2449042e-05 3.8062516e-04 1.2008239e-03 2.2792772e-03 3.3619824e-03 4.3231793e-03 5.0722310e-03 5.5396430e-03 5.7529066e-03 5.8485996e-03 6.0190050e-03 6.5691544e-03 7.8321293e-03 1.0226484e-02 1.4219687e-02 2.0139020e-02 2.8001733e-02 3.7660997e-02 4.8522887e-02 5.9512112e-02 6.9584412e-02 7.7825243e-02 8.3637123e-02 8.7039676e-02 8.8646963e-02 8.9434531e-02 9.0650106e-02 9.3612711e-02 9.9583664e-02 1.0951304e-01 1.2370629e-01 1.4149758e-01 1.6086544e-01 1.7849187e-01 1.9028330e-01 1.9346658e-01 1.9314323e-01 1.9119492e-01 1.8176107e-01 1.6350868e-01
-2.1827873e-11 -2.0554580e-10 -1.9572326e-09 -1.9390427e-08 -2.0138805e-07 -2.3266716e-06 -1.1684464e-05 -2.4641828e-05 -3.0984083e-05 -3.1070679e-05 -9.1209727e-06 2.4307688e-04 9.8681546e-04 2.0274257e-03 3.1034453e-03 4.0810791e-03 4.8628358e-03 5.3747503e-03 5.6448095e-03 5.7990239e-03 6.0298435e-03 6.6050769e-03 7.8354126e-03 1.0102872e-02 1.3843307e-02 1.9435773e-02 2.6962857e-02 3.6396664e-02 4.7246507e-02 5.8303976e-02 6.8457188e-02 7.6716868e-02 8.2452091e-02 8.5715124e-02 8.7152349e-02 8.7688394e-02 8.8495828e-02 9.0803582e-02 9.5825391e-02 1.0459518e-01 1.1766355e-01 1.3470510e-01 1.5405245e-01 1.7273100e-01 1.8698123e-01 1.9272351e-01 1.9286276e-01 1.9169413e-01 1.8544958e-01 1.6970508e-01
-4.2291504e-11 -3.9108272e-10 -3.6907295e-09 -3.5708581e-08 -3.5126686e-07 -3.6873134e-06 -1.6073942e-05 -3.2184629e-05 -4.0082848e-05 -4.0317846e-05 -2.2511227e-05 1.8242273e-04 8.5514554e-04 1.8230301e-03 2.8571346e-03 3.8094715e-03 4.5873336e-03 5.1401237e-03 5.4806516e-03 5.7143201e-03 6.0082555e-03 6.6079974e-03 7.8006135e-03 9.9624069e-03 1.3532050e-02 1.8892018e-02 2.6171833e-02 3.5393650e-02 4.6045993e-02 5.6941653e-02 6.6942997e-02 7.5090170e-02 8.0818598e-02 8.4108877e-02 8.5521830e-02 8.5950690e-02 8.6493075e-02 8.8289854e-02 9.2498435e-02 1.0019724e-01 1.1207403e-01 1.2804471e-01 1.4690307e-01 1.6610738e-01 1.8220996e-01 1.9100058e-01 1.9214593e-01 1.9129273e-01 1.8767475e-01 1.7501753e-01
-7.8671292e-11 -7.2259354e-10 -6.7216206e-09 -6.2672370e-08 -5.8743262e-07 -5.6124236e-06 -2.0930876e-05 -3.9407375e-05 -4.8403137e-05 -4.8929059e-05 -3.4686354e-05 1.2960774e-04 7.2707667e-04 1.6194387e-03 2.6015993e-03 3.5274692e-03 4.3038172e-03 4.8994153e-03 5.3054264e-03 5.6077690e-03 5.9472068e-03 6.5641186e-03 7.7484429e-03 9.8705535e-03 1.3348374e-02 1.8577282e-02 2.5669094e-02 3.4568910e-02 4.4787021e-02 5.5363369e-02 6.5172881e-02 7.3245370e-02 7.8970852e-02 8.2305456e-02 8.3759305e-02 8.4172388e-02 8.4556600e-02 8.5961360e-02 8.9458407e-02 9.6103872e-02 1.0672508e-01 1.2150834e-01 1.3962833e-01 1.5885354e-01 1.7616317e-01 1.8785412e-01 1.9108244e-01 1.9055385e-01 1.8857529e-01 1.7944358e-01
-1.1777956e-10 -1.0691110e-09 -9.6697477e-09 -8.8482921e-08 -8.1981398e-07 -7.4604859e-06 -2.5572936e-05 -4.6631753e-05 -5.6958001e-05 -5.7672123e-05 -4.7425002e-05 7.7190563e-05 5.9859179e-04 1.4225123e-03 2.3567038e-03 3.2618287e-03 4.0439542e-03 4.6649417e-03 5.1189079e-03 5.4860593e-03 5.8938047e-03 6.5597051e-03 7.7793781e-03 9.8852180e-03 1.3251617e-02 1.8252907e-02 2.5056287e-02 3.3609152e-02 4.3434987e-02 5.3670440e-02 6.3251197e-02 7.1195736e-02 7.6895424e-02 8.0321301e-02 8.1926809e-02 8.2448921e-02 8.2791519e-02 8.3913418e-02 8.6824022e-02 9.2514293e-02 1.0192203e-01 1.1543448e-01 1.3248839e-01 1.5122608e-01 1.6906552e-01 1.8289059e-01 1.8889188e-01 1.8925599e-01 1.8817917e-01 1.8261827e-01
-1.6325430e-10 -1.4510988e-09 -1.2970759e-08 -1.1754355e-07 -1.0742083e-06 -9.2881419e-06 -2.9959967e-05 -5.3666888e-05 -6.5703679e-05 -6.6673414e-05 -5.8938124e-05 4.0211296e-05 4.9580056e-04 1.2534768e-03 2.1360143e-03 3.0033150e-03 3.7668349e-03 4.3939914e-03 4.8928068e-03 5.3278361e-03 5.8078483e-03 6.5388214e-03 7.7956444e-03 9.9078470e-03 1.3191811e-02 1.7979403e-02 2.4475409e-02 3.2675328e-02 4.2149951e-02 5.1967785e-02 6.1178860e-02 6.8922931e-02 7.4625226e-02 7.8187682e-02 7.9982234e-02 8.0679080e-02 8.1051607e-02 8.1981743e-02 8.4415526e-02 8.9294041e-02 9.7578611e-02 1.0979392e-01 1.2565215e-01 1.4365714e-01 1.6157628e-01 1.7673697e-01 1.8567753e-01 1.8736799e-01 1.8699964e-01 1.8412091e-01
-2.3510438e-10 -2.0431798e-09 -1.7961611e-08 -1.5839214e-07 -1.3854847e-06 -1.1201296e-05 -3.4047537e-05 -6.0216442e-05 -7.4313928e-05 -7.5900262e-05 -6.9941513e-05 1.0242974e-05 4.0881100e-04 1.0970791e-03 1.9152294e-03 2.7344411e-03 3.4747703e-03 4.1092192e-03 4.6515748e-03 5.1540263e-03 5.7080709e-03 6.5089901e-03 7.8169132e-03 9.9257042e-03 1.3112668e-02 1.7712619e-02 2.3919446e-02 3.1729147e-02 4.0807409e-02 5.0167632e-02 5.8976063e-02 6.6514274e-02 7.2267051e-02 7.6036954e-02 7.8079405e-02 7.8980105e-02 7.9403452e-02 8.0174505e-02 8.2163380e-02 8.6311263e-02 9.3544113e-02 1.0445772e-01 1.1900357e-01 1.3605664e-01 1.5376491e-01 1.6978563e-01 1.8117449e-01 1.8501268e-01 1.8517617e-01 1.8389550e-01
-3.2923708e-10 -2.7930582e-09 -2.3862867e-08 -2.0494326e-07 -1.7390444e-06 -1.3083559e-05 -3.7789880e-05 -6.6419670e-05 -8.3155512e-05 -8.5605011e-05 -8.0920897e-05 -1.2246914e-05 3.3704389e-04 9.5373975e-04 1.7076059e-03 2.4811466e-03 3.1978345e-03 3.8301900e-03 4.4032797e-03 4.9590131e-03 5.5862109e-03 6.4463431e-03 7.7777520e-03 9.8826160e-03 1.3009230e-02 1.7451808e-02 2.3354583e-02 3.0727004e-02 3.9304839e-02 4.8236303e-02 5.6737871e-02 6.4124174e-02 6.9892647e-02 7.3838562e-02 7.6139353e-02 7.7250099e-02 7.7764935e-02 7.8423859e-02 8.0039111e-02 8.3549662e-02 8.9778086e-02 9.9382870e-02 1.1248558e-01 1.2835606e-01 1.4555615e-01 1.6215132e-01 1.7547228e-01 1.8228171e-01 1.8330722e-01 1.8274465e-01
-4.5292836e-10 -3.7148311e-09 -3.0644514e-08 -2.5292502e-07 -2.1005740e-06 -1.4639465e-05 -4.1356131e-05 -7.2806462e-05 -9.2716543e-05 -9.6178020e-05 -9.2866996e-05 -3.5668693e-05 2.7054346e-04 8.2647760e-04 1.5184455e-03 2.2419120e-03 2.9291753e-03 3.5559463e-03 4.1412484e-03 4.7208952e-03 5.3863621e-03 6.2989394e-03 7.6920886e-03 9.8122116e-03 1.2868119e-02 1.7129670e-02 2.2708833e-02 2.9625010e-02 3.7686419e-02 4.6258237e-02 5.4543995e-02 6.1837765e-02 6.7637123e-02 7.1751170e-02 7.4325017e-02 7.5657855e-02 7.6296443e-02 7.6871111e-02 7.8143075e-02 8.1049030e-02 8.6329389e-02 9.4620127e-02 1.0614693e-01 1.2063662e-01 1.3696052e-01 1.5365091e-01 1.6839302e-01 1.7815325e-01 1.8148635e-01 1.8123383e-01
-6.1118044e-10 -4.8626134e-09 -3.8467988e-08 -3.0465253e-07 -2.4698575e-06 -1.6179820e-05 -4.5021194e-05 -7.8868078e-05 -1.0225055e-04 -1.0729274e-04 -1.0581614e-04 -6.2056592e-05 1.9858386e-04 6.9700316e-04 1.3303182e-03 2.0094725e-03 2.6707042e-03 3.2995538e-03 3.9038929e-03 4.5127796e-03 5.2062924e-03 6.1382904e-03 7.5511970e-03 9.6118288e-03 1.2552993e-02 1.6647314e-02 2.1966452e-02 2.8494574e-02 3.6079042e-02 4.4252389e-02 5.2290941e-02 5.9529445e-02 6.5432086e-02 6.9760297e-02 7.2603068e-02 7.4164488e-02 7.4931520e-02 7.5440309e-02 7.6392891e-02 7.8664481e-02 8.3013593e-02 9.0073167e-02 1.0019914e-01 1.1337550e-01 1.2878577e-01 1.4513878e-01 1.6049418e-01 1.7218416e-01 1.7858461e-01 1.7986857e-01
-7.4669515e-10 -5.8835212e-09 -4.5969955e-08 -3.6097072e-07 -2.8694458e-06 -1.7859501e-05 -4.8537292e-05 -8.4773778e-05 -1.1184290e-04 -1.1927699e-04 -1.1897910e-04 -8.4996247e-05 1.3585222e-04 5.7918178e-04 1.1563800e-03 1.7896652e-03 2.4310265e-03 3.0454410e-03 3.6377326e-03 4.2624623e-03 4.9976490e-03 5.9512471e-03 7.3252723e-03 9.3143539e-03 1.2132777e-02 1.5996605e-02 2.1016195e-02 2.7199342e-02 3.4318561e-02 4.2039234e-02 4.9902102e-02 5.7242178e-02 6.3391427e-02 6.7948246e-02 7.0982778e-02 7.2714750e-02 7.3568821e-02 7.4029463e-02 7.4714406e-02 7.6388201e-02 7.9806583e-02 8.5709321e-02 9.4528481e-02 1.0637029e-01 1.2079829e-01 1.3671776e-01 1.5239028e-01 1.6548634e-01 1.7439350e-01 1.7838932e-01
