visualization/geoclaw_output/chile2010/eta_0001.asc
ncols     360
nrows     360
xllcorner -1.199166666650000e+02
yllcorner -5.991666666500000e+01
cellsize  1.666666700000000e-01
nodata_value       -9999
[rows 66 to 87 of 360, columns 250 to 299 of 360]
0.0000000e+00 0.0000000e+00 0.0000000e+00 0.0000000e+00 2.3300897e+02 9.5454445e+02 1.5220530e+03 2.9327782e+03 4.1577792e+03 3.8977759e+03 4.1567419e+03 4.3114765e+03 4.0389899e+03 4.0127475e+03 3.9190081e+03 3.3725126e+03 2.1435020e+03 1.1054961e+03 9.8624471e+02 1.2337278e+03 1.2354560e+03 8.6746814e+02 5.4149292e+02 5.2875705e+02 5.8701814e+02 6.1277030e+02 5.3900717e+02 4.5249634e+02 6.1674874e+02 7.0449335e+02 5.2398960e+02 3.7149644e+02 3.4575173e+02 3.9750081e+02 4.0899981e+02 4.0349995e+02 3.9899976e+02 4.2649744e+02 4.4874679e+02 4.2249962e+02 4.0400119e+02 4.0100142e+02 4.0075116e+02 3.7399962e+02 3.3524793e+02 3.1699843e+02 3.0374979e+02 2.9774993e+02 2.9549929e+02 2.9299924e+02
0.0000000e+00 0.0000000e+00 0.0000000e+00 0.0000000e+00 1.0450328e+02 3.8925938e+02 9.0425571e+02 1.9075702e+03 2.7938519e+03 3.5760048e+03 4.4777273e+03 4.6642399e+03 4.3062345e+03 4.0499989e+03 3.9114925e+03 3.3182424e+03 2.4814653e+03 1.7184448e+03 1.6769388e+03 2.8206195e+03 2.7066528e+03 1.4099800e+03 7.8648356e+02 5.2224347e+02 4.2074761e+02 4.1374858e+02 4.5275104e+02 4.6575243e+02 6.4624843e+02 1.0169766e+03 8.9447483e+02 4.4599643e+02 3.1075162e+02 3.4100463e+02 3.5500540e+02 3.5025518e+02 3.7825224e+02 4.7049836e+02 5.2274612e+02 4.8249460e+02 4.4224511e+02 4.1124757e+02 3.8250058e+02 3.5250246e+02 3.2725287e+02 3.1700159e+02 3.0500010e+02 3.0099976e+02 2.9950034e+02 2.8975108e+02
0.0000000e+00 -5.6843419e-14 -2.8421709e-14 0.0000000e+00 0.0000000e+00 1.3726515e+02 5.0853294e+02 9.1102629e+02 1.7739964e+03 3.0977920e+03 4.2050497e+03 4.7627507e+03 4.5287440e+03 4.0974964e+03 3.9607528e+03 3.6579744e+03 3.6681690e+03 3.4858830e+03 2.8524471e+03 3.9972673e+03 3.9412278e+03 2.2869344e+03 1.3952071e+03 7.3498580e+02 5.1849285e+02 4.3849902e+02 5.3449094e+02 6.1548287e+02 8.8272844e+02 1.1722585e+03 8.6177876e+02 4.2425575e+02 3.5699383e+02 3.5824361e+02 3.1799814e+02 3.1149853e+02 3.9424616e+02 4.9699907e+02 5.3500274e+02 4.9575419e+02 4.5075414e+02 4.3575007e+02 3.9899780e+02 3.4799794e+02 3.1074870e+02 2.9725032e+02 2.9875051e+02 3.0250010e+02 2.9849976e+02 2.8924895e+02
0.0000000e+00 -1.1368684e-13 -8.5265128e-14 -2.8421709e-14 0.0000000e+00 0.0000000e+00 1.7749945e+02 7.0674362e+02 1.5427766e+03 2.6085060e+03 3.6835013e+03 4.5575197e+03 4.5572533e+03 4.0607573e+03 3.8730059e+03 4.1129807e+03 4.7954702e+03 4.6580023e+03 3.9359460e+03 4.4006924e+03 4.5939577e+03 3.7651697e+03 2.3289508e+03 1.1874694e+03 8.3147615e+02 4.9824506e+02 5.9650303e+02 8.3549553e+02 1.4247180e+03 1.3282258e+03 5.5675112e+02 4.0349622e+02 4.6499553e+02 4.5874650e+02 3.7874585e+02 3.8399429e+02 4.5824754e+02 4.6275435e+02 4.3925673e+02 4.0275499e+02 3.8725211e+02 4.3949955e+02 4.5224694e+02 4.0399652e+02 3.4174824e+02 2.9924948e+02 2.9025032e+02 2.9200094e+02 2.9550055e+02 2.9525047e+02
0.0000000e+00 0.0000000e+00 -5.6843419e-14 0.0000000e+00 0.0000000e+00 0.0000000e+00 9.7008672e+01 5.3627367e+02 1.1430133e+03 2.1852866e+03 3.2790394e+03 4.1580203e+03 4.4337591e+03 4.1272359e+03 3.9269886e+03 4.1577651e+03 4.5440556e+03 4.3725264e+03 4.6012377e+03 5.0462434e+03 5.0122508e+03 4.6859887e+03 3.6794138e+03 2.2051784e+03 1.0575014e+03 5.7099768e+02 5.6949965e+02 8.2900519e+02 1.6360111e+03 1.5162556e+03 6.2099239e+02 4.7199692e+02 4.5750529e+02 4.7100232e+02 4.3424861e+02 4.3350081e+02 4.4500383e+02 4.0100182e+02 3.7924922e+02 3.7624761e+02 3.7474912e+02 4.0250418e+02 4.3325502e+02 4.1250267e+02 3.4875108e+02 3.0524992e+02 2.9124957e+02 2.8874937e+02 2.8225078e+02 2.7500156e+02
0.0000000e+00 0.0000000e+00 0.0000000e+00 0.0000000e+00 0.0000000e+00 0.0000000e+00 0.0000000e+00 2.4675560e+02 7.5727596e+02 1.4825348e+03 2.7555136e+03 3.9737483e+03 4.2730072e+03 4.4304833e+03 4.3207213e+03 4.1224883e+03 3.9969995e+03 3.8850231e+03 4.2935440e+03 4.5498075e+03 4.2980723e+03 3.6858638e+03 3.4063654e+03 2.5480376e+03 1.2202319e+03 6.9448972e+02 7.1698527e+02 1.2479519e+03 1.6642358e+03 1.3457618e+03 8.5723355e+02 6.4598532e+02 5.1648859e+02 4.9349534e+02 5.1299335e+02 7.3446839e+02 8.8595099e+02 6.2247550e+02 5.1723667e+02 5.2448726e+02 4.1299698e+02 3.8574747e+02 3.7075130e+02 3.6925171e+02 3.4849893e+02 3.1049954e+02 2.9450010e+02 2.9524997e+02 2.8749867e+02 2.6699923e+02
0.0000000e+00 0.0000000e+00 0.0000000e+00 0.0000000e+00 0.0000000e+00 0.0000000e+00 0.0000000e+00 9.2760301e+01 3.8726207e+02 1.1115032e+03 2.5765048e+03 3.8202677e+03 4.0037706e+03 4.5420054e+03 4.6542445e+03 4.3774854e+03 4.3389650e+03 4.0337112e+03 3.9367424e+03 3.9370052e+03 3.8347248e+03 3.1991850e+03 2.6334631e+03 2.0252661e+03 1.5682322e+03 1.0522233e+03 7.6650981e+02 1.8447369e+03 2.4411838e+03 2.0431656e+03 1.4059597e+03 8.5224349e+02 6.6424624e+02 6.4473902e+02 1.1731882e+03 1.6164405e+03 1.7589591e+03 1.6261707e+03 1.1591969e+03 7.5323918e+02 5.2774115e+02 4.6699414e+02 4.1349424e+02 3.5924930e+02 3.3825215e+02 3.1749974e+02 2.9599974e+02 2.8575101e+02 2.8325179e+02 2.6600088e+02
0.0000000e+00 0.0000000e+00 0.0000000e+00 0.0000000e+00 0.0000000e+00 0.0000000e+00 0.0000000e+00 0.0000000e+00 1.1751616e+02 7.2853705e+02 1.8620703e+03 2.7073492e+03 3.0668277e+03 4.0787933e+03 4.3680357e+03 4.3187710e+03 4.6620015e+03 4.3095104e+03 3.8527666e+03 3.8672520e+03 3.9095177e+03 3.2628092e+03 3.0309956e+03 2.8293990e+03 2.0102215e+03 1.1010219e+03 7.3224366e+02 1.6717815e+03 2.7517845e+03 2.9134939e+03 2.0209761e+03 1.0359873e+03 7.2699721e+02 8.0374439e+02 1.6447630e+03 2.5937074e+03 2.8189299e+03 2.9439417e+03 2.7956316e+03 1.8211486e+03 1.0264565e+03 7.6572450e+02 5.7348900e+02 4.1124524e+02 3.3949768e+02 3.1475055e+02 2.9874997e+02 2.8049953e+02 2.6425018e+02 2.5600016e+02
0.0000000e+00 0.0000000e+00 0.0000000e+00 0.0000000e+00 0.0000000e+00 0.0000000e+00 0.0000000e+00 0.0000000e+00 0.0000000e+00 2.8650961e+02 9.7377351e+02 1.7257541e+03 2.7394561e+03 3.8629791e+03 4.1469874e+03 4.4684627e+03 4.7834855e+03 4.3902309e+03 3.9482230e+03 3.7645089e+03 3.5040253e+03 3.0392138e+03 3.3744678e+03 3.5460259e+03 2.6717083e+03 1.7344101e+03 1.0099768e+03 1.0687824e+03 2.1145330e+03 2.5125489e+03 1.7915487e+03 9.6077095e+02 7.4750064e+02 8.9049642e+02 1.1935350e+03 1.9458623e+03 2.3348728e+03 2.8715668e+03 3.6352804e+03 2.8407441e+03 1.5032432e+03 1.0142493e+03 7.6849034e+02 5.2824234e+02 4.3224245e+02 3.6499408e+02 2.9924997e+02 2.7625093e+02 2.5950032e+02 2.4925056e+02
0.0000000e+00 0.0000000e+00 0.0000000e+00 0.0000000e+00 0.0000000e+00 0.0000000e+00 0.0000000e+00 0.0000000e+00 0.0000000e+00 6.6014122e+01 7.1150454e+02 1.5442654e+03 2.7320453e+03 3.4363173e+03 3.8182984e+03 4.6780152e+03 4.8745049e+03 4.5545016e+03 4.2959897e+03 3.9769680e+03 3.6379599e+03 3.6364721e+03 3.8312332e+03 3.4309861e+03 3.2622284e+03 3.0939440e+03 1.7324454e+03 8.2849313e+02 1.3797960e+03 1.9485114e+03 1.4987323e+03 7.9674651e+02 6.8550606e+02 8.3450969e+02 9.0374591e+02 1.0529827e+03 1.6981944e+03 2.4689758e+03 3.2540104e+03 2.9582433e+03 1.5600007e+03 1.0015021e+03 8.1750449e+02 6.9124012e+02 6.3798539e+02 4.7899367e+02 3.6149329e+02 2.9149740e+02 2.7049848e+02 2.5549876e+02
0.0000000e+00 0.0000000e+00 0.0000000e+00 0.0000000e+00 0.0000000e+00 0.0000000e+00 0.0000000e+00 0.0000000e+00 0.0000000e+00 0.0000000e+00 3.6553335e+02 9.4305030e+02 1.9360414e+03 2.3765480e+03 2.7393193e+03 4.0663018e+03 4.6722673e+03 4.5982436e+03 4.5999771e+03 4.4649789e+03 4.1437352e+03 3.8210081e+03 3.7057808e+03 3.2185374e+03 3.3842585e+03 3.9044679e+03 3.0449114e+03 1.5914233e+03 1.0944846e+03 1.7875061e+03 1.7484906e+03 1.5526706e+03 1.7961220e+03 1.4041777e+03 1.3202085e+03 1.8964250e+03 2.3357364e+03 2.4835229e+03 3.1402519e+03 3.0302489e+03 1.6419903e+03 1.0374940e+03 8.7798881e+02 8.8298897e+02 8.6074037e+02 6.2649024e+02 4.5799622e+02 3.7024399e+02 3.2574547e+02 2.9474696e+02
0.0000000e+00 0.0000000e+00 0.0000000e+00 0.0000000e+00 0.0000000e+00 0.0000000e+00 0.0000000e+00 0.0000000e+00 0.0000000e+00 0.0000000e+00 4.5063374e+00 3.2251801e+02 1.0090611e+03 1.9015042e+03 2.7491786e+03 3.8179751e+03 4.4152611e+03 4.5980066e+03 4.8264981e+03 4.7594886e+03 4.3599909e+03 3.8752358e+03 3.5304883e+03 2.9372434e+03 3.1937625e+03 3.7700475e+03 3.7707591e+03 2.6284625e+03 1.4147300e+03 2.2339442e+03 2.6141633e+03 2.5762167e+03 3.0407414e+03 2.0340033e+03 1.8052382e+03 2.7909766e+03 2.9909409e+03 3.1591516e+03 3.0965029e+03 2.5413055e+03 1.8484869e+03 1.2877283e+03 9.9349850e+02 1.0387439e+03 1.0092432e+03 7.4924625e+02 5.2399650e+02 4.4374792e+02 4.1149505e+02 3.9599183e+02
0.0000000e+00 0.0000000e+00 0.0000000e+00 0.0000000e+00 0.0000000e+00 0.0000000e+00 0.0000000e+00 0.0000000e+00 0.0000000e+00 0.0000000e+00 0.0000000e+00 1.1100558e+02 4.6749910e+02 1.6227772e+03 3.1122814e+03 3.6765411e+03 3.9802878e+03 4.3992657e+03 4.6937669e+03 4.8777482e+03 4.7239682e+03 4.2877179e+03 3.8479761e+03 3.4669470e+03 3.1802388e+03 3.3637476e+03 3.5405167e+03 3.1449798e+03 2.1956823e+03 2.4125364e+03 3.2815127e+03 3.4349370e+03 3.7554282e+03 2.7931611e+03 2.2839580e+03 3.1772302e+03 3.9204552e+03 4.3072203e+03 3.6544342e+03 2.8866548e+03 2.5749314e+03 2.0646845e+03 1.4129543e+03 1.4992043e+03 1.4324592e+03 8.0324772e+02 5.2500344e+02 4.7274885e+02 5.9873392e+02 6.1148400e+02
0.0000000e+00 0.0000000e+00 0.0000000e+00 0.0000000e+00 0.0000000e+00 0.0000000e+00 0.0000000e+00 0.0000000e+00 0.0000000e+00 -2.8421709e-14 0.0000000e+00 2.2204460e-15 2.7302312e+02 1.0072927e+03 2.0643378e+03 2.5300892e+03 3.2175488e+03 4.0070288e+03 4.3962668e+03 4.6475281e+03 4.7065342e+03 4.6904865e+03 4.2932234e+03 3.8550094e+03 3.5472194e+03 3.6199732e+03 3.1572768e+03 2.9385440e+03 2.8739912e+03 2.2967263e+03 3.0745108e+03 3.7492779e+03 4.0867849e+03 3.8557188e+03 3.5623966e+03 4.0759175e+03 4.1017747e+03 3.9903162e+03 4.0792682e+03 3.9019805e+03 3.5432089e+03 3.1659407e+03 2.3951842e+03 2.4101923e+03 2.0262236e+03 1.1849587e+03 1.0036919e+03 7.0972411e+02 7.9249418e+02 8.9548379e+02
0.0000000e+00 0.0000000e+00 0.0000000e+00 0.0000000e+00 0.0000000e+00 0.0000000e+00 0.0000000e+00 0.0000000e+00 0.0000000e+00 0.0000000e+00 0.0000000e+00 0.0000000e+00 2.5505204e+01 4.3877246e+02 1.2457557e+03 1.8752353e+03 2.4270420e+03 3.3247997e+03 4.1297638e+03 4.4069994e+03 4.3352582e+03 4.4125458e+03 4.2900274e+03 3.9509794e+03 3.9059895e+03 3.9072440e+03 3.0417362e+03 2.8359673e+03 3.0074935e+03 2.4655045e+03 3.0179956e+03 3.5649930e+03 3.6987595e+03 3.5173208e+03 3.4461182e+03 3.9950930e+03 3.8550035e+03 3.5349855e+03 3.9122509e+03 4.0265053e+03 3.8850021e+03 3.8504809e+03 3.6071765e+03 3.3701975e+03 2.7189466e+03 2.2579177e+03 1.7329746e+03 9.7174592e+02 1.0079810e+03 1.3964585e+03
0.0000000e+00 0.0000000e+00 0.0000000e+00 0.0000000e+00 0.0000000e+00 0.0000000e+00 0.0000000e+00 -2.2737368e-13 -2.2737368e-13 -1.7053026e-13 0.0000000e+00 0.0000000e+00 0.0000000e+00 2.0825425e+02 9.4177984e+02 1.8002736e+03 2.4209582e+03 3.3359483e+03 4.0972398e+03 4.3337592e+03 4.2032571e+03 4.0160001e+03 4.0764973e+03 3.9597699e+03 3.7282815e+03 3.6117907e+03 3.2232427e+03 3.3584719e+03 3.3254693e+03 2.9321908e+03 3.2769741e+03 3.5305111e+03 3.5800043e+03 3.2372111e+03 3.0429274e+03 3.3327334e+03 3.6662686e+03 3.6947459e+03 3.8005122e+03 3.8170192e+03 3.7210171e+03 3.9765046e+03 4.2360008e+03 4.2941950e+03 3.9451604e+03 3.6139245e+03 2.4446924e+03 1.4274507e+03 1.5084606e+03 1.5105287e+03
0.0000000e+00 0.0000000e+00 0.0000000e+00 0.0000000e+00 0.0000000e+00 0.0000000e+00 0.0000000e+00 0.0000000e+00 1.1368684e-13 1.1368684e-13 1.1368684e-13 7.1054274e-15 5.2744395e+01 1.8699822e+02 5.4176723e+02 1.3122840e+03 2.2585616e+03 3.0585852e+03 3.6468137e+03 4.0187780e+03 4.0897563e+03 4.1877296e+03 4.2419831e+03 3.7929996e+03 3.6297298e+03 3.6482044e+03 3.4312327e+03 3.5455062e+03 3.7997248e+03 3.8037066e+03 3.9296988e+03 3.4492484e+03 3.2732821e+03 3.8204702e+03 3.7054949e+03 3.6289817e+03 3.8452099e+03 3.7359992e+03 3.5227706e+03 3.6674983e+03 3.8372189e+03 4.1169787e+03 4.5277146e+03 4.8179936e+03 4.8099881e+03 4.1895082e+03 3.1617233e+03 2.8678790e+03 2.8136350e+03 1.8446813e+03
0.0000000e+00 0.0000000e+00 0.0000000e+00 0.0000000e+00 0.0000000e+00 0.0000000e+00 0.0000000e+00 0.0000000e+00 0.0000000e+00 -1.1368684e-13 -1.1368684e-13 -8.5265128e-14 1.2799664e+02 3.1998582e+02 4.4949363e+02 7.9277802e+02 1.5132771e+03 2.2575099e+03 3.0982514e+03 3.4775366e+03 3.6682943e+03 4.1772720e+03 4.1975225e+03 3.8984877e+03 4.0342219e+03 4.1599847e+03 3.6727385e+03 3.5054985e+03 3.8740166e+03 4.1290049e+03 3.8615601e+03 3.4210050e+03 3.6744193e+03 4.2137329e+03 3.9504757e+03 3.9657281e+03 4.1802503e+03 3.8774838e+03 3.5344777e+03 3.8569789e+03 4.1554933e+03 4.2360073e+03 4.7700068e+03 4.8195063e+03 4.8740043e+03 4.4794569e+03 3.9156865e+03 4.1362202e+03 4.1477062e+03 3.2891461e+03
0.0000000e+00 0.0000000e+00 0.0000000e+00 0.0000000e+00 0.0000000e+00 0.0000000e+00 0.0000000e+00 0.0000000e+00 0.0000000e+00 0.0000000e+00 0.0000000e+00 0.0000000e+00 8.3758787e+01 3.8925593e+02 5.3324626e+02 5.4000237e+02 1.0535285e+03 1.9460279e+03 2.6755500e+03 2.8925341e+03 3.3764906e+03 3.9994994e+03 4.0157494e+03 4.0037497e+03 4.1340164e+03 4.0682767e+03 3.8362418e+03 3.7734689e+03 3.8177401e+03 3.8255320e+03 3.2695112e+03 3.5724765e+03 4.3245026e+03 4.1030308e+03 4.1075055e+03 4.2009936e+03 4.1367550e+03 4.1334853e+03 3.8167382e+03 3.8230255e+03 4.0055251e+03 4.0250183e+03 4.3445449e+03 4.6020201e+03 4.8869940e+03 4.9377379e+03 4.6289776e+03 4.5674777e+03 4.6332353e+03 4.3677241e+03
0.0000000e+00 0.0000000e+00 0.0000000e+00 0.0000000e+00 0.0000000e+00 0.0000000e+00 0.0000000e+00 0.0000000e+00 0.0000000e+00 0.0000000e+00 0.0000000e+00 -5.6843419e-14 0.0000000e+00 3.2150234e+02 5.9149661e+02 5.0625175e+02 7.1926234e+02 1.3650433e+03 1.7693109e+03 2.1970512e+03 3.0932944e+03 3.7300338e+03 3.9182627e+03 4.0222481e+03 4.0534934e+03 3.9587365e+03 4.0009881e+03 4.1349869e+03 4.0154857e+03 3.8807108e+03 3.5946986e+03 3.7909969e+03 4.1487690e+03 4.0699729e+03 4.2234802e+03 4.3117429e+03 4.1472437e+03 4.0307775e+03 3.8662558e+03 3.6984895e+03 3.7850018e+03 3.9279934e+03 4.0899859e+03 4.4592473e+03 4.7715203e+03 4.7927801e+03 4.6785166e+03 4.6442631e+03 4.5715225e+03 4.4457667e+03
0.0000000e+00 0.0000000e+00 0.0000000e+00 0.0000000e+00 0.0000000e+00 0.0000000e+00 0.0000000e+00 0.0000000e+00 0.0000000e+00 0.0000000e+00 0.0000000e+00 0.0000000e+00 8.5265128e-14 1.0852418e+02 4.8876623e+02 5.1249745e+02 4.8076723e+02 7.2328611e+02 9.1979421e+02 1.5085340e+03 2.4582842e+03 3.0223040e+03 3.5990270e+03 3.9762577e+03 4.0540067e+03 4.1934844e+03 4.2674789e+03 4.3567356e+03 4.3147272e+03 4.2887388e+03 4.1862283e+03 4.2144503e+03 4.3267086e+03 4.4847257e+03 4.5697269e+03 4.5192313e+03 4.2492437e+03 3.9764789e+03 3.9949781e+03 4.0567159e+03 4.0214687e+03 4.0107464e+03 4.0925140e+03 4.3320186e+03 4.5855027e+03 4.4537618e+03 4.3045298e+03 4.3285261e+03 4.4017484e+03 4.4224860e+03
0.0000000e+00 0.0000000e+00 0.0000000e+00 0.0000000e+00 0.0000000e+00 0.0000000e+00 0.0000000e+00 0.0000000e+00 0.0000000e+00 0.0000000e+00 0.0000000e+00 0.0000000e+00 5.6843419e-14 7.1054274e-14 2.2301709e+02 4.4651091e+02 3.7699565e+02 3.9900435e+02 4.6151305e+02 9.5478541e+02 1.8527917e+03 2.6234956e+03 3.4262445e+03 3.8822541e+03 3.8910138e+03 4.1030272e+03 4.4062539e+03 4.4957471e+03 4.4790024e+03 4.4244942e+03 4.4604874e+03 4.6587442e+03 4.7477388e+03 4.7702386e+03 4.8432389e+03 4.7442405e+03 4.3594925e+03 4.1367512e+03 4.2612386e+03 4.4432357e+03 4.2332550e+03 4.0017548e+03 4.1089838e+03 4.2659895e+03 4.3697745e+03 4.2797600e+03 4.1054950e+03 4.0740057e+03 4.2457713e+03 4.4285134e+03
