visualization/geoclaw_output/chile2010/eta_0003.asc
ncols     360
nrows     360
xllcorner -1.199166666650000e+02
yllcorner -5.991666666500000e+01
cellsize  1.666666700000000e-01
nodata_value       -9999
[rows 220 to 241 of 360, columns 200 to 249 of 360]
3.3701928e-02 4.5415838e-02 5.8822221e-02 7.2919139e-02 8.6474424e-02 9.8298663e-02 1.0785400e-01 1.1547346e-01 1.2192680e-01 1.2889028e-01 1.3828220e-01 1.5148283e-01 1.6897715e-01 1.8967474e-01 2.1033474e-01 2.2641456e-01 2.3358423e-01 2.3394628e-01 2.3252575e-01 2.2520077e-01 2.0743757e-01 1.8162289e-01 1.5144097e-01 1.2055205e-01 9.1430884e-02 6.3240868e-02 3.4329486e-02 4.0677790e-03 -2.7499885e-02 -5.9902242e-02 -9.2639782e-02 -1.2437594e-01 -1.5423697e-01 -1.8127277e-01 -2.0495758e-01 -2.2476869e-01 -2.4054067e-01 -2.5198629e-01 -2.5785618e-01 -2.5830286e-01 -2.5707881e-01 -2.5451196e-01 -2.4866348e-01 -2.4084515e-01 -2.3159568e-01 -2.2062985e-01 -2.0801071e-01 -1.9369235e-01 -1.7784723e-01 -1.6086764e-01
3.5260607e-02 4.7042299e-02 6.0474178e-02 7.4393820e-02 8.7319325e-02 9.8258886e-02 1.0697537e-01 1.1377787e-01 1.1956769e-01 1.2577118e-01 1.3403331e-01 1.4582424e-01 1.6195587e-01 1.8190662e-01 2.0290077e-01 2.2061274e-01 2.3074808e-01 2.3268760e-01 2.3196145e-01 2.2774911e-01 2.1259388e-01 1.8771384e-01 1.5789710e-01 1.2727964e-01 9.7473748e-02 6.8031146e-02 3.8561302e-02 8.7918211e-03 -2.1695671e-02 -5.2758332e-02 -8.4176540e-02 -1.1528871e-01 -1.4498884e-01 -1.7227146e-01 -1.9636658e-01 -2.1684330e-01 -2.3354848e-01 -2.4638201e-01 -2.5447154e-01 -2.5675352e-01 -2.5633541e-01 -2.5469150e-01 -2.5023726e-01 -2.4374679e-01 -2.3542624e-01 -2.2551534e-01 -2.1418283e-01 -2.0107864e-01 -1.8626201e-01 -1.7012476e-01
3.6634555e-02 4.8386772e-02 6.1622549e-02 7.5186553e-02 8.7523720e-02 9.7814199e-02 1.0586743e-01 1.1200300e-01 1.1712606e-01 1.2258729e-01 1.2991340e-01 1.4049608e-01 1.5523607e-01 1.7399616e-01 1.9480099e-01 2.1392069e-01 2.2706864e-01 2.3105843e-01 2.3084460e-01 2.2885254e-01 2.1728959e-01 1.9477130e-01 1.6618154e-01 1.3529617e-01 1.0482842e-01 7.5020556e-02 4.5262237e-02 1.5578095e-02 -1.4341444e-02 -4.4679750e-02 -7.5300622e-02 -1.0571951e-01 -1.3517561e-01 -1.6260525e-01 -1.8711002e-01 -2.0830688e-01 -2.2589993e-01 -2.3981749e-01 -2.4978489e-01 -2.5464278e-01 -2.5523962e-01 -2.5457940e-01 -2.5152918e-01 -2.4615601e-01 -2.3869531e-01 -2.2977348e-01 -2.1952480e-01 -2.0755936e-01 -1.9390349e-01 -1.7884692e-01
3.7740936e-02 4.9492772e-02 6.2443111e-02 7.5538168e-02 8.7406581e-02 9.7172562e-02 1.0467513e-01 1.1022883e-01 1.1473326e-01 1.1948343e-01 1.2589120e-01 1.3531314e-01 1.4867226e-01 1.6608876e-01 1.8624752e-01 2.0616738e-01 2.2182476e-01 2.2893970e-01 2.2963204e-01 2.2887485e-01 2.2108407e-01 2.0203323e-01 1.7525650e-01 1.4438249e-01 1.1341360e-01 8.3341231e-02 5.3883307e-02 2.4529488e-02 -5.1670192e-03 -3.5261347e-02 -6.5418638e-02 -9.5362239e-02 -1.2450517e-01 -1.5219445e-01 -1.7728369e-01 -1.9929194e-01 -2.1781737e-01 -2.3277392e-01 -2.4415128e-01 -2.5137912e-01 -2.5368885e-01 -2.5354749e-01 -2.5181867e-01 -2.4760158e-01 -2.4117689e-01 -2.3333320e-01 -2.2424731e-01 -2.1353999e-01 -2.0113318e-01 -1.8723086e-01
3.8318635e-02 5.0264699e-02 6.3128182e-02 7.5801990e-02 8.7230635e-02 9.6502818e-02 1.0345013e-01 1.0842815e-01 1.1234382e-01 1.1639027e-01 1.2184319e-01 1.3003645e-01 1.4192245e-01 1.5780832e-01 1.7691622e-01 1.9707017e-01 2.1476206e-01 2.2561873e-01 2.2821473e-01 2.2814960e-01 2.2401113e-01 2.0903756e-01 1.8430209e-01 1.5476619e-01 1.2421350e-01 9.3920739e-02 6.4084650e-02 3.4577685e-02 5.0763295e-03 -2.4617039e-02 -5.4386609e-02 -8.3980876e-02 -1.1297039e-01 -1.4081498e-01 -1.6646437e-01 -1.8926406e-01 -2.0886640e-01 -2.2489863e-01 -2.3744122e-01 -2.4651027e-01 -2.5112946e-01 -2.5197224e-01 -2.5127577e-01 -2.4839079e-01 -2.4328403e-01 -2.3641669e-01 -2.2827567e-01 -2.1873219e-01 -2.0763328e-01 -1.9498184e-01
3.9011062e-02 5.0701371e-02 6.3282282e-02 7.5749332e-02 8.6900332e-02 9.5669164e-02 1.0206809e-01 1.0655151e-01 1.0996639e-01 1.1335799e-01 1.1791116e-01 1.2490917e-01 1.3533294e-01 1.4963072e-01 1.6752339e-01 1.8744810e-01 2.0657984e-01 2.2092976e-01 2.2632663e-01 2.2671326e-01 2.2488830e-01 2.1447820e-01 1.9305595e-01 1.6551564e-01 1.3602592e-01 1.0593244e-01 7.5836457e-02 4.5662770e-02 1.6024926e-02 -1.3215994e-02 -4.2614329e-02 -7.1968530e-02 -1.0073469e-01 -1.2843599e-01 -1.5438189e-01 -1.7786691e-01 -1.9850151e-01 -2.1578555e-01 -2.2958903e-01 -2.4010714e-01 -2.4723443e-01 -2.4991675e-01 -2.4991788e-01 -2.4825589e-01 -2.4458957e-01 -2.3867792e-01 -2.3133387e-01 -2.2279457e-01 -2.1297257e-01 -2.0173674e-01
3.9047336e-02 5.0794235e-02 6.3280837e-02 7.5428103e-02 8.6177098e-02 9.4709644e-02 1.0084641e-01 1.0489136e-01 1.0774499e-01 1.1044178e-01 1.1411700e-01 1.1995062e-01 1.2898434e-01 1.4176864e-01 1.5823998e-01 1.7742583e-01 1.9711191e-01 2.1392305e-01 2.2373899e-01 2.2536820e-01 2.2404439e-01 2.1835044e-01 2.0132197e-01 1.7615562e-01 1.4773226e-01 1.1822384e-01 8.8427961e-02 5.8383660e-02 2.8526240e-02 -5.6605110e-04 -2.9631962e-02 -5.8820398e-02 -8.7439673e-02 -1.1501600e-01 -1.4112408e-01 -1.6529736e-01 -1.8691042e-01 -2.0540788e-01 -2.2049479e-01 -2.3228684e-01 -2.4106260e-01 -2.4630424e-01 -2.4742430e-01 -2.4671219e-01 -2.4485077e-01 -2.4018381e-01 -2.3372035e-01 -2.2606923e-01 -2.1732470e-01 -2.0732741e-01
3.8775333e-02 5.0627792e-02 6.3189164e-02 7.4990433e-02 8.5415247e-02 9.3601384e-02 9.9368159e-02 1.0305897e-01 1.0548152e-01 1.0761337e-01 1.1051216e-01 1.1528147e-01 1.2287843e-01 1.3406495e-01 1.4907247e-01 1.6720224e-01 1.8699978e-01 2.0540434e-01 2.1883831e-01 2.2338241e-01 2.2260114e-01 2.1999033e-01 2.0854297e-01 1.8671798e-01 1.5981414e-01 1.3095061e-01 1.0160178e-01 7.2064074e-02 4.2504935e-02 1.3354779e-02 -1.5678990e-02 -4.4767643e-02 -7.3373935e-02 -1.0080300e-01 -1.2685899e-01 -1.5144834e-01 -1.7381861e-01 -1.9336994e-01 -2.0976762e-01 -2.2293787e-01 -2.3322736e-01 -2.4056952e-01 -2.4376701e-01 -2.4389184e-01 -2.4317217e-01 -2.4029024e-01 -2.3502137e-01 -2.2832044e-01 -2.2052366e-01 -2.1160756e-01
3.8208640e-02 4.9550224e-02 6.1983199e-02 7.4519646e-02 8.5058346e-02 9.2948340e-02 9.8213129e-02 1.0139464e-01 1.0332201e-01 1.0491581e-01 1.0711911e-01 1.1092647e-01 1.1723055e-01 1.2684873e-01 1.4028201e-01 1.5726918e-01 1.7675009e-01 1.9606852e-01 2.1174566e-01 2.1964833e-01 2.2050610e-01 2.1943846e-01 2.1327277e-01 1.9637233e-01 1.7199585e-01 1.4420107e-01 1.1550354e-01 8.6482979e-02 5.7181489e-02 2.8076227e-02 -8.0409136e-04 -2.9704250e-02 -5.8427010e-02 -8.5978292e-02 -1.1191824e-01 -1.3643833e-01 -1.5926994e-01 -1.7971532e-01 -1.9744023e-01 -2.1203557e-01 -2.2364370e-01 -2.3261147e-01 -2.3836137e-01 -2.3996744e-01 -2.3974445e-01 -2.3868172e-01 -2.3525531e-01 -2.2984615e-01 -2.2300736e-01 -2.1503190e-01
3.7377947e-02 4.8436361e-02 6.0895886e-02 7.3391216e-02 8.4159956e-02 9.1966015e-02 9.6952042e-02 9.9808129e-02 1.0131949e-01 1.0237566e-01 1.0394123e-01 1.0687724e-01 1.1204741e-01 1.2027696e-01 1.3220833e-01 1.4777833e-01 1.6632803e-01 1.8589632e-01 2.0346171e-01 2.1484156e-01 2.1812463e-01 2.1811043e-01 2.1547905e-01 2.0413143e-01 1.8339592e-01 1.5759860e-01 1.2985212e-01 1.0125848e-01 7.2254391e-02 4.3387976e-02 1.4687348e-02 -1.4002469e-02 -4.2514924e-02 -7.0108016e-02 -9.6079046e-02 -1.2055223e-01 -1.4362928e-01 -1.6477717e-01 -1.8356077e-01 -1.9948792e-01 -2.1248947e-01 -2.2294122e-01 -2.3062489e-01 -2.3496319e-01 -2.3566569e-01 -2.3535940e-01 -2.3349826e-01 -2.2993188e-01 -2.2459245e-01 -2.1777550e-01
3.6921336e-02 4.7761577e-02 5.9629614e-02 7.1503037e-02 8.2059163e-02 9.0152040e-02 9.5173237e-02 9.7861713e-02 9.9132589e-02 9.9826774e-02 1.0085146e-01 1.0300729e-01 1.0711796e-01 1.1402057e-01 1.2447602e-01 1.3862814e-01 1.5598641e-01 1.7523622e-01 1.9401067e-01 2.0846890e-01 2.1564068e-01 2.1667431e-01 2.1563777e-01 2.0979059e-01 1.9369178e-01 1.7064768e-01 1.4438027e-01 1.1643429e-01 8.7749068e-02 5.9129059e-02 3.0516188e-02 2.0453989e-03 -2.6039275e-02 -5.3314424e-02 -7.9528600e-02 -1.0410680e-01 -1.2707728e-01 -1.4841177e-01 -1.6802535e-01 -1.8523615e-01 -1.9969022e-01 -2.1159752e-01 -2.2087775e-01 -2.2737570e-01 -2.3035635e-01 -2.3108472e-01 -2.3064441e-01 -2.2838424e-01 -2.2495713e-01 -2.1982058e-01
3.6375003e-02 4.6912077e-02 5.8294503e-02 6.9674117e-02 7.9929251e-02 8.7900410e-02 9.2981956e-02 9.5665015e-02 9.6788692e-02 9.7226617e-02 9.7796766e-02 9.9300494e-02 1.0244457e-01 1.0808816e-01 1.1705145e-01 1.2979584e-01 1.4588623e-01 1.6434545e-01 1.8341396e-01 2.0008029e-01 2.1143827e-01 2.1538421e-01 2.1512742e-01 2.1327314e-01 2.0266288e-01 1.8305766e-01 1.5892093e-01 1.3199834e-01 1.0388803e-01 7.5460327e-02 4.7066385e-02 1.8953099e-02 -8.6087406e-03 -3.5571784e-02 -6.1812374e-02 -8.6818864e-02 -1.1009832e-01 -1.3170017e-01 -1.5159468e-01 -1.6958196e-01 -1.8532105e-01 -1.9849232e-01 -2.0923385e-01 -2.1754291e-01 -2.2309492e-01 -2.2553485e-01 -2.2641631e-01 -2.2563304e-01 -2.2351299e-01 -2.2038372e-01
3.5747655e-02 4.6013075e-02 5.7091600e-02 6.8076981e-02 7.7857887e-02 8.5442393e-02 9.0423405e-02 9.3162218e-02 9.4341409e-02 9.4641774e-02 9.4931989e-02 9.5914268e-02 9.8210168e-02 1.0264324e-01 1.1012120e-01 1.2127933e-01 1.3598419e-01 1.5335951e-01 1.7213094e-01 1.9021870e-01 2.0468671e-01 2.1223595e-01 2.1363061e-01 2.1372056e-01 2.0909133e-01 1.9439883e-01 1.7333205e-01 1.4787055e-01 1.2071914e-01 9.2778983e-02 6.4545584e-02 3.7047541e-02 1.0147417e-02 -1.6463826e-02 -4.2547834e-02 -6.7597859e-02 -9.1368364e-02 -1.1386486e-01 -1.3431253e-01 -1.5267053e-01 -1.6935098e-01 -1.8382234e-01 -1.9599864e-01 -2.0593303e-01 -2.1353635e-01 -2.1851748e-01 -2.2074399e-01 -2.2147028e-01 -2.2077122e-01 -2.1878249e-01
3.4908715e-02 4.4821339e-02 5.5557137e-02 6.6181916e-02 7.5637740e-02 8.3078717e-02 8.8090093e-02 9.0880826e-02 9.2027786e-02 9.2217689e-02 9.2354667e-02 9.2908786e-02 9.4457860e-02 9.7789510e-02 1.0384846e-01 1.1339035e-01 1.2651091e-01 1.4262810e-01 1.6072086e-01 1.7927532e-01 1.9589502e-01 2.0745569e-01 2.1151324e-01 2.1263713e-01 2.1158857e-01 2.0296005e-01 1.8661142e-01 1.6391416e-01 1.3809421e-01 1.1106247e-01 8.3221723e-02 5.6128425e-02 2.9768545e-02 3.7881353e-03 -2.1798310e-02 -4.6562089e-02 -7.0417234e-02 -9.3402606e-02 -1.1466643e-01 -1.3387247e-01 -1.5144430e-01 -1.6729550e-01 -1.8097976e-01 -1.9245990e-01 -2.0184594e-01 -2.0892752e-01 -2.1353063e-01 -2.1570022e-01 -2.1663031e-01 -2.1627147e-01
3.3908294e-02 4.3411436e-02 5.3751689e-02 6.4032294e-02 7.3301137e-02 8.0691092e-02 8.5766760e-02 8.8681005e-02 8.9856432e-02 9.0062291e-02 9.0097984e-02 9.0313989e-02 9.1188747e-02 9.3505613e-02 9.8237810e-02 1.0630004e-01 1.1784807e-01 1.3247199e-01 1.4945636e-01 1.6768139e-01 1.8525454e-01 1.9996392e-01 2.0869766e-01 2.1120579e-01 2.1189773e-01 2.0797909e-01 1.9676721e-01 1.7832568e-01 1.5506971e-01 1.2944867e-01 1.0257563e-01 7.5969879e-02 5.0165433e-02 2.4878845e-02 -2.3764266e-04 -2.5011955e-02 -4.8754313e-02 -7.1427691e-02 -9.2987884e-02 -1.1302494e-01 -1.3141054e-01 -1.4836034e-01 -1.6359256e-01 -1.7683011e-01 -1.8803951e-01 -1.9679344e-01 -2.0355307e-01 -2.0808742e-01 -2.1043505e-01 -2.1182533e-01
3.2708205e-02 4.1810061e-02 5.1777104e-02 6.1767156e-02 7.0890814e-02 7.8367236e-02 8.3580763e-02 8.6514025e-02 8.7684576e-02 8.7927074e-02 8.7913026e-02 8.7928005e-02 8.8285485e-02 8.9703390e-02 9.3224404e-02 9.9839402e-02 1.0986586e-01 1.2294504e-01 1.3857172e-01 1.5595805e-01 1.7364652e-01 1.8996129e-01 2.0266359e-01 2.0878282e-01 2.1046202e-01 2.0988588e-01 2.0339524e-01 1.8990510e-01 1.7057260e-01 1.4713057e-01 1.2169205e-01 9.6035684e-02 7.0691025e-02 4.5986101e-02 2.1424499e-02 -2.9715292e-03 -2.6495225e-02 -4.8802873e-02 -7.0135282e-02 -9.0396727e-02 -1.0933842e-01 -1.2718984e-01 -1.4357905e-01 -1.5850980e-01 -1.7193801e-01 -1.8262497e-01 -1.9118806e-01 -1.9791960e-01 -2.0252397e-01 -2.0537131e-01
3.1307974e-02 4.0029087e-02 4.9659426e-02 5.9393531e-02 6.8364482e-02 7.5846649e-02 8.1292629e-02 8.4413818e-02 8.5627269e-02 8.5851050e-02 8.5865772e-02 8.5840132e-02 8.5853515e-02 8.6461366e-02 8.8816498e-02 9.3982749e-02 1.0249442e-01 1.1412491e-01 1.2836601e-01 1.4458792e-01 1.6182222e-01 1.7868577e-01 1.9348604e-01 2.0393810e-01 2.0803523e-01 2.0886448e-01 2.0644286e-01 1.9811508e-01 1.8306847e-01 1.6291124e-01 1.3971357e-01 1.1550122e-01 9.0787711e-02 6.6722395e-02 4.3138259e-02 1.9813234e-02 -3.3902375e-03 -2.5967242e-02 -4.7223189e-02 -6.7348285e-02 -8.6473073e-02 -1.0468248e-01 -1.2158579e-01 -1.3733811e-01 -1.5217866e-01 -1.6494290e-01 -1.7549276e-01 -1.8425681e-01 -1.9115270e-01 -1.9606759e-01
2.9744337e-02 3.8094464e-02 4.7378968e-02 5.6800615e-02 6.5586758e-02 7.3029794e-02 7.8634795e-02 8.2089098e-02 8.3628580e-02 8.3979685e-02 8.4061319e-02 8.3966957e-02 8.3867907e-02 8.3970215e-02 8.5076785e-02 8.8731203e-02 9.5683363e-02 1.0589797e-01 1.1874957e-01 1.3357757e-01 1.4978815e-01 1.6645797e-01 1.8218010e-01 1.9537525e-01 2.0369806e-01 2.0627926e-01 2.0584311e-01 2.0258117e-01 1.9218667e-01 1.7618980e-01 1.5612287e-01 1.3402068e-01 1.1063058e-01 8.7264860e-02 6.4591527e-02 4.2395321e-02 2.0190589e-02 -2.1140532e-03 -2.3566482e-02 -4.3706290e-02 -6.2882224e-02 -8.1223503e-02 -9.8523266e-02 -1.1482011e-01 -1.2999322e-01 -1.4402315e-01 -1.5638377e-01 -1.6704975e-01 -1.7604853e-01 -1.8316743e-01
2.8076841e-02 3.5887065e-02 4.4631970e-02 5.3841484e-02 6.2708649e-02 7.0272612e-02 7.6005448e-02 7.9766692e-02 8.1707863e-02 8.2302066e-02 8.2376303e-02 8.2281244e-02 8.2134544e-02 8.2018222e-02 8.2332062e-02 8.4380275e-02 8.9720764e-02 9.8409863e-02 1.0976577e-01 1.2319019e-01 1.3817011e-01 1.5419817e-01 1.7021631e-01 1.8479411e-01 1.9601098e-01 2.0208551e-01 2.0298005e-01 2.0255712e-01 1.9743691e-01 1.8605490e-01 1.7007735e-01 1.5079830e-01 1.2931957e-01 1.0727553e-01 8.5501198e-02 6.4112483e-02 4.2934148e-02 2.1936482e-02 1.2522954e-03 -1.8735825e-02 -3.7953227e-02 -5.6615337e-02 -7.4370863e-02 -9.1092482e-02 -1.0669825e-01 -1.2146891e-01 -1.3491040e-01 -1.4702114e-01 -1.5764272e-01 -1.6668883e-01
2.6422090e-02 3.3569932e-02 4.1762261e-02 5.0695181e-02 5.9602156e-02 6.7271964e-02 7.3217525e-02 7.7359514e-02 7.9816077e-02 8.0736078e-02 8.0892283e-02 8.0842114e-02 8.0639239e-02 8.0326312e-02 8.0390842e-02 8.1200419e-02 8.4716061e-02 9.1648229e-02 1.0138905e-01 1.1344324e-01 1.2729537e-01 1.4248499e-01 1.5806355e-01 1.7295083e-01 1.8573864e-01 1.9504314e-01 1.9904076e-01 2.0018600e-01 1.9874333e-01 1.9238379e-01 1.8106571e-01 1.6528810e-01 1.4648867e-01 1.2643617e-01 1.0599854e-01 8.5472395e-02 6.5033000e-02 4.4757416e-02 2.4794188e-02 5.3933969e-03 -1.3408305e-02 -3.1667109e-02 -4.9270021e-02 -6.6184825e-02 -8.2131532e-02 -9.7291866e-02 -1.1136276e-01 -1.2444979e-01 -1.3613727e-01 -1.4662328e-01
2.4718700e-02 3.1375083e-02 3.9128787e-02 4.7724953e-02 5.6237242e-02 6.3871520e-02 7.0260141e-02 7.5067513e-02 7.8094596e-02 7.9378609e-02 7.9644191e-02 7.9706406e-02 7.9380902e-02 7.8761868e-02 7.8707215e-02 7.8997071e-02 8.0775443e-02 8.5865909e-02 9.3983206e-02 1.0464225e-01 1.1726722e-01 1.3140805e-01 1.4615342e-01 1.6076006e-01 1.7436183e-01 1.8578243e-01 1.9344744e-01 1.9656323e-01 1.9729644e-01 1.9486345e-01 1.8814407e-01 1.7649318e-01 1.6119688e-01 1.4374295e-01 1.2503598e-01 1.0561160e-01 8.6167293e-02 6.6864903e-02 4.7850753e-02 2.9241211e-02 1.0911031e-02 -6.9454995e-03 -2.4206639e-02 -4.0966736e-02 -5.7053368e-02 -7.2437944e-02 -8.6766631e-02 -1.0035723e-01 -1.1294408e-01 -1.2434549e-01
2.2827031e-02 2.9092583e-02 3.6384648e-02 4.4457384e-02 5.2686693e-02 6.0336533e-02 6.7120559e-02 7.2617658e-02 7.6451888e-02 7.8288803e-02 7.8749862e-02 7.8922318e-02 7.8556561e-02 7.7683963e-02 7.7304229e-02 7.7365100e-02 7.8095365e-02 8.1352243e-02 8.7733994e-02 9.6792916e-02 1.0792719e-01 1.2066928e-01 1.3437892e-01 1.4843065e-01 1.6206185e-01 1.7442088e-01 1.8450714e-01 1.9128553e-01 1.9394184e-01 1.9408737e-01 1.9162414e-01 1.8450206e-01 1.7340176e-01 1.5924819e-01 1.4293649e-01 1.2524313e-01 1.0712454e-01 8.8981633e-02 7.0938703e-02 5.3003592e-02 3.5040849e-02 1.7380148e-02 3.2330315e-04 -1.6204898e-02 -3.2235537e-02 -4.7669908e-02 -6.1924199e-02 -7.5414799e-02 -8.8577858e-02 -1.0067222e-01
