visualization/geoclaw_output/chile2010/eta_0009.asc
ncols     360
nrows     360
xllcorner -1.199166666650000e+02
yllcorner -5.991666666500000e+01
cellsize  1.666666700000000e-01
nodata_value       -9999
[rows 0 to 21 of 360, columns 150 to 199 of 360]
0.0000000e+00 0.0000000e+00 0.0000000e+00 0.0000000e+00 0.0000000e+00 0.0000000e+00 0.0000000e+00 0.0000000e+00 0.0000000e+00 0.0000000e+00 0.0000000e+00 0.0000000e+00 0.0000000e+00 0.0000000e+00 0.0000000e+00 0.0000000e+00 0.0000000e+00 0.0000000e+00 0.0000000e+00 0.0000000e+00 -2.2737368e-13 2.5750032e+02 1.2449987e+02 0.0000000e+00 0.0000000e+00 0.0000000e+00 0.0000000e+00 0.0000000e+00 0.0000000e+00 0.0000000e+00 0.0000000e+00 0.0000000e+00 0.0000000e+00 0.0000000e+00 0.0000000e+00 0.0000000e+00 0.0000000e+00 0.0000000e+00 0.0000000e+00 0.0000000e+00 0.0000000e+00 0.0000000e+00 0.0000000e+00 0.0000000e+00 0.0000000e+00 0.0000000e+00 0.0000000e+00 0.0000000e+00 0.0000000e+00 0.0000000e+00
0.0000000e+00 0.0000000e+00 0.0000000e+00 0.0000000e+00 0.0000000e+00 0.0000000e+00 0.0000000e+00 0.0000000e+00 0.0000000e+00 0.0000000e+00 0.0000000e+00 0.0000000e+00 0.0000000e+00 0.0000000e+00 0.0000000e+00 0.0000000e+00 0.0000000e+00 0.0000000e+00 0.0000000e+00 0.0000000e+00 0.0000000e+00 5.1749478e+01 2.3400016e+02 0.0000000e+00 1.1368684e-13 -1.4210855e-14 0.0000000e+00 0.0000000e+00 0.0000000e+00 0.0000000e+00 0.0000000e+00 0.0000000e+00 0.0000000e+00 0.0000000e+00 0.0000000e+00 0.0000000e+00 0.0000000e+00 0.0000000e+00 0.0000000e+00 0.0000000e+00 0.0000000e+00 0.0000000e+00 0.0000000e+00 0.0000000e+00 0.0000000e+00 0.0000000e+00 0.0000000e+00 0.0000000e+00 0.0000000e+00 0.0000000e+00
0.0000000e+00 0.0000000e+00 0.0000000e+00 0.0000000e+00 0.0000000e+00 0.0000000e+00 -4.5474735e-13 0.0000000e+00 0.0000000e+00 0.0000000e+00 0.0000000e+00 0.0000000e+00 0.0000000e+00 -4.5474735e-13 0.0000000e+00 0.0000000e+00 0.0000000e+00 0.0000000e+00 0.0000000e+00 0.0000000e+00 -3.9790393e-13 1.0350069e+02 7.5250300e+01 1.0774977e+02 1.1368684e-13 1.1368684e-13 8.5265128e-14 7.1054274e-14 0.0000000e+00 0.0000000e+00 1.1368684e-13 0.0000000e+00 1.1368684e-13 0.0000000e+00 0.0000000e+00 0.0000000e+00 0.0000000e+00 -2.2737368e-13 0.0000000e+00 0.0000000e+00 0.0000000e+00 0.0000000e+00 0.0000000e+00 0.0000000e+00 0.0000000e+00 0.0000000e+00 0.0000000e+00 0.0000000e+00 0.0000000e+00 0.0000000e+00
0.0000000e+00 0.0000000e+00 0.0000000e+00 0.0000000e+00 0.0000000e+00 0.0000000e+00 0.0000000e+00 0.0000000e+00 0.0000000e+00 0.0000000e+00 0.0000000e+00 0.0000000e+00 0.0000000e+00 -4.5474735e-13 -4.5474735e-13 -4.5474735e-13 0.0000000e+00 0.0000000e+00 0.0000000e+00 0.0000000e+00 0.0000000e+00 2.2737368e-13 -9.9475983e-14 1.2450024e+02 2.3092639e-13 1.1368684e-13 7.1942452e-14 2.4874879e+02 5.6843419e-14 5.6843419e-14 0.0000000e+00 0.0000000e+00 0.0000000e+00 0.0000000e+00 0.0000000e+00 1.1368684e-13 0.0000000e+00 0.0000000e+00 0.0000000e+00 0.0000000e+00 0.0000000e+00 -4.5474735e-13 0.0000000e+00 0.0000000e+00 0.0000000e+00 0.0000000e+00 0.0000000e+00 9.0949470e-13 2.7284841e-12 1.0913936e-11
0.0000000e+00 0.0000000e+00 0.0000000e+00 0.0000000e+00 0.0000000e+00 0.0000000e+00 0.0000000e+00 0.0000000e+00 -4.5474735e-13 0.0000000e+00 0.0000000e+00 0.0000000e+00 0.0000000e+00 -4.5474735e-13 0.0000000e+00 -4.5474735e-13 0.0000000e+00 0.0000000e+00 0.0000000e+00 0.0000000e+00 0.0000000e+00 4.8316906e-13 3.0674797e+02 4.0999788e+02 1.3824956e+02 1.4210855e-13 7.6383344e-14 1.9200192e+02 8.8251591e+01 5.6843419e-14 5.6843419e-14 5.6843419e-14 2.2737368e-13 9.9475983e-14 5.6843419e-14 0.0000000e+00 0.0000000e+00 -2.2737368e-13 -4.5474735e-13 -9.0949470e-13 -9.0949470e-13 -9.0949470e-13 -4.5474735e-13 -2.2737368e-13 0.0000000e+00 6.8212103e-13 7.9580786e-12 2.7739588e-11 8.5947249e-11 2.4829205e-10
0.0000000e+00 0.0000000e+00 0.0000000e+00 0.0000000e+00 0.0000000e+00 0.0000000e+00 0.0000000e+00 0.0000000e+00 0.0000000e+00 0.0000000e+00 0.0000000e+00 0.0000000e+00 0.0000000e+00 -4.5474735e-13 0.0000000e+00 -4.5474735e-13 0.0000000e+00 0.0000000e+00 0.0000000e+00 0.0000000e+00 0.0000000e+00 5.6843419e-13 3.4850216e+02 3.7300288e+02 1.8501466e+01 8.5265128e-14 8.5265128e-14 5.6843419e-14 2.8421709e-14 8.5265128e-14 1.1368684e-13 5.6843419e-14 4.2632564e-13 1.4210855e-13 5.6843419e-14 0.0000000e+00 -2.2737368e-13 -1.1368684e-12 -1.8189894e-12 -2.5011104e-12 -2.0463631e-12 -1.3642421e-12 -2.2737368e-13 3.6379788e-12 1.1823431e-11 6.3209882e-11 2.4942892e-10 6.4142114e-10 1.1614247e-09 1.6520971e-09
0.0000000e+00 0.0000000e+00 0.0000000e+00 0.0000000e+00 0.0000000e+00 0.0000000e+00 0.0000000e+00 0.0000000e+00 0.0000000e+00 0.0000000e+00 0.0000000e+00 -4.5474735e-13 -4.5474735e-13 -4.5474735e-13 -4.5474735e-13 -4.5474735e-13 0.0000000e+00 0.0000000e+00 0.0000000e+00 0.0000000e+00 0.0000000e+00 0.0000000e+00 0.0000000e+00 -1.1368684e-13 -1.1368684e-13 0.0000000e+00 5.6843419e-14 0.0000000e+00 -5.6843419e-14 -2.8421709e-14 8.5265128e-14 -5.6843419e-14 2.2737368e-13 -1.7053026e-13 -9.0949470e-13 -3.1832315e-12 -4.3200998e-12 -4.6611603e-12 -3.6379788e-12 -3.4106051e-12 -2.2737368e-12 9.7770680e-12 6.7302608e-11 2.1782398e-10 6.3687366e-10 1.6148078e-09 2.6889211e-09 3.3714969e-09 3.7700829e-09 3.8508006e-09
0.0000000e+00 0.0000000e+00 0.0000000e+00 0.0000000e+00 0.0000000e+00 0.0000000e+00 0.0000000e+00 0.0000000e+00 0.0000000e+00 0.0000000e+00 0.0000000e+00 0.0000000e+00 0.0000000e+00 0.0000000e+00 0.0000000e+00 -4.5474735e-13 0.0000000e+00 0.0000000e+00 0.0000000e+00 0.0000000e+00 0.0000000e+00 0.0000000e+00 0.0000000e+00 0.0000000e+00 0.0000000e+00 2.2737368e-13 3.4106051e-13 1.7053026e-13 -5.6843419e-14 0.0000000e+00 5.6843419e-14 -5.6843419e-13 -2.6147973e-12 -7.7307050e-12 -1.0459189e-11 -9.7770680e-12 -8.4128260e-12 -6.1390892e-12 4.7748472e-12 5.3773874e-11 2.1884716e-10 8.5947249e-10 2.3383109e-09 4.1954991e-09 5.8955720e-09 6.8841928e-09 7.0263013e-09 6.6218035e-09 5.8755631e-09 4.8682978e-09
0.0000000e+00 0.0000000e+00 0.0000000e+00 0.0000000e+00 0.0000000e+00 0.0000000e+00 0.0000000e+00 0.0000000e+00 0.0000000e+00 0.0000000e+00 0.0000000e+00 0.0000000e+00 0.0000000e+00 0.0000000e+00 0.0000000e+00 0.0000000e+00 0.0000000e+00 0.0000000e+00 0.0000000e+00 0.0000000e+00 0.0000000e+00 0.0000000e+00 0.0000000e+00 0.0000000e+00 0.0000000e+00 0.0000000e+00 -4.5474735e-13 -6.8212103e-13 -1.0231815e-12 -2.0463631e-12 -9.4928509e-12 -2.1941560e-11 -2.6602720e-11 -2.3646862e-11 -1.8644641e-11 -5.2295945e-12 4.6384230e-11 2.4783731e-10 9.0290087e-10 2.8082923e-09 5.7605121e-09 8.9171408e-09 1.1140401e-08 1.2048531e-08 1.1734755e-08 1.0442818e-08 8.9057721e-09 7.4765012e-09 6.0413186e-09 4.3319233e-09
0.0000000e+00 0.0000000e+00 0.0000000e+00 0.0000000e+00 0.0000000e+00 0.0000000e+00 0.0000000e+00 0.0000000e+00 0.0000000e+00 0.0000000e+00 0.0000000e+00 0.0000000e+00 0.0000000e+00 0.0000000e+00 0.0000000e+00 0.0000000e+00 0.0000000e+00 0.0000000e+00 0.0000000e+00 0.0000000e+00 0.0000000e+00 0.0000000e+00 0.0000000e+00 0.0000000e+00 -9.0949470e-13 -4.0927262e-12 -9.5496944e-12 -1.8189894e-11 -2.7284841e-11 -4.2177817e-11 -5.1386451e-11 -4.6611603e-11 -3.6834535e-11 3.4106051e-12 1.9826984e-10 8.3400664e-10 2.7698661e-09 6.4499091e-09 1.1300017e-08 1.5584646e-08 1.8212631e-08 1.8651917e-08 1.7320872e-08 1.4908892e-08 1.2594683e-08 1.0476469e-08 8.2773113e-09 5.2955329e-09 -7.1895556e-10 -1.5128535e-08
0.0000000e+00 0.0000000e+00 0.0000000e+00 0.0000000e+00 0.0000000e+00 0.0000000e+00 0.0000000e+00 0.0000000e+00 0.0000000e+00 0.0000000e+00 0.0000000e+00 0.0000000e+00 0.0000000e+00 0.0000000e+00 0.0000000e+00 0.0000000e+00 0.0000000e+00 0.0000000e+00 0.0000000e+00 0.0000000e+00 -4.5474735e-13 -9.0949470e-13 -1.3642421e-12 -5.4569682e-12 -1.5916157e-11 -3.2741809e-11 -5.0931703e-11 -6.7302608e-11 -7.6852302e-11 -7.5715434e-11 -6.4119376e-11 5.4569682e-12 3.7562131e-10 1.7680577e-09 5.4660632e-09 1.1243174e-08 1.7555976e-08 2.3175289e-08 2.6512225e-08 2.6806447e-08 2.4739165e-08 2.1251253e-08 1.7659659e-08 1.3855697e-08 8.9621608e-09 1.1737029e-09 -1.4785201e-08 -5.1501047e-08 -1.3935687e-07 -3.4045206e-07
0.0000000e+00 0.0000000e+00 0.0000000e+00 0.0000000e+00 0.0000000e+00 0.0000000e+00 0.0000000e+00 0.0000000e+00 0.0000000e+00 0.0000000e+00 0.0000000e+00 0.0000000e+00 0.0000000e+00 0.0000000e+00 0.0000000e+00 0.0000000e+00 0.0000000e+00 0.0000000e+00 0.0000000e+00 0.0000000e+00 -1.8189894e-12 -6.3664629e-12 -1.9554136e-11 -4.1382009e-11 -6.5028871e-11 -8.5037755e-11 -9.5951691e-11 -9.8225428e-11 -9.3677954e-11 -4.0472514e-11 3.5288394e-10 2.1250344e-09 7.1045179e-09 1.4934358e-08 2.3668690e-08 3.0998308e-08 3.5602170e-08 3.6415258e-08 3.3594915e-08 2.9203875e-08 2.4575456e-08 1.8386800e-08 6.9176167e-09 -1.6978447e-08 -6.6089797e-08 -1.7215507e-07 -4.1414205e-07 -9.8154896e-07 -2.2224813e-06 -4.8009279e-06
0.0000000e+00 0.0000000e+00 0.0000000e+00 0.0000000e+00 0.0000000e+00 0.0000000e+00 0.0000000e+00 0.0000000e+00 0.0000000e+00 0.0000000e+00 0.0000000e+00 0.0000000e+00 0.0000000e+00 0.0000000e+00 0.0000000e+00 0.0000000e+00 0.0000000e+00 0.0000000e+00 -1.3642421e-12 -7.2759576e-12 -2.5011104e-11 -5.3660187e-11 -8.4583007e-11 -1.1004886e-10 -1.2005330e-10 -1.1959855e-10 -1.1868906e-10 -9.3223207e-11 2.3419489e-10 1.8853825e-09 7.4874151e-09 1.7503226e-08 2.9146577e-08 3.9531187e-08 4.6281912e-08 4.8192760e-08 4.5179149e-08 3.9097813e-08 3.2643584e-08 2.2671429e-08 -1.3869794e-10 -5.5731107e-08 -1.9477966e-07 -5.1353300e-07 -1.2158107e-06 -2.7273945e-06 -6.1834485e-06 -1.3573861e-05 -2.6248774e-05 -4.5547391e-05
0.0000000e+00 0.0000000e+00 0.0000000e+00 0.0000000e+00 0.0000000e+00 0.0000000e+00 0.0000000e+00 0.0000000e+00 0.0000000e+00 0.0000000e+00 0.0000000e+00 0.0000000e+00 0.0000000e+00 0.0000000e+00 0.0000000e+00 0.0000000e+00 -1.3642421e-12 -7.2759576e-12 -3.0468073e-11 -6.8212103e-11 -1.0959411e-10 -1.4279067e-10 -1.5234036e-10 -1.4597390e-10 -1.3960744e-10 -1.2232704e-10 1.0004442e-10 1.5670594e-09 7.3127921e-09 1.9176241e-08 3.4382992e-08 4.8883976e-08 5.9603735e-08 6.3645530e-08 6.0853381e-08 5.3932126e-08 4.5026809e-08 2.5590452e-08 -2.2899258e-08 -1.4841589e-07 -4.7584899e-07 -1.2716987e-06 -3.1228760e-06 -7.5447124e-06 -1.5863308e-05 -2.9145937e-05 -4.8236710e-05 -7.3224399e-05 -1.0454451e-04 -1.4304730e-04
0.0000000e+00 0.0000000e+00 0.0000000e+00 0.0000000e+00 0.0000000e+00 0.0000000e+00 0.0000000e+00 0.0000000e+00 0.0000000e+00 0.0000000e+00 0.0000000e+00 0.0000000e+00 0.0000000e+00 0.0000000e+00 -4.5474735e-13 -5.9117156e-12 -2.8649083e-11 -7.5033313e-11 -1.3369572e-10 -1.8508217e-10 -2.0236257e-10 -1.9008439e-10 -1.6871127e-10 -1.1323209e-10 1.4551915e-10 1.4324542e-09 6.8707777e-09 2.0416792e-08 3.9635324e-08 5.9525519e-08 7.6139713e-08 8.4179646e-08 8.3077794e-08 7.3603132e-08 6.4356300e-08 4.3447017e-08 -5.1389179e-08 -3.4907498e-07 -1.1119760e-06 -2.9424391e-06 -7.5810299e-06 -1.6568566e-05 -3.0985917e-05 -5.0734286e-05 -7.5017840e-05 -1.0451303e-04 -1.3980556e-04 -1.8142518e-04 -2.3053608e-04 -2.8757960e-04
0.0000000e+00 0.0000000e+00 0.0000000e+00 0.0000000e+00 0.0000000e+00 0.0000000e+00 0.0000000e+00 0.0000000e+00 0.0000000e+00 0.0000000e+00 0.0000000e+00 0.0000000e+00 0.0000000e+00 -2.7284841e-12 -1.9099389e-11 -6.9121597e-11 -1.4324542e-10 -2.1964297e-10 -2.6557245e-10 -2.6375346e-10 -2.3464963e-10 -1.2050805e-10 3.8744474e-10 2.2268978e-09 8.5656211e-09 2.3345365e-08 4.6250079e-08 7.1842805e-08 9.4534244e-08 1.0912572e-07 1.1289285e-07 1.0370741e-07 9.0535650e-08 6.5364929e-08 -4.4310127e-08 -5.3341728e-07 -2.1377200e-06 -6.5113741e-06 -1.5356299e-05 -2.9701300e-05 -4.9393138e-05 -7.3844446e-05 -1.0354635e-04 -1.3768051e-04 -1.7670576e-04 -2.2173220e-04 -2.7319726e-04 -3.3263596e-04 -4.0089428e-04 -4.7804939e-04
0.0000000e+00 0.0000000e+00 0.0000000e+00 0.0000000e+00 0.0000000e+00 0.0000000e+00 0.0000000e+00 0.0000000e+00 0.0000000e+00 4.5474735e-13 4.5474735e-13 -4.5474735e-13 -8.6401997e-12 -4.9112714e-11 -1.3187673e-10 -2.3419489e-10 -3.2423486e-10 -3.5743142e-10 -3.4242476e-10 -2.2919266e-10 5.0522431e-10 3.4829100e-09 1.2895271e-08 3.1266609e-08 5.7632860e-08 8.7978151e-08 1.1639077e-07 1.3764020e-07 1.4556326e-07 1.4155466e-07 1.2826058e-07 1.0194935e-07 -3.9495262e-08 -6.9725866e-07 -3.0134875e-06 -1.0037532e-05 -2.3438105e-05 -4.3252862e-05 -6.8055015e-05 -9.7544995e-05 -1.3133485e-04 -1.6972548e-04 -2.1376136e-04 -2.6226288e-04 -3.1710926e-04 -3.7913580e-04 -4.4833203e-04 -5.2663288e-04 -6.1450611e-04 -7.1193844e-04
0.0000000e+00 0.0000000e+00 0.0000000e+00 0.0000000e+00 0.0000000e+00 0.0000000e+00 0.0000000e+00 0.0000000e+00 0.0000000e+00 4.5474735e-13 -2.2737368e-12 -2.4556357e-11 -9.8225428e-11 -2.1782398e-10 -3.4651748e-10 -4.3519321e-10 -4.5474735e-10 -4.2246029e-10 1.9554136e-10 3.6588972e-09 1.5947990e-08 3.9892257e-08 7.1808699e-08 1.0686517e-07 1.3970612e-07 1.6612921e-07 1.7622278e-07 1.7361936e-07 1.6496097e-07 1.5074284e-07 1.1035354e-08 -7.9664323e-07 -3.9302163e-06 -1.2769002e-05 -2.8962445e-05 -5.1950425e-05 -8.1275859e-05 -1.1600616e-04 -1.5526377e-04 -1.9859953e-04 -2.4659989e-04 -3.0007490e-04 -3.5944095e-04 -4.2401580e-04 -4.9596277e-04 -5.7627151e-04 -6.6433529e-04 -7.6079715e-04 -8.6625938e-04 -9.7937231e-04
0.0000000e+00 0.0000000e+00 4.5474735e-13 0.0000000e+00 0.0000000e+00 0.0000000e+00 0.0000000e+00 4.5474735e-13 0.0000000e+00 -8.1854523e-12 -5.5933924e-11 -1.7143975e-10 -3.3014658e-10 -4.8430593e-10 -5.5888449e-10 -5.7025318e-10 -3.3378456e-10 2.2123459e-09 1.4066700e-08 4.1353815e-08 8.0201971e-08 1.2291684e-07 1.6187369e-07 1.9208619e-07 2.0330253e-07 1.9956315e-07 1.9222125e-07 1.7515231e-07 6.0686489e-08 -7.0649094e-07 -4.1875805e-06 -1.4080545e-05 -3.1855840e-05 -5.7044987e-05 -8.8791137e-05 -1.2648375e-04 -1.6997670e-04 -2.1841951e-04 -2.7175808e-04 -3.2909625e-04 -3.9232950e-04 -4.6246875e-04 -5.3822059e-04 -6.2042745e-04 -7.0954029e-04 -8.0698610e-04 -9.1224114e-04 -1.0244417e-03 -1.1421813e-03 -1.2612580e-03
0.0000000e+00 0.0000000e+00 0.0000000e+00 0.0000000e+00 0.0000000e+00 0.0000000e+00 4.5474735e-13 -2.2737368e-12 -2.5465852e-11 -1.1141310e-10 -2.7011993e-10 -4.6793502e-10 -6.3437255e-10 -6.9485395e-10 -6.6438588e-10 5.6570570e-10 8.5210559e-09 3.4307050e-08 7.7751338e-08 1.2948885e-07 1.7865341e-07 2.1659980e-07 2.3070334e-07 2.2636414e-07 2.1748883e-07 1.8740138e-07 2.2871063e-08 -7.8099674e-07 -4.0272007e-06 -1.3772862e-05 -3.2078879e-05 -5.8070350e-05 -9.0940519e-05 -1.3030617e-04 -1.7602293e-04 -2.2772824e-04 -2.8531152e-04 -3.4764905e-04 -4.1540641e-04 -4.8798143e-04 -5.6722816e-04 -6.5365385e-04 -7.4489367e-04 -8.4361445e-04 -9.4843810e-04 -1.0593992e-03 -1.1767809e-03 -1.2978240e-03 -1.4169466e-03 -1.5307804e-03
0.0000000e+00 0.0000000e+00 0.0000000e+00 0.0000000e+00 0.0000000e+00 -4.5474735e-13 -9.0949470e-12 -6.0481398e-11 -1.9008439e-10 -3.8880899e-10 -6.1527317e-10 -7.8762241e-10 -8.5128704e-10 -5.3387339e-10 3.4597178e-09 2.2539098e-08 6.4340384e-08 1.2233295e-07 1.8423452e-07 2.3698203e-07 2.6402904e-07 2.6287216e-07 2.4939800e-07 2.0663447e-07 -3.9066890e-08 -1.0930094e-06 -4.8664974e-06 -1.4601425e-05 -3.2160166e-05 -5.7517429e-05 -9.0044607e-05 -1.2945711e-04 -1.7600010e-04 -2.2918590e-04 -2.8867429e-04 -3.5452169e-04 -4.2672749e-04 -5.0320023e-04 -5.8496149e-04 -6.7277411e-04 -7.6682725e-04 -8.6716915e-04 -9.7198677e-04 -1.0828420e-03 -1.1977274e-03 -1.3152698e-03 -1.4365288e-03 -1.5550824e-03 -1.6645523e-03 -1.7632109e-03
0.0000000e+00 0.0000000e+00 0.0000000e+00 0.0000000e+00 -2.2737368e-12 -2.5920599e-11 -1.1414159e-10 -2.8694558e-10 -5.2523319e-10 -7.6624929e-10 -9.2495611e-10 -9.7224984e-10 4.0154191e-10 1.0863914e-08 4.5552042e-08 1.0439362e-07 1.7550792e-07 2.4496694e-07 2.9611965e-07 3.0821775e-07 2.9834428e-07 2.5429745e-07 -3.6643087e-08 -1.3324384e-06 -5.9260633e-06 -1.6444827e-05 -3.4064546e-05 -5.8726523e-05 -9.0135103e-05 -1.2856419e-04 -1.7394928e-04 -2.2715188e-04 -2.8782181e-04 -3.5493366e-04 -4.2863170e-04 -5.0882554e-04 -5.9513083e-04 -6.8292278e-04 -7.7631640e-04 -8.7731034e-04 -9.8250285e-04 -1.0917926e-03 -1.2049706e-03 -1.3217078e-03 -1.4402306e-03 -1.5563711e-03 -1.6704136e-03 -1.7754748e-03 -1.8653046e-03 -1.9379885e-03
