visualization/geoclaw_output/chile2010/eta_0010.asc
ncols     360
nrows     360
xllcorner -1.199166666650000e+02
yllcorner -5.991666666500000e+01
cellsize  1.666666700000000e-01
nodata_value       -9999
[rows 66 to 87 of 360, columns 100 to 149 of 360]
-1.0071798e-04 -1.1018714e-04 -1.2085832e-04 -1.3350572e-04 -1.4907822e-04 -1.6870249e-04 -1.9331985e-04 -2.2385379e-04 -2.6075656e-04 -3.0475367e-04 -3.5668762e-04 -4.1788870e-04 -4.8757728e-04 -5.6380171e-04 -6.4112331e-04 -7.1096846e-04 -7.7157528e-04 -8.1162968e-04 -8.1608267e-04 -7.9925704e-04 -7.6204364e-04 -7.1259917e-04 -6.6249275e-04 -6.2580498e-04 -6.0864045e-04 -6.1434022e-04 -6.4742099e-04 -6.8589536e-04 -6.7679585e-04 -3.4719815e-04 9.1875774e-04 3.3405784e-03 7.0466926e-03 1.2283205e-02 1.9230258e-02 2.8038816e-02 3.8779832e-02 5.1305534e-02 6.5246900e-02 8.0240667e-02 9.5961514e-02 1.1167367e-01 1.2668623e-01 1.4031453e-01 1.5217187e-01 1.6150210e-01 1.6738695e-01 1.7011672e-01 1.7150195e-01 1.7053062e-01
-1.0264873e-04 -1.1218231e-04 -1.2325351e-04 -1.3690457e-04 -1.5436523e-04 -1.7674885e-04 -2.0473173e-04 -2.3894009e-04 -2.7976108e-04 -3.2792776e-04 -3.8398312e-04 -4.4889740e-04 -5.2064189e-04 -5.9530095e-04 -6.6493287e-04 -7.2548482e-04 -7.6232687e-04 -7.6341271e-04 -7.4412787e-04 -7.0537023e-04 -6.5441841e-04 -6.0240308e-04 -5.6405034e-04 -5.4676673e-04 -5.5205787e-04 -5.8481782e-04 -6.2473488e-04 -6.2044638e-04 -3.0554715e-04 1.0120242e-03 3.5921033e-03 7.5389960e-03 1.3028202e-02 2.0294031e-02 2.9468063e-02 4.0551320e-02 5.3332884e-02 6.7473819e-02 8.2597373e-02 9.8171621e-02 1.1356653e-01 1.2803528e-01 1.4109588e-01 1.5214768e-01 1.6075631e-01 1.6602929e-01 1.6881032e-01 1.7000780e-01 1.6979725e-01 1.6686941e-01
-1.0353047e-04 -1.1289836e-04 -1.2449735e-04 -1.4003583e-04 -1.6015415e-04 -1.8607596e-04 -2.1792166e-04 -2.5599078e-04 -3.0064934e-04 -3.5237574e-04 -4.1131840e-04 -4.7757292e-04 -5.4790928e-04 -6.1658563e-04 -6.7760878e-04 -7.1207301e-04 -7.1183824e-04 -6.9091323e-04 -6.5001445e-04 -5.9685820e-04 -5.4330397e-04 -5.0285364e-04 -4.8349127e-04 -4.8760368e-04 -5.2032232e-04 -5.5954649e-04 -5.6267014e-04 -2.8680985e-04 1.0091499e-03 3.6711761e-03 7.8231491e-03 1.3582486e-02 2.1155360e-02 3.0658621e-02 4.2053057e-02 5.5114836e-02 6.9448328e-02 8.4598702e-02 9.9916674e-02 1.1493473e-01 1.2898076e-01 1.4150421e-01 1.5198381e-01 1.5995723e-01 1.6492826e-01 1.6748234e-01 1.6853853e-01 1.6794264e-01 1.6496240e-01 1.5907040e-01
-1.0283557e-04 -1.1261888e-04 -1.2605461e-04 -1.4412930e-04 -1.6766390e-04 -1.9740617e-04 -2.3291270e-04 -2.7444538e-04 -3.2207533e-04 -3.7583044e-04 -4.3565369e-04 -4.9981472e-04 -5.6554824e-04 -6.2622425e-04 -6.6089984e-04 -6.5958891e-04 -6.3756562e-04 -5.9408270e-04 -5.3923555e-04 -4.8398786e-04 -4.4178301e-04 -4.2043738e-04 -4.2257783e-04 -4.5497941e-04 -4.9612720e-04 -5.0751356e-04 -2.7718843e-04 9.7110150e-04 3.6402404e-03 7.9201755e-03 1.3954743e-02 2.1804919e-02 3.1619939e-02 4.3381322e-02 5.6681155e-02 7.1186422e-02 8.6375082e-02 1.0163253e-01 1.1627256e-01 1.2978537e-01 1.4168762e-01 1.5160984e-01 1.5896644e-01 1.6362338e-01 1.6612586e-01 1.6688533e-01 1.6615500e-01 1.6292825e-01 1.5696506e-01 1.4853578e-01
-1.0135470e-04 -1.1281425e-04 -1.2902952e-04 -1.5065460e-04 -1.7790940e-04 -2.1096655e-04 -2.4882725e-04 -2.9200889e-04 -3.4055519e-04 -3.9463095e-04 -4.5344789e-04 -5.1559111e-04 -5.7374856e-04 -6.0666677e-04 -6.0547608e-04 -5.8361236e-04 -5.3944218e-04 -4.8145241e-04 -4.2323297e-04 -3.7850872e-04 -3.5568695e-04 -3.5559945e-04 -3.8830138e-04 -4.3150169e-04 -4.5132350e-04 -2.9431851e-04 8.5582365e-04 3.5252259e-03 7.8464704e-03 1.4027786e-02 2.2159315e-02 3.2196314e-02 4.4205638e-02 5.7910816e-02 7.2554910e-02 8.7778760e-02 1.0295528e-01 1.1743341e-01 1.3062671e-01 1.4193399e-01 1.5119751e-01 1.5807385e-01 1.6234807e-01 1.6462550e-01 1.6541115e-01 1.6445986e-01 1.6110708e-01 1.5516529e-01 1.4662382e-01 1.3637954e-01
-1.0060700e-04 -1.1478304e-04 -1.3427657e-04 -1.5905863e-04 -1.8910682e-04 -2.2402260e-04 -2.6318210e-04 -3.0682667e-04 -3.5458814e-04 -4.0740597e-04 -4.6518035e-04 -5.1892305e-04 -5.4821851e-04 -5.4724060e-04 -5.2608048e-04 -4.8314846e-04 -4.2473184e-04 -3.6370709e-04 -3.1595563e-04 -2.9065169e-04 -2.8813292e-04 -3.2029548e-04 -3.6709645e-04 -3.9366007e-04 -2.8708219e-04 6.7633016e-04 3.2710663e-03 7.6015726e-03 1.3821404e-02 2.2094589e-02 3.2427884e-02 4.4629701e-02 5.8549302e-02 7.3623153e-02 8.8982112e-02 1.0417696e-01 1.1849266e-01 1.3133488e-01 1.4226616e-01 1.5085452e-01 1.5722200e-01 1.6129577e-01 1.6332558e-01 1.6382458e-01 1.6283103e-01 1.5934528e-01 1.5330777e-01 1.4495539e-01 1.3461389e-01 1.2292895e-01
-1.0147452e-04 -1.1876169e-04 -1.4110939e-04 -1.6809505e-04 -1.9930548e-04 -2.3455588e-04 -2.7365737e-04 -3.1710909e-04 -3.6531745e-04 -4.1547368e-04 -4.5913572e-04 -4.8383872e-04 -4.8276674e-04 -4.6536846e-04 -4.2519284e-04 -3.6673410e-04 -3.0413370e-04 -2.5349018e-04 -2.2607918e-04 -2.2000410e-04 -2.4972997e-04 -3.0262112e-04 -3.3407457e-04 -2.7678857e-04 5.0229006e-04 2.9466213e-03 7.2193489e-03 1.3448329e-02 2.1774855e-02 3.2261712e-02 4.4764198e-02 5.8928814e-02 7.4324873e-02 9.0072937e-02 1.0533586e-01 1.1954572e-01 1.3216173e-01 1.4271853e-01 1.5092275e-01 1.5657561e-01 1.6000085e-01 1.6184323e-01 1.6248184e-01 1.6131249e-01 1.5784985e-01 1.5193199e-01 1.4352649e-01 1.3335552e-01 1.2149120e-01 1.0831193e-01
-1.0390406e-04 -1.2380961e-04 -1.4801632e-04 -1.7606127e-04 -2.0770955e-04 -2.4312417e-04 -2.8187668e-04 -3.2339580e-04 -3.6382814e-04 -3.9749943e-04 -4.1703567e-04 -4.1564075e-04 -4.0005958e-04 -3.6418572e-04 -3.0866523e-04 -2.4614643e-04 -1.9145907e-04 -1.6134784e-04 -1.5274686e-04 -1.7986756e-04 -2.3397711e-04 -2.7677800e-04 -2.5110368e-04 3.3462708e-04 2.6044783e-03 6.7567234e-03 1.2944501e-02 2.1330228e-02 3.1951749e-02 4.4660902e-02 5.9123658e-02 7.4896605e-02 9.1094678e-02 1.0668206e-01 1.2093953e-01 1.3332650e-01 1.4360677e-01 1.5148403e-01 1.5675255e-01 1.5969964e-01 1.6062177e-01 1.6120286e-01 1.6013858e-01 1.5635843e-01 1.5032398e-01 1.4223117e-01 1.3211444e-01 1.2059283e-01 1.0736382e-01 9.3208889e-02
-1.0727187e-04 -1.2896460e-04 -1.5410348e-04 -1.8266288e-04 -2.1441158e-04 -2.4749234e-04 -2.7954902e-04 -3.0922293e-04 -3.3432490e-04 -3.4963746e-04 -3.4805681e-04 -3.3352823e-04 -3.0166726e-04 -2.4979580e-04 -1.8935321e-04 -1.3384642e-04 -9.9794066e-05 -8.7025572e-05 -1.1031867e-04 -1.6563901e-04 -2.1635047e-04 -2.1657535e-04 2.1292667e-04 2.2574104e-03 6.3038289e-03 1.2387788e-02 2.0736724e-02 3.1437617e-02 4.4384218e-02 5.9182173e-02 7.5254768e-02 9.1837648e-02 1.0791661e-01 1.2252708e-01 1.3505208e-01 1.4505617e-01 1.5249361e-01 1.5741363e-01 1.5999357e-01 1.6101885e-01 1.6092403e-01 1.5987128e-01 1.5592197e-01 1.4910505e-01 1.4072614e-01 1.3085546e-01 1.1928727e-01 1.0632045e-01 9.1871017e-02 7.7236055e-02
-1.1093187e-04 -1.3343178e-04 -1.5885144e-04 -1.8495593e-04 -2.1022583e-04 -2.3420451e-04 -2.5621377e-04 -2.7409435e-04 -2.8450029e-04 -2.8180652e-04 -2.6667017e-04 -2.3685993e-04 -1.8964233e-04 -1.3124577e-04 -7.6644303e-05 -3.9817314e-05 -2.5154042e-05 -4.2867403e-05 -9.7326026e-05 -1.5501121e-04 -1.6858643e-04 1.1116506e-04 1.9202876e-03 5.8276248e-03 1.1836487e-02 2.0088928e-02 3.0775167e-02 4.3830279e-02 5.8996976e-02 7.5522099e-02 9.2423461e-02 1.0883393e-01 1.2390500e-01 1.3677480e-01 1.4689424e-01 1.5403152e-01 1.5851947e-01 1.6092611e-01 1.6152790e-01 1.6106062e-01 1.5914483e-01 1.5513434e-01 1.4882291e-01 1.4020764e-01 1.3009156e-01 1.1867592e-01 1.0567908e-01 9.1088926e-02 7.5679921e-02 6.0536255e-02
-1.1372830e-04 -1.3454776e-04 -1.5460555e-04 -1.7327314e-04 -1.9029614e-04 -2.0548951e-04 -2.1695221e-04 -2.2210709e-04 -2.1652810e-04 -2.0015473e-04 -1.7117779e-04 -1.2624237e-04 -7.1165370e-05 -1.6730527e-05 2.1636249e-05 3.7523880e-05 2.4127185e-05 -2.8706435e-05 -9.0372288e-05 -1.1560953e-04 8.2032987e-05 1.5932556e-03 5.3161504e-03 1.1227852e-02 1.9392485e-02 2.9988233e-02 4.3127358e-02 5.8416206e-02 7.5286355e-02 9.2699597e-02 1.0956458e-01 1.2509715e-01 1.3844170e-01 1.4890909e-01 1.5617679e-01 1.6043433e-01 1.6223988e-01 1.6263701e-01 1.6164994e-01 1.5935791e-01 1.5486676e-01 1.4825588e-01 1.3998430e-01 1.2980515e-01 1.1791893e-01 1.0472136e-01 9.0428901e-02 7.5070136e-02 5.9370975e-02 4.3739685e-02
-1.1079132e-04 -1.2596373e-04 -1.3863940e-04 -1.4872919e-04 -1.5637017e-04 -1.6141101e-04 -1.6101789e-04 -1.5131659e-04 -1.3326522e-04 -1.0357401e-04 -6.1189246e-05 -8.0076998e-06 4.4348922e-05 8.3770894e-05 1.0236432e-04 9.2439650e-05 4.1723777e-05 -2.3677563e-05 -5.6545636e-05 1.0346296e-04 1.4040675e-03 4.8237364e-03 1.0554134e-02 1.8640549e-02 2.9141221e-02 4.2161388e-02 5.7581753e-02 7.4680782e-02 9.2556402e-02 1.0999369e-01 1.2602599e-01 1.3993335e-01 1.5082503e-01 1.5839317e-01 1.6273662e-01 1.6425832e-01 1.6423087e-01 1.6301939e-01 1.6037444e-01 1.5551889e-01 1.4845471e-01 1.3962511e-01 1.2937008e-01 1.1742799e-01 1.0394487e-01 8.9539150e-02 7.4491692e-02 5.8733679e-02 4.2632195e-02 2.6718558e-02
-1.0037610e-04 -1.0794832e-04 -1.1151626e-04 -1.1146374e-04 -1.0780561e-04 -9.9071446e-05 -8.3677918e-05 -6.3077687e-05 -3.2938387e-05 7.7264904e-06 5.6321232e-05 1.0729935e-04 1.4666709e-04 1.6597750e-04 1.6024240e-04 1.1258711e-04 4.4292844e-05 6.1536966e-06 1.3043438e-04 1.2887088e-03 4.4721325e-03 9.8915507e-03 1.7847016e-02 2.8329422e-02 4.1292220e-02 5.6614540e-02 7.3852884e-02 9.2030150e-02 1.1010954e-01 1.2680241e-01 1.4122651e-01 1.5269009e-01 1.6057801e-01 1.6503873e-01 1.6658264e-01 1.6633297e-01 1.6472012e-01 1.6176710e-01 1.5654982e-01 1.4926592e-01 1.3995184e-01 1.2932942e-01 1.1715694e-01 1.0344805e-01 8.8863587e-02 7.3576750e-02 5.7937942e-02 4.1911218e-02 2.5684711e-02 9.9963309e-03
-7.9713454e-05 -7.7546927e-05 -7.0745231e-05 -5.9560199e-05 -4.3946217e-05 -2.2455153e-05 5.4082757e-06 3.8210281e-05 7.8436499e-05 1.2460047e-04 1.7172881e-04 2.0960138e-04 2.2913696e-04 2.2512622e-04 1.8103501e-04 1.1193075e-04 7.0980495e-05 1.4315359e-04 1.1154019e-03 4.1337374e-03 9.3947886e-03 1.7044399e-02 2.7448449e-02 4.0383966e-02 5.5676767e-02 7.2939724e-02 9.1331663e-02 1.0987567e-01 1.2731536e-01 1.4236274e-01 1.5437394e-01 1.6277239e-01 1.6741949e-01 1.6900653e-01 1.6890065e-01 1.6686278e-01 1.6355011e-01 1.5799486e-01 1.5036121e-01 1.4093984e-01 1.2966479e-01 1.1715411e-01 1.0319464e-01 8.8206384e-02 7.2693253e-02 5.6704721e-02 4.0569882e-02 2.4376405e-02 8.7367900e-03 -5.9980016e-03
-4.5075559e-05 -3.1286971e-05 -1.2998487e-05 9.6572958e-06 3.6675712e-05 6.7518870e-05 1.0499765e-04 1.4716986e-04 1.9137315e-04 2.3630806e-04 2.7377422e-04 2.9246701e-04 2.8819983e-04 2.4721829e-04 1.7963717e-04 1.3227307e-04 1.7029759e-04 9.0396200e-04 3.7145913e-03 8.8494363e-03 1.6411767e-02 2.6607860e-02 3.9475797e-02 5.4689725e-02 7.1915872e-02 9.0393330e-02 1.0921260e-01 1.2726182e-01 1.4313749e-01 1.5581478e-01 1.6477017e-01 1.6965542e-01 1.7144032e-01 1.7131172e-01 1.6937220e-01 1.6576761e-01 1.5983383e-01 1.5176399e-01 1.4188027e-01 1.3047589e-01 1.1747780e-01 1.0289432e-01 8.7440610e-02 7.1573215e-02 5.5284385e-02 3.8988480e-02 2.2783212e-02 7.0363225e-03 -7.5916050e-03 -2.1076134e-02
5.0524541e-06 3.1690917e-05 6.2285353e-05 9.5780389e-05 1.3275603e-04 1.7243816e-04 2.1553989e-04 2.6022775e-04 3.0224662e-04 3.3676414e-04 3.5648214e-04 3.5171436e-04 3.1067000e-04 2.4574615e-04 1.9135066e-04 2.1576455e-04 8.1028418e-04 3.3169344e-03 8.3383241e-03 1.5775114e-02 2.5818792e-02 3.8509681e-02 5.3663648e-02 7.0886987e-02 8.9498604e-02 1.0854556e-01 1.2702215e-01 1.4347310e-01 1.5676721e-01 1.6630155e-01 1.7150431e-01 1.7328202e-01 1.7328588e-01 1.7140210e-01 1.6797090e-01 1.6181295e-01 1.5334792e-01 1.4306704e-01 1.3109080e-01 1.1770297e-01 1.0308118e-01 8.6774203e-02 7.0108391e-02 5.3446697e-02 3.6564433e-02 2.0641662e-02 4.9038924e-03 -9.6366527e-03 -2.2925863e-02 -3.4918540e-02
7.3672085e-05 1.1225699e-04 1.5368762e-04 1.9485725e-04 2.3954830e-04 2.8663478e-04 3.3149022e-04 3.7260971e-04 4.0536039e-04 4.2220030e-04 4.1731124e-04 3.7750643e-04 3.1139869e-04 2.5448927e-04 2.6525031e-04 8.0742125e-04 3.1472710e-03 7.8277113e-03 1.5134937e-02 2.5056353e-02 3.7630958e-02 5.2591815e-02 6.9773783e-02 8.8514739e-02 1.0775349e-01 1.2653473e-01 1.4361510e-01 1.5763720e-01 1.6764674e-01 1.7340965e-01 1.7534133e-01 1.7518685e-01 1.7366475e-01 1.7014532e-01 1.6379714e-01 1.5474092e-01 1.4378193e-01 1.3140536e-01 1.1765684e-01 1.0261715e-01 8.6698456e-02 6.9282691e-02 5.1548370e-02 3.4456197e-02 1.8049234e-02 2.7086983e-03 -1.1929219e-02 -2.4973027e-02 -3.6778390e-02 -4.7141965e-02
1.5935468e-04 2.0814235e-04 2.5741873e-04 3.0518977e-04 3.5470481e-04 4.0355349e-04 4.4351038e-04 4.7401450e-04 4.9218101e-04 4.8551141e-04 4.4462242e-04 3.7973524e-04 3.2063347e-04 3.2874460e-04 8.0122736e-04 3.0461354e-03 7.6317237e-03 1.4659173e-02 2.4479487e-02 3.6947616e-02 5.1863361e-02 6.8979119e-02 8.7834211e-02 1.0730410e-01 1.2629703e-01 1.4358469e-01 1.5814171e-01 1.6880376e-01 1.7495207e-01 1.7702956e-01 1.7698468e-01 1.7534600e-01 1.7181535e-01 1.6562815e-01 1.5644364e-01 1.4511706e-01 1.3197245e-01 1.1717376e-01 1.0163741e-01 8.5426588e-02 6.8784267e-02 5.0503627e-02 3.2143213e-02 1.5282309e-02 3.3276661e-05 -1.4225379e-02 -2.7273288e-02 -3.8756787e-02 -4.8954917e-02 -5.7594894e-02
2.5954296e-04 3.1502183e-04 3.6977804e-04 4.2249002e-04 4.7217746e-04 5.1494631e-04 5.4328255e-04 5.6062895e-04 5.5567437e-04 5.1671422e-04 4.5125804e-04 3.9123926e-04 4.0724701e-04 8.8967597e-04 3.0134420e-03 7.4790951e-03 1.4411796e-02 2.4027087e-02 3.6553698e-02 5.1244893e-02 6.8423827e-02 8.7344004e-02 1.0704258e-01 1.2633196e-01 1.4399786e-01 1.5869727e-01 1.6971541e-01 1.7621190e-01 1.7861739e-01 1.7865275e-01 1.7694007e-01 1.7324749e-01 1.6711889e-01 1.5818720e-01 1.4642767e-01 1.3305961e-01 1.1788007e-01 1.0100937e-01 8.3934654e-02 6.6662405e-02 4.8949300e-02 2.9390818e-02 1.1654242e-02 -3.4273594e-03 -1.7098657e-02 -2.9848674e-02 -4.1130998e-02 -5.0944471e-02 -5.9358149e-02 -6.6353057e-02
3.6915392e-04 4.2896587e-04 4.8636876e-04 5.3907759e-04 5.8151522e-04 6.1208816e-04 6.2904947e-04 6.2586600e-04 5.8937530e-04 5.2740523e-04 4.6853085e-04 4.8286516e-04 1.0073776e-03 3.0876374e-03 7.3016483e-03 1.4154061e-02 2.3797994e-02 3.6208032e-02 5.0991301e-02 6.7715177e-02 8.6881102e-02 1.0682276e-01 1.2627165e-01 1.4426239e-01 1.5925876e-01 1.7043936e-01 1.7731816e-01 1.7965600e-01 1.8004603e-01 1.7819374e-01 1.7436122e-01 1.6776707e-01 1.5887572e-01 1.4773352e-01 1.3406890e-01 1.1882348e-01 1.0106640e-01 8.2830475e-02 6.5201105e-02 4.6903463e-02 2.7196371e-02 7.8055289e-03 -7.5390998e-03 -2.0904654e-02 -3.2991122e-02 -4.4000904e-02 -5.3360261e-02 -6.1407207e-02 -6.8149191e-02 -7.3685162e-02
4.8262679e-04 5.4408156e-04 5.9968392e-04 6.4649761e-04 6.7755290e-04 6.9670347e-04 6.9803059e-04 6.6322101e-04 6.0377648e-04 5.4739377e-04 5.5730252e-04 1.0540735e-03 3.1752765e-03 7.4270781e-03 1.4214890e-02 2.3388635e-02 3.5591480e-02 5.0473816e-02 6.7196865e-02 8.5959459e-02 1.0639857e-01 1.2630933e-01 1.4432228e-01 1.5976073e-01 1.7102811e-01 1.7786699e-01 1.8021296e-01 1.8082798e-01 1.7941759e-01 1.7536061e-01 1.6823010e-01 1.5870788e-01 1.4728559e-01 1.3421725e-01 1.1882995e-01 1.0142091e-01 8.1603428e-02 6.2789441e-02 4.4857345e-02 2.6628553e-02 7.3653769e-03 -9.6668733e-03 -2.3813829e-02 -3.6402115e-02 -4.7105816e-02 -5.6270659e-02 -6.3826971e-02 -7.0203593e-02 -7.5437313e-02 -7.9682077e-02
5.9838684e-04 6.5771426e-04 7.0617844e-04 7.4183509e-04 7.6326979e-04 7.6942757e-04 7.4187789e-04 6.8177347e-04 6.2610443e-04 6.2324883e-04 1.0335337e-03 3.0626225e-03 7.3670351e-03 1.3926723e-02 2.2846455e-02 3.4500736e-02 4.9734208e-02 6.6783630e-02 8.5153749e-02 1.0542806e-01 1.2589597e-01 1.4447720e-01 1.5996707e-01 1.7173514e-01 1.7873988e-01 1.8073031e-01 1.8092533e-01 1.8041314e-01 1.7633692e-01 1.6890445e-01 1.5869104e-01 1.4670632e-01 1.3318115e-01 1.1838446e-01 1.0186311e-01 8.2913992e-02 6.2007389e-02 4.2652971e-02 2.4270178e-02 6.2531381e-03 -1.0998032e-02 -2.6006446e-02 -3.8766042e-02 -4.9902583e-02 -5.8903132e-02 -6.6319920e-02 -7.2386341e-02 -7.7348236e-02 -8.1310385e-02 -8.4498541e-02
