visualization/geoclaw_output/chile2010/eta_0010.asc
ncols     360
nrows     360
xllcorner -1.199166666650000e+02
yllcorner -5.991666666500000e+01
cellsize  1.666666700000000e-01
nodata_value       -9999
[rows 88 to 109 of 360, columns 150 to 199 of 360]
-9.0516818e-02 -9.2084431e-02 -9.3322413e-02 -9.4238508e-02 -9.4720812e-02 -9.4961783e-02 -9.4917357e-02 -9.4431777e-02 -9.2862937e-02 -9.0171217e-02 -8.6360753e-02 -8.1611038e-02 -7.6074359e-02 -7.0030734e-02 -6.3712563e-02 -5.7433822e-02 -5.1253685e-02 -4.5286858e-02 -3.9536169e-02 -3.4070017e-02 -2.9125208e-02 -2.4625551e-02 -2.0599011e-02 -1.7058913e-02 -1.3979194e-02 -1.1400945e-02 -9.3154498e-03 -7.7187022e-03 -6.4454413e-03 -5.2645739e-03 -3.8889964e-03 -2.1757472e-03 -2.4474643e-04 1.8385793e-03 4.0829875e-03 6.4348245e-03 8.8294628e-03 1.1209203e-02 1.3510831e-02 1.5559497e-02 1.7106356e-02 1.8036928e-02 1.8450717e-02 1.8589770e-02 1.8546044e-02 1.8280467e-02 1.7184446e-02 1.5170865e-02 1.2537099e-02 9.2798540e-03
-9.2768307e-02 -9.3706446e-02 -9.4402395e-02 -9.4804910e-02 -9.4894597e-02 -9.4829572e-02 -9.4266581e-02 -9.2498371e-02 -8.9701805e-02 -8.5933096e-02 -8.1212771e-02 -7.5708790e-02 -6.9561796e-02 -6.3325853e-02 -5.7137552e-02 -5.1043488e-02 -4.5083277e-02 -3.9404972e-02 -3.4028045e-02 -2.9065252e-02 -2.4657740e-02 -2.0749247e-02 -1.7297518e-02 -1.4285222e-02 -1.1773340e-02 -9.8010156e-03 -8.3046267e-03 -7.2671457e-03 -6.3639384e-03 -5.3205814e-03 -4.1349510e-03 -2.7367285e-03 -1.1040114e-03 7.8772206e-04 2.9399342e-03 5.2163251e-03 7.5942952e-03 1.0012610e-02 1.2390995e-02 1.4552980e-02 1.6273887e-02 1.7474749e-02 1.8256767e-02 1.8739074e-02 1.8815078e-02 1.8559109e-02 1.7574678e-02 1.5425013e-02 1.2756636e-02 9.6004615e-03
-9.3964034e-02 -9.4408063e-02 -9.4794877e-02 -9.4963176e-02 -9.4808088e-02 -9.4177389e-02 -9.2344029e-02 -8.9290763e-02 -8.5370292e-02 -8.0663562e-02 -7.5228024e-02 -6.9214466e-02 -6.2882449e-02 -5.6712836e-02 -5.0693130e-02 -4.4859575e-02 -3.9224385e-02 -3.3897898e-02 -2.8970486e-02 -2.4619852e-02 -2.0781370e-02 -1.7453750e-02 -1.4565784e-02 -1.2123221e-02 -1.0209091e-02 -8.8525869e-03 -7.9600770e-03 -7.2731840e-03 -6.5684121e-03 -5.8181604e-03 -4.9546182e-03 -3.8060762e-03 -2.3428377e-03 -5.5860519e-04 1.5311603e-03 3.8291044e-03 6.3035162e-03 8.8906279e-03 1.1474509e-02 1.3878047e-02 1.5895385e-02 1.7458272e-02 1.8560168e-02 1.9168405e-02 1.9230045e-02 1.8977744e-02 1.8199533e-02 1.6238190e-02 1.3728362e-02 1.0741270e-02
-9.4627140e-02 -9.4934669e-02 -9.5071715e-02 -9.4849627e-02 -9.3863917e-02 -9.2074748e-02 -8.8983769e-02 -8.4825773e-02 -8.0044891e-02 -7.4670868e-02 -6.8805349e-02 -6.2633238e-02 -5.6384118e-02 -5.0296054e-02 -4.4398499e-02 -3.8877351e-02 -3.3681909e-02 -2.8907075e-02 -2.4608586e-02 -2.0818450e-02 -1.7464287e-02 -1.4636689e-02 -1.2319809e-02 -1.0509285e-02 -9.2245199e-03 -8.4860012e-03 -7.9637152e-03 -7.5447365e-03 -7.1985672e-03 -6.7755755e-03 -6.1541825e-03 -5.1882085e-03 -3.8335422e-03 -2.0762263e-03 4.9785417e-05 2.4682759e-03 5.1232404e-03 7.9564083e-03 1.0842025e-02 1.3581119e-02 1.5967039e-02 1.7804775e-02 1.9002403e-02 1.9681864e-02 1.9939868e-02 1.9890305e-02 1.9443875e-02 1.7684482e-02 1.5288298e-02 1.2444762e-02
-9.4736479e-02 -9.4704516e-02 -9.4404545e-02 -9.3509428e-02 -9.1588234e-02 -8.8697957e-02 -8.4614206e-02 -7.9686754e-02 -7.4341306e-02 -6.8532624e-02 -6.2348586e-02 -5.6076199e-02 -4.9963294e-02 -4.4083139e-02 -3.8512957e-02 -3.3403459e-02 -2.8783716e-02 -2.4599548e-02 -2.0825127e-02 -1.7494602e-02 -1.4660489e-02 -1.2379324e-02 -1.0677105e-02 -9.5065529e-03 -8.8466029e-03 -8.4872981e-03 -8.2686857e-03 -8.2085527e-03 -8.1985871e-03 -8.0506178e-03 -7.6297276e-03 -6.7891277e-03 -5.4530085e-03 -3.6320947e-03 -1.3599307e-03 1.2475832e-03 4.1444221e-03 7.2814851e-03 1.0532925e-02 1.3672782e-02 1.6335229e-02 1.8329977e-02 1.9744925e-02 2.0692848e-02 2.1234084e-02 2.1359144e-02 2.1178283e-02 1.9694743e-02 1.7447283e-02 1.4750597e-02
-9.4187264e-02 -9.3736374e-02 -9.2713674e-02 -9.0853410e-02 -8.7840638e-02 -8.3931857e-02 -7.9216132e-02 -7.3862440e-02 -6.8137161e-02 -6.2088738e-02 -5.5822240e-02 -4.9663691e-02 -4.3783028e-02 -3.8267088e-02 -3.3187073e-02 -2.8587677e-02 -2.4524269e-02 -2.0841922e-02 -1.7538796e-02 -1.4683952e-02 -1.2412334e-02 -1.0724451e-02 -9.6355941e-03 -9.0850051e-03 -8.8385601e-03 -8.7937776e-03 -8.9591872e-03 -9.2449193e-03 -9.5030430e-03 -9.5635368e-03 -9.2614126e-03 -8.4586637e-03 -7.0666580e-03 -5.1054357e-03 -2.6364692e-03 2.4178416e-04 3.4583084e-03 6.9620277e-03 1.0609363e-02 1.4023806e-02 1.6888265e-02 1.9176241e-02 2.0914775e-02 2.2180449e-02 2.3018114e-02 2.3375630e-02 2.3441028e-02 2.2325208e-02 2.0188235e-02 1.7575894e-02
-9.3070753e-02 -9.1751939e-02 -8.9672897e-02 -8.6760338e-02 -8.2905909e-02 -7.8365562e-02 -7.3223606e-02 -6.7544480e-02 -6.1564489e-02 -5.5440148e-02 -4.9392657e-02 -4.3608773e-02 -3.8139362e-02 -3.3152894e-02 -2.8640422e-02 -2.4518855e-02 -2.0861271e-02 -1.7596111e-02 -1.4750799e-02 -1.2419114e-02 -1.0735963e-02 -9.6675648e-03 -9.1996774e-03 -9.0581897e-03 -9.1471431e-03 -9.4689457e-03 -1.0011733e-02 -1.0600028e-02 -1.1037634e-02 -1.1264175e-02 -1.0949026e-02 -1.0088577e-02 -8.5758234e-03 -6.4160162e-03 -3.6873942e-03 -4.7619896e-04 3.1242303e-03 7.0336806e-03 1.0952958e-02 1.4598189e-02 1.7816029e-02 2.0493584e-02 2.2602851e-02 2.4212757e-02 2.5372834e-02 2.5976962e-02 2.6213119e-02 2.5477964e-02 2.3389679e-02 2.0756210e-02
-9.0558452e-02 -8.8508614e-02 -8.5573172e-02 -8.1810159e-02 -7.7383215e-02 -7.2473826e-02 -6.6951647e-02 -6.1022197e-02 -5.4986297e-02 -4.9035361e-02 -4.3401105e-02 -3.8076686e-02 -3.3142166e-02 -2.8696540e-02 -2.4661202e-02 -2.0962470e-02 -1.7705408e-02 -1.4888387e-02 -1.2552631e-02 -1.0791355e-02 -9.7507910e-03 -9.2912017e-03 -9.2162744e-03 -9.3787704e-03 -9.8046741e-03 -1.0525356e-02 -1.1407372e-02 -1.2200890e-02 -1.2694946e-02 -1.3005215e-02 -1.2640733e-02 -1.1603247e-02 -9.8926764e-03 -7.4804694e-03 -4.4322241e-03 -8.3456162e-04 3.1695029e-03 7.3378811e-03 1.1501055e-02 1.5552292e-02 1.9238245e-02 2.2350208e-02 2.4855126e-02 2.6813572e-02 2.8269470e-02 2.9074087e-02 2.9415878e-02 2.8975263e-02 2.6904688e-02 2.4164853e-02
-8.7245404e-02 -8.4550168e-02 -8.0896452e-02 -7.6579703e-02 -7.1751979e-02 -6.6508208e-02 -6.0764192e-02 -5.4810559e-02 -4.8945209e-02 -4.3332821e-02 -3.8100318e-02 -3.3212571e-02 -2.8755690e-02 -2.4782823e-02 -2.1182947e-02 -1.7927349e-02 -1.5096951e-02 -1.2743322e-02 -1.0973248e-02 -9.8443680e-03 -9.4150316e-03 -9.3429434e-03 -9.5372362e-03 -1.0027124e-02 -1.0867369e-02 -1.1949885e-02 -1.3072973e-02 -1.3938235e-02 -1.4403829e-02 -1.4688061e-02 -1.4244140e-02 -1.2940282e-02 -1.0944297e-02 -8.2143102e-03 -4.7996819e-03 -8.2442093e-04 3.4144500e-03 7.8524968e-03 1.2485364e-02 1.7067747e-02 2.1238430e-02 2.4774960e-02 2.7655202e-02 2.9917583e-02 3.1587136e-02 3.2497652e-02 3.2916430e-02 3.2646248e-02 3.0601865e-02 2.7696286e-02
-8.2934963e-02 -7.9672682e-02 -7.5533018e-02 -7.0814722e-02 -6.5764011e-02 -6.0292888e-02 -5.4608141e-02 -4.8916112e-02 -4.3366277e-02 -3.8186018e-02 -3.3415465e-02 -2.9005239e-02 -2.5021946e-02 -2.1472462e-02 -1.8258310e-02 -1.5423681e-02 -1.3033234e-02 -1.1179502e-02 -1.0048440e-02 -9.5893714e-03 -9.5086124e-03 -9.6651533e-03 -1.0201534e-02 -1.1100079e-02 -1.2303463e-02 -1.3643739e-02 -1.4883932e-02 -1.5662620e-02 -1.6059701e-02 -1.6246021e-02 -1.5662733e-02 -1.4034896e-02 -1.1672817e-02 -8.5756515e-03 -4.8268146e-03 -6.5092500e-04 3.9200134e-03 8.8899767e-03 1.4066998e-02 1.9158692e-02 2.3770032e-02 2.7707950e-02 3.0908766e-02 3.3407870e-02 3.5205732e-02 3.6129156e-02 3.6573380e-02 3.6396208e-02 3.4384647e-02 3.1291072e-02
-7.8220628e-02 -7.4469265e-02 -6.9864202e-02 -6.4802861e-02 -5.9676064e-02 -5.4133508e-02 -4.8620558e-02 -4.3299427e-02 -3.8225618e-02 -3.3546290e-02 -2.9241045e-02 -2.5305185e-02 -2.1771762e-02 -1.8607760e-02 -1.5798173e-02 -1.3431035e-02 -1.1551392e-02 -1.0272800e-02 -9.7324483e-03 -9.6271788e-03 -9.7941986e-03 -1.0295569e-02 -1.1257479e-02 -1.2541871e-02 -1.4020101e-02 -1.5507854e-02 -1.6707852e-02 -1.7303522e-02 -1.7622741e-02 -1.7639146e-02 -1.6790035e-02 -1.4810039e-02 -1.2019103e-02 -8.6017120e-03 -4.6421153e-03 -1.0013398e-04 5.0256830e-03 1.0557400e-02 1.6243246e-02 2.1750312e-02 2.6735292e-02 3.0997726e-02 3.4448097e-02 3.7120412e-02 3.8989994e-02 3.9878169e-02 4.0290813e-02 4.0185018e-02 3.8176092e-02 3.4917886e-02
-7.3472352e-02 -6.9249991e-02 -6.4330727e-02 -5.9063269e-02 -5.3832211e-02 -4.8477127e-02 -4.3164438e-02 -3.8195966e-02 -3.3588261e-02 -2.9356488e-02 -2.5545377e-02 -2.2098124e-02 -1.8993315e-02 -1.6213224e-02 -1.3825040e-02 -1.1949710e-02 -1.0682458e-02 -1.0032113e-02 -9.8544768e-03 -1.0003554e-02 -1.0433744e-02 -1.1330238e-02 -1.2636041e-02 -1.4204726e-02 -1.5862651e-02 -1.7383385e-02 -1.8384753e-02 -1.8820504e-02 -1.9040694e-02 -1.8789763e-02 -1.7544190e-02 -1.5200358e-02 -1.2124142e-02 -8.4514177e-03 -4.0348965e-03 1.1018347e-03 6.7679592e-03 1.2781570e-02 1.8872441e-02 2.4716643e-02 3.0016865e-02 3.4527928e-02 3.8162466e-02 4.0937713e-02 4.2820384e-02 4.3640522e-02 4.4008807e-02 4.3939101e-02 4.1918704e-02 3.8554155e-02
-6.8635547e-02 -6.4026477e-02 -5.8977274e-02 -5.3717369e-02 -4.8437255e-02 -4.3154711e-02 -3.8176693e-02 -3.3687013e-02 -2.9585201e-02 -2.5809197e-02 -2.2444664e-02 -1.9414407e-02 -1.6712453e-02 -1.4337519e-02 -1.2418285e-02 -1.1111879e-02 -1.0344754e-02 -1.0091931e-02 -1.0199265e-02 -1.0585135e-02 -1.1423157e-02 -1.2679225e-02 -1.4250335e-02 -1.6000844e-02 -1.7730539e-02 -1.9136543e-02 -1.9843667e-02 -2.0155217e-02 -2.0191180e-02 -1.9556665e-02 -1.7899110e-02 -1.5351817e-02 -1.1991980e-02 -7.7639194e-03 -2.7513646e-03 2.9232091e-03 9.0518163e-03 1.5421938e-02 2.1764241e-02 2.7856273e-02 3.3412416e-02 3.8128726e-02 4.1918434e-02 4.4771179e-02 4.6605414e-02 4.7340559e-02 4.7686814e-02 4.7591974e-02 4.5569436e-02 4.2172690e-02
-6.3807911e-02 -5.8952708e-02 -5.3847675e-02 -4.8620834e-02 -4.3366750e-02 -3.8307193e-02 -3.3810067e-02 -2.9726244e-02 -2.6106973e-02 -2.2827382e-02 -1.9874042e-02 -1.7249784e-02 -1.4966713e-02 -1.3040389e-02 -1.1675039e-02 -1.0812304e-02 -1.0377174e-02 -1.0450393e-02 -1.0737906e-02 -1.1463190e-02 -1.2663247e-02 -1.4202988e-02 -1.5959188e-02 -1.7793363e-02 -1.9476133e-02 -2.0598904e-02 -2.1033270e-02 -2.1198062e-02 -2.0889091e-02 -1.9875041e-02 -1.7999202e-02 -1.5089800e-02 -1.1161743e-02 -6.3614927e-03 -8.5918997e-04 5.2150342e-03 1.1657500e-02 1.8260972e-02 2.4810848e-02 3.1099466e-02 3.6831208e-02 4.1696756e-02 4.5614635e-02 4.8524791e-02 5.0262240e-02 5.0928726e-02 5.1280514e-02 5.1165412e-02 4.9173643e-02 4.5796944e-02
-5.9036615e-02 -5.4070493e-02 -4.9024152e-02 -4.3781253e-02 -3.8791639e-02 -3.4268023e-02 -3.0221884e-02 -2.6536657e-02 -2.3268868e-02 -2.0400464e-02 -1.7835743e-02 -1.5612151e-02 -1.3751742e-02 -1.2298465e-02 -1.1355431e-02 -1.0794391e-02 -1.0746990e-02 -1.1000017e-02 -1.1570159e-02 -1.2636306e-02 -1.4086177e-02 -1.5792761e-02 -1.7630346e-02 -1.9438756e-02 -2.0910266e-02 -2.1630458e-02 -2.1869636e-02 -2.1758708e-02 -2.1141881e-02 -1.9898624e-02 -1.7607963e-02 -1.4119345e-02 -9.6352472e-03 -4.3943396e-03 1.4676919e-03 7.7918569e-03 1.4433093e-02 2.1213185e-02 2.7917315e-02 3.4341773e-02 4.0187547e-02 4.5182317e-02 4.9204907e-02 5.2143415e-02 5.3802809e-02 5.4424592e-02 5.4779983e-02 5.4701646e-02 5.2781444e-02 4.9444403e-02
-5.4341129e-02 -4.9342465e-02 -4.4496703e-02 -3.9504701e-02 -3.4974237e-02 -3.0876907e-02 -2.7149958e-02 -2.3901221e-02 -2.1021881e-02 -1.8536108e-02 -1.6369845e-02 -1.4542268e-02 -1.3097539e-02 -1.1984288e-02 -1.1339989e-02 -1.1143735e-02 -1.1249610e-02 -1.1710042e-02 -1.2614332e-02 -1.3931901e-02 -1.5537270e-02 -1.7314433e-02 -1.9142707e-02 -2.0805111e-02 -2.1881978e-02 -2.2225722e-02 -2.2280496e-02 -2.1961426e-02 -2.1109456e-02 -1.9354183e-02 -1.6470064e-02 -1.2479861e-02 -7.6175758e-03 -2.0739095e-03 4.0070766e-03 1.0496255e-02 1.7273190e-02 2.4183684e-02 3.1010691e-02 3.7524247e-02 4.3453772e-02 4.8555275e-02 5.2651577e-02 5.5602993e-02 5.7228837e-02 5.7831517e-02 5.8190800e-02 5.8167496e-02 5.6370888e-02 5.3089508e-02
-4.9927563e-02 -4.5049018e-02 -4.0451763e-02 -3.5755196e-02 -3.1721267e-02 -2.8085030e-02 -2.4686362e-02 -2.1791437e-02 -1.9294924e-02 -1.7153470e-02 -1.5355623e-02 -1.3902810e-02 -1.2710325e-02 -1.1890905e-02 -1.1632059e-02 -1.1656294e-02 -1.1936947e-02 -1.2680854e-02 -1.3826258e-02 -1.5282398e-02 -1.6935635e-02 -1.8677218e-02 -2.0368749e-02 -2.1715115e-02 -2.2279381e-02 -2.2453404e-02 -2.2433641e-02 -2.1830614e-02 -2.0407103e-02 -1.8072132e-02 -1.4712858e-02 -1.0397280e-02 -5.2957618e-03 4.1778458e-04 6.6271053e-03 1.3236426e-02 2.0111556e-02 2.7111275e-02 3.4037339e-02 4.0630746e-02 4.6607759e-02 5.1761034e-02 5.5897914e-02 5.8870497e-02 6.0484416e-02 6.1108446e-02 6.1501351e-02 6.1529555e-02 5.9922744e-02 5.6729201e-02
-4.5826929e-02 -4.1293071e-02 -3.6875410e-02 -3.2419165e-02 -2.8753738e-02 -2.5586868e-02 -2.2690919e-02 -2.0191966e-02 -1.8041169e-02 -1.6210582e-02 -1.4728565e-02 -1.3491366e-02 -1.2563518e-02 -1.2138085e-02 -1.2076944e-02 -1.2220345e-02 -1.2765120e-02 -1.3745180e-02 -1.5053107e-02 -1.6562335e-02 -1.8166490e-02 -1.9760365e-02 -2.1164365e-02 -2.2039011e-02 -2.2372430e-02 -2.2491951e-02 -2.2123678e-02 -2.0903847e-02 -1.8938101e-02 -1.6184447e-02 -1.2540900e-02 -8.0623008e-03 -2.8132665e-03 3.0343924e-03 9.3226927e-03 1.6001964e-02 2.2930471e-02 2.9976550e-02 3.6945132e-02 4.3562255e-02 4.9568432e-02 5.4767250e-02 5.8950997e-02 6.1960509e-02 6.3591085e-02 6.4250234e-02 6.4680980e-02 6.4769784e-02 6.3371879e-02 6.0293383e-02
-4.1968640e-02 -3.7721111e-02 -3.3604048e-02 -2.9706175e-02 -2.6273047e-02 -2.3453002e-02 -2.0993371e-02 -1.8896782e-02 -1.7083765e-02 -1.5567259e-02 -1.4340148e-02 -1.3363356e-02 -1.2760768e-02 -1.2603523e-02 -1.2600892e-02 -1.2938178e-02 -1.3688445e-02 -1.4799751e-02 -1.6162949e-02 -1.7622684e-02 -1.9064136e-02 -2.0383526e-02 -2.1419150e-02 -2.2020899e-02 -2.2183595e-02 -2.1903118e-02 -2.0915549e-02 -1.9239784e-02 -1.6905638e-02 -1.3903293e-02 -1.0097814e-02 -5.5213099e-03 -1.8562832e-04 5.7329781e-03 1.2071402e-02 1.8779446e-02 2.5707259e-02 3.2730436e-02 3.9664157e-02 4.6259770e-02 5.2288399e-02 5.7542576e-02 6.1785568e-02 6.4858462e-02 6.6598479e-02 6.7300546e-02 6.7718554e-02 6.7892258e-02 6.6668947e-02 6.3694797e-02
-3.8485423e-02 -3.4430099e-02 -3.0665696e-02 -2.7394591e-02 -2.4266318e-02 -2.1586893e-02 -1.9637099e-02 -1.7872969e-02 -1.6364255e-02 -1.5132891e-02 -1.4107700e-02 -1.3398959e-02 -1.3068449e-02 -1.3034901e-02 -1.3125793e-02 -1.3687136e-02 -1.4590318e-02 -1.5741185e-02 -1.7037770e-02 -1.8322786e-02 -1.9493815e-02 -2.0517289e-02 -2.1294597e-02 -2.1562025e-02 -2.1371595e-02 -2.0550409e-02 -1.9093725e-02 -1.7065271e-02 -1.4510269e-02 -1.1358312e-02 -7.4712676e-03 -2.8443274e-03 2.5902667e-03 8.5030300e-03 1.4806792e-02 2.1459641e-02 2.8330769e-02 3.5305433e-02 4.2214804e-02 4.8806911e-02 5.4857927e-02 6.0140673e-02 6.4435030e-02 6.7587983e-02 6.9483537e-02 7.0243661e-02 7.0610028e-02 7.0812958e-02 6.9769140e-02 6.6872604e-02
-3.5499983e-02 -3.1616305e-02 -2.8169416e-02 -2.5311571e-02 -2.2532436e-02 -2.0339620e-02 -1.8665971e-02 -1.7079810e-02 -1.5733144e-02 -1.4680555e-02 -1.3906354e-02 -1.3512131e-02 -1.3394725e-02 -1.3407971e-02 -1.3680308e-02 -1.4384282e-02 -1.5330979e-02 -1.6418538e-02 -1.7533553e-02 -1.8551774e-02 -1.9513481e-02 -2.0317420e-02 -2.0646854e-02 -2.0529645e-02 -1.9839835e-02 -1.8559500e-02 -1.6770607e-02 -1.4529012e-02 -1.1820011e-02 -8.5709050e-03 -4.6680251e-03 -1.8598811e-05 5.3857698e-03 1.1211304e-02 1.7450553e-02 2.4001297e-02 3.0793628e-02 3.7733524e-02 4.4607981e-02 5.1196276e-02 5.7266198e-02 6.2573342e-02 6.6938394e-02 7.0215789e-02 7.2244538e-02 7.3004825e-02 7.3320538e-02 7.3478858e-02 7.2586205e-02 6.9745625e-02
-3.2966950e-02 -2.9332825e-02 -2.6195168e-02 -2.3565218e-02 -2.1074492e-02 -1.9175347e-02 -1.7772627e-02 -1.6460582e-02 -1.5350310e-02 -1.4479773e-02 -1.3891827e-02 -1.3678512e-02 -1.3613609e-02 -1.3712891e-02 -1.4166097e-02 -1.4918987e-02 -1.5817847e-02 -1.6754639e-02 -1.7645228e-02 -1.8521609e-02 -1.9245077e-02 -1.9517688e-02 -1.9395191e-02 -1.8790757e-02 -1.7665499e-02 -1.6073334e-02 -1.4078181e-02 -1.1706645e-02 -8.9131889e-03 -5.6276189e-03 -1.7522626e-03 2.8183950e-03 8.0405915e-03 1.3766296e-02 1.9945912e-02 2.6430100e-02 3.3152975e-02 4.0005657e-02 4.6807369e-02 5.3338114e-02 5.9399729e-02 6.4769487e-02 6.9264776e-02 7.2720012e-02 7.4852258e-02 7.5574251e-02 7.5846708e-02 7.5909457e-02 7.5089773e-02 7.2301061e-02
