visualization/geoclaw_output/chile2010/eta_0007.asc
ncols     360
nrows     360
xllcorner -1.199166666650000e+02
yllcorner -5.991666666500000e+01
cellsize  1.666666700000000e-01
nodata_value       -9999
[rows 198 to 219 of 360, columns 250 to 299 of 360]
-1.3849387e-02 -1.1023360e-02 -8.0907932e-03 -5.2122770e-03 -2.2101298e-03 8.7657216e-04 4.1442296e-03 7.4334060e-03 1.0262833e-02 1.3540701e-02 1.6807455e-02 1.9454310e-02 2.1785367e-02 2.3882682e-02 2.5726214e-02 2.7377092e-02 2.8858922e-02 3.0117608e-02 3.1304927e-02 3.2388059e-02 3.3487290e-02 3.4517813e-02 3.5342497e-02 3.6009452e-02 3.6456476e-02 3.6818544e-02 3.7141238e-02 3.6967696e-02 3.6390801e-02 3.5769636e-02 3.5293750e-02 3.4737653e-02 3.4052776e-02 3.3483842e-02 3.3197786e-02 3.3310313e-02 3.2931683e-02 3.2542524e-02 3.2889694e-02 3.1068132e-02 1.8199429e+02 2.4904716e+02 3.7931605e+02 1.0462865e+03 1.1555217e+03 7.7268437e+02 1.2539240e+03 2.4478174e+03 3.4592747e+03 4.0661852e+03
-7.7976127e-03 -4.7573411e-03 -1.8045199e-03 7.6426984e-04 3.9607199e-03 7.7207530e-03 1.1280578e-02 1.4540100e-02 1.7243689e-02 2.0518520e-02 2.3547828e-02 2.5935013e-02 2.8051360e-02 2.9903661e-02 3.1523273e-02 3.2989264e-02 3.4191516e-02 3.5221653e-02 3.6235540e-02 3.7141827e-02 3.7919837e-02 3.8550464e-02 3.9035119e-02 3.9410433e-02 3.9653346e-02 3.9901350e-02 4.0092776e-02 3.9964103e-02 3.9396236e-02 3.8918288e-02 3.8675293e-02 3.8243112e-02 3.7717834e-02 3.7503064e-02 3.7483452e-02 3.7904874e-02 3.8074148e-02 3.8193625e-02 4.0759675e-02 4.2783304e-02 2.1837281e+02 2.9684090e+02 4.5091024e+02 1.0625064e+03 1.0289097e+03 6.3538532e+02 1.0441813e+03 1.9427788e+03 3.0863582e+03 3.9509056e+03
-6.4147749e-04 2.5824746e-03 5.6499807e-03 8.2485743e-03 1.2062328e-02 1.6237999e-02 1.9169735e-02 2.1892465e-02 2.4735744e-02 2.7859840e-02 3.0160220e-02 3.2092686e-02 3.3764462e-02 3.5238265e-02 3.6589360e-02 3.7697854e-02 3.8652841e-02 3.9510040e-02 4.0220786e-02 4.0760758e-02 4.1231651e-02 4.1613834e-02 4.1832353e-02 4.1931287e-02 4.1991439e-02 4.2036727e-02 4.2001229e-02 4.1836133e-02 4.1490364e-02 4.1324027e-02 4.1331965e-02 4.1000770e-02 4.0700034e-02 4.0931688e-02 4.1374160e-02 4.2577867e-02 4.3808884e-02 4.4253525e-02 4.9845181e-02 5.4459639e-02 1.0907927e+02 3.4404177e+02 3.7149132e+02 5.3693754e+02 6.2405369e+02 5.5703049e+02 8.8106767e+02 1.6023414e+03 2.4877005e+03 3.3364872e+03
8.6816374e-03 1.1494282e-02 1.4471306e-02 1.8018651e-02 2.2279595e-02 2.5215984e-02 2.7344105e-02 2.9492553e-02 3.2160011e-02 3.4308802e-02 3.5792863e-02 3.7297586e-02 3.8592792e-02 3.9753254e-02 4.0750474e-02 4.1496630e-02 4.2141998e-02 4.2612285e-02 4.2932759e-02 4.3212646e-02 4.3406563e-02 4.3450988e-02 4.3382028e-02 4.3245980e-02 4.3151539e-02 4.3044388e-02 4.2913109e-02 4.2803923e-02 4.2719148e-02 4.2889317e-02 4.3173151e-02 4.2909677e-02 4.3373839e-02 4.4183194e-02 4.5371191e-02 4.7281164e-02 4.9990498e-02 5.3078579e-02 6.3710397e-02 8.4195232e-02 6.8108801e+01 2.7698429e+02 2.6849204e+02 2.0286126e+02 3.6261351e+02 5.4407207e+02 8.9735909e+02 1.5297967e+03 2.2913297e+03 3.1912771e+03
1.7609168e-02 1.9734886e-02 2.2347141e-02 2.5666536e-02 2.8951932e-02 3.1281158e-02 3.3387825e-02 3.5297899e-02 3.7326406e-02 3.8924423e-02 4.0003342e-02 4.1246803e-02 4.2274726e-02 4.3185291e-02 4.3824882e-02 4.4194036e-02 4.4412998e-02 4.4577556e-02 4.4579895e-02 4.4540284e-02 4.4376681e-02 4.4109415e-02 4.3799030e-02 4.3472127e-02 4.3256144e-02 4.3092881e-02 4.2971168e-02 4.3010626e-02 4.3268923e-02 4.3760464e-02 4.4168698e-02 4.4203377e-02 4.5251706e-02 4.6315559e-02 4.7998946e-02 5.1055502e-02 5.6289431e-02 6.7764408e-02 1.0544083e-01 1.7916863e-01 1.0806412e+02 2.0952425e+02 3.1617495e+02 4.8039836e+02 4.7648363e+02 4.7335576e+02 1.1043170e+03 1.9910733e+03 2.4037598e+03 2.9439877e+03
2.3595634e-02 2.5704135e-02 2.8221524e-02 3.1001116e-02 3.3579269e-02 3.5618407e-02 3.7599416e-02 3.9296902e-02 4.1040791e-02 4.2403331e-02 4.3405334e-02 4.4339132e-02 4.5023261e-02 4.5403187e-02 4.5538857e-02 4.5520419e-02 4.5453039e-02 4.5277669e-02 4.4948915e-02 4.4619234e-02 4.4158001e-02 4.3640271e-02 4.3086462e-02 4.2571354e-02 4.2223513e-02 4.2039881e-02 4.1969497e-02 4.2139280e-02 4.2644807e-02 4.3324154e-02 4.3902337e-02 4.4389937e-02 4.5659903e-02 4.7373330e-02 5.0025114e-02 5.4314062e-02 6.2892832e-02 7.8288781e-02 1.4927604e-01 8.0209691e+01 1.5895027e+02 2.3275181e+02 3.5540277e+02 6.6286082e+02 8.9103123e+02 7.1618914e+02 1.2551616e+03 2.7025898e+03 2.8922209e+03 2.6118646e+03
2.8238247e-02 3.0312518e-02 3.2571518e-02 3.5021975e-02 3.7325301e-02 3.9279099e-02 4.1067541e-02 4.2446632e-02 4.3736421e-02 4.4771977e-02 4.5619918e-02 4.6175067e-02 4.6316021e-02 4.6243237e-02 4.6066892e-02 4.5713404e-02 4.5266297e-02 4.4705520e-02 4.4047120e-02 4.3422428e-02 4.2694493e-02 4.1929548e-02 4.1255394e-02 4.0656082e-02 4.0276483e-02 4.0133908e-02 4.0190619e-02 4.0597646e-02 4.1387144e-02 4.2257583e-02 4.3139262e-02 4.4449715e-02 4.6168879e-02 4.8389990e-02 5.1424620e-02 5.5028660e-02 6.2063776e-02 6.3460948e-02 1.1554349e+02 2.0478107e+02 1.9265805e+02 1.5142571e+02 2.8273333e+02 6.1106830e+02 9.0796179e+02 7.9289581e+02 1.0627222e+03 2.4096667e+03 3.2473973e+03 3.1194446e+03
3.2128460e-02 3.4167350e-02 3.6237690e-02 3.8345924e-02 4.0346567e-02 4.2115364e-02 4.3670099e-02 4.4897356e-02 4.5784715e-02 4.6457325e-02 4.6986444e-02 4.7014167e-02 4.6648539e-02 4.6213435e-02 4.5696500e-02 4.5030111e-02 4.4286493e-02 4.3464166e-02 4.2538018e-02 4.1533793e-02 4.0422346e-02 3.9346947e-02 3.8443269e-02 3.7764018e-02 3.7404904e-02 3.7341143e-02 3.7503374e-02 3.8131815e-02 3.9101222e-02 3.9995841e-02 4.1128091e-02 4.2658291e-02 4.4838219e-02 4.7402142e-02 5.0695054e-02 5.3952837e-02 6.1350337e-02 5.4306468e-02 1.7183558e+02 2.5852325e+02 1.7180756e+02 1.3012218e+02 2.9647904e+02 4.8241209e+02 4.7307253e+02 5.8557925e+02 1.0701083e+03 2.0898226e+03 2.9631521e+03 3.2602303e+03
3.5220067e-02 3.7197308e-02 3.9133381e-02 4.0979310e-02 4.2721238e-02 4.4262627e-02 4.5552125e-02 4.6503009e-02 4.7048632e-02 4.7393533e-02 4.7468600e-02 4.7023073e-02 4.6356293e-02 4.5601122e-02 4.4779341e-02 4.3845938e-02 4.2809965e-02 4.1622222e-02 4.0295147e-02 3.8967869e-02 3.7591886e-02 3.6321080e-02 3.5291681e-02 3.4438341e-02 3.3906620e-02 3.3735514e-02 3.3973087e-02 3.4841718e-02 3.5896424e-02 3.7209788e-02 3.8434102e-02 4.0322407e-02 4.2637812e-02 4.5268965e-02 4.8828930e-02 5.2574308e-02 5.9785324e-02 5.3565555e-02 1.2551344e+02 2.1656584e+02 1.9926380e+02 1.9469345e+02 2.3518130e+02 3.7268194e+02 4.4765085e+02 7.4888797e+02 1.5646371e+03 2.5399341e+03 2.9920816e+03 3.2946392e+03
3.7639460e-02 3.9541617e-02 4.1371269e-02 4.3030225e-02 4.4550430e-02 4.5841563e-02 4.6773982e-02 4.7292991e-02 4.7520023e-02 4.7591137e-02 4.7350835e-02 4.6609596e-02 4.5531609e-02 4.4340080e-02 4.3035006e-02 4.1635150e-02 4.0197253e-02 3.8687931e-02 3.7102266e-02 3.5536591e-02 3.4060617e-02 3.2667535e-02 3.1401729e-02 3.0288429e-02 2.9544059e-02 2.9218540e-02 2.9495615e-02 3.0447263e-02 3.1430925e-02 3.3141897e-02 3.4696395e-02 3.6919424e-02 3.9287946e-02 4.2004675e-02 4.6415417e-02 5.0842698e-02 5.5737111e-02 5.1954208e-02 1.3456102e+02 2.0673184e+02 2.5033655e+02 2.1788352e+02 2.1517745e+02 3.7377039e+02 5.1502345e+02 1.0107562e+03 2.1893908e+03 3.2251512e+03 3.4279362e+03 3.3005176e+03
3.9448692e-02 4.1232619e-02 4.2913995e-02 4.4387653e-02 4.5670667e-02 4.6661638e-02 4.7190664e-02 4.7456264e-02 4.7515086e-02 4.7226613e-02 4.6365818e-02 4.4953457e-02 4.3297465e-02 4.1604829e-02 3.9913841e-02 3.8196233e-02 3.6426543e-02 3.4590765e-02 3.2732620e-02 3.0948938e-02 2.9249223e-02 2.7670317e-02 2.6279772e-02 2.5148701e-02 2.4329868e-02 2.3857934e-02 2.4116532e-02 2.4951682e-02 2.6193060e-02 2.7902891e-02 2.9649141e-02 3.1978860e-02 3.4513629e-02 3.8357577e-02 4.5207995e-02 5.6542158e-02 5.0309596e-02 2.0976948e+01 1.4802326e+02 2.2115538e+02 2.8774727e+02 2.9189567e+02 2.8770433e+02 3.2856619e+02 6.6345816e+02 1.3086254e+03 2.1071672e+03 3.1640130e+03 3.5222836e+03 2.9990226e+03
4.0692774e-02 4.2321258e-02 4.3853117e-02 4.5180540e-02 4.6306645e-02 4.7100527e-02 4.7384500e-02 4.7335595e-02 4.6870168e-02 4.5901696e-02 4.4377982e-02 4.2397784e-02 4.0294662e-02 3.8249738e-02 3.6291456e-02 3.4339574e-02 3.2303307e-02 3.0194416e-02 2.8061259e-02 2.5958360e-02 2.3983361e-02 2.2124081e-02 2.0481238e-02 1.9158913e-02 1.8204818e-02 1.7752918e-02 1.7859075e-02 1.8419036e-02 1.9173521e-02 2.0663791e-02 2.2802163e-02 2.5201976e-02 2.6906975e-02 2.9191310e-02 3.4493394e-02 4.6456127e-02 1.5807132e-02 7.7387507e+01 1.5594903e+02 2.1872439e+02 3.0915085e+02 3.2905756e+02 3.0016034e+02 3.8211283e+02 8.2336325e+02 1.4806800e+03 2.0107023e+03 2.9521311e+03 3.5050827e+03 3.1253823e+03
4.1385599e-02 4.2966468e-02 4.4420880e-02 4.5649532e-02 4.6559487e-02 4.6820971e-02 4.6579532e-02 4.5988908e-02 4.5022251e-02 4.3681029e-02 4.1880574e-02 3.9704682e-02 3.7405290e-02 3.5081867e-02 3.2705966e-02 3.0277896e-02 2.7924175e-02 2.5563233e-02 2.3149686e-02 2.0742136e-02 1.8485252e-02 1.6326884e-02 1.4336722e-02 1.2708316e-02 1.1550595e-02 1.0975623e-02 1.0862917e-02 1.0806573e-02 1.1285839e-02 1.2100550e-02 1.3481538e-02 1.5872235e-02 1.7281026e-02 1.9297789e-02 2.9655998e-02 3.4268543e-02 1.8268429e+01 1.2536646e+02 2.0828408e+02 2.4632814e+02 2.7968021e+02 2.6666340e+02 3.3016589e+02 6.9608007e+02 1.0758698e+03 1.5532349e+03 2.2261898e+03 2.7985348e+03 3.1339892e+03 3.0671119e+03
4.1666443e-02 4.3066258e-02 4.4252205e-02 4.5185668e-02 4.5715073e-02 4.5555906e-02 4.5079952e-02 4.4194789e-02 4.2901461e-02 4.1251069e-02 3.9214549e-02 3.6870835e-02 3.4399982e-02 3.1877171e-02 2.9281485e-02 2.6523050e-02 2.3621950e-02 2.0806650e-02 1.8044903e-02 1.5337875e-02 1.2744363e-02 1.0265451e-02 7.9003399e-03 5.8562177e-03 4.2541186e-03 3.0717755e-03 2.3587620e-03 2.1393829e-03 1.5004707e-03 1.1708408e-03 1.2873896e-03 1.9943789e-03 2.4836993e-03 7.8341430e-03 1.1104659e-02 8.6365615e+00 1.4942378e+02 2.2118850e+02 2.2265542e+02 2.3956331e+02 2.4429836e+02 2.2648619e+02 4.1522911e+02 9.1387805e+02 1.3513027e+03 1.6766115e+03 2.2455293e+03 2.6140466e+03 2.7668144e+03 2.8748638e+03
4.1046855e-02 4.2307836e-02 4.3359429e-02 4.4175003e-02 4.4471586e-02 4.4101371e-02 4.3431634e-02 4.2281863e-02 4.0691935e-02 3.8738136e-02 3.6451097e-02 3.3886333e-02 3.1188733e-02 2.8452567e-02 2.5624151e-02 2.2675095e-02 1.9597476e-02 1.6428226e-02 1.3196341e-02 9.9562446e-03 6.8786849e-03 4.0511059e-03 1.4127188e-03 -9.7915688e-04 -2.9131029e-03 -4.4951122e-03 -5.9022453e-03 -7.3647873e-03 -9.3097605e-03 -1.1764426e-02 -1.4720146e-02 -2.0345033e-02 -3.1251718e-02 -5.5155292e-02 1.4678133e+01 1.7779990e+02 2.7546084e+02 2.9052732e+02 1.9050940e+02 1.5914165e+02 1.9168940e+02 2.1993976e+02 4.7189273e+02 1.0059527e+03 1.6684728e+03 2.0861849e+03 2.3948609e+03 2.6314165e+03 2.6919025e+03 2.9507333e+03
4.0186085e-02 4.1431295e-02 4.2418034e-02 4.3128916e-02 4.3191257e-02 4.2613811e-02 4.1718006e-02 4.0310844e-02 3.8469967e-02 3.6282102e-02 3.3785895e-02 3.1012870e-02 2.8107480e-02 2.5155947e-02 2.2116926e-02 1.8944233e-02 1.5646664e-02 1.2267519e-02 8.8529655e-03 5.3353346e-03 1.7768544e-03 -1.7017414e-03 -4.9454720e-03 -7.7293948e-03 -1.0302899e-02 -1.2654772e-02 -1.4874347e-02 -1.7087102e-02 -2.1130724e-02 -2.6740723e-02 -3.7244621e-02 -5.7987971e-02 -1.2132316e-01 -1.9125068e-01 6.8613578e+01 2.1835158e+02 2.7542152e+02 2.5774807e+02 1.7347661e+02 1.2772100e+02 1.6511163e+02 2.7725263e+02 6.9547734e+02 1.2090928e+03 1.8968733e+03 2.2061440e+03 2.2794693e+03 2.7421142e+03 2.6398627e+03 2.5929525e+03
3.9309722e-02 4.0543676e-02 4.1454092e-02 4.2024953e-02 4.1870226e-02 4.1093476e-02 3.9969698e-02 3.8329074e-02 3.6291437e-02 3.3931696e-02 3.1284078e-02 2.8381450e-02 2.5306138e-02 2.2116806e-02 1.8840500e-02 1.5483373e-02 1.1996867e-02 8.3626922e-03 4.5815621e-03 6.6891412e-04 -3.2593196e-03 -7.2047990e-03 -1.0954776e-02 -1.4486081e-02 -1.7732279e-02 -2.0630798e-02 -2.3623499e-02 -2.7707116e-02 -3.4287599e-02 -4.3215328e-02 -6.0185727e-02 -9.2653421e-02 -1.7902056e-01 -2.5359505e-01 1.0565017e+02 2.3298263e+02 2.2772291e+02 1.7579291e+02 1.3488806e+02 1.2690194e+02 1.6561889e+02 3.8137175e+02 8.8262881e+02 1.2620282e+03 1.5455303e+03 1.7662295e+03 2.0787582e+03 2.6952725e+03 2.4895318e+03 2.1463520e+03
3.8319633e-02 3.9520031e-02 4.0338717e-02 4.0752688e-02 4.0385936e-02 3.9485135e-02 3.8140948e-02 3.6307264e-02 3.4101831e-02 3.1593296e-02 2.8821960e-02 2.5829829e-02 2.2623199e-02 1.9226321e-02 1.5736659e-02 1.2184817e-02 8.5140490e-03 4.6878576e-03 6.5812647e-04 -3.5432390e-03 -7.8736574e-03 -1.2249750e-02 -1.6469583e-02 -2.0522181e-02 -2.4441272e-02 -2.8341001e-02 -3.2913587e-02 -3.9399395e-02 -5.0452380e-02 -7.0140751e-02 -1.1282215e-01 -1.6548386e-01 -2.0887180e-01 1.1573846e+01 2.3019905e+02 2.6789928e+02 1.7412205e+02 1.1851957e+02 1.1454191e+02 1.3130365e+02 2.1756004e+02 5.1011906e+02 1.0901766e+03 1.5158078e+03 1.7325933e+03 1.9899509e+03 2.2104842e+03 2.5485295e+03 2.4413225e+03 1.9979584e+03
3.7338880e-02 3.8522794e-02 3.9266513e-02 3.9555755e-02 3.9056027e-02 3.8022136e-02 3.6570454e-02 3.4638057e-02 3.2317298e-02 2.9701770e-02 2.6854747e-02 2.3814590e-02 2.0545272e-02 1.7048349e-02 1.3428387e-02 9.7129227e-03 5.8532572e-03 1.8204661e-03 -2.4531371e-03 -6.9838423e-03 -1.1780159e-02 -1.6677239e-02 -2.1549749e-02 -2.6405787e-02 -3.1189230e-02 -3.6335754e-02 -4.2936938e-02 -5.2212751e-02 -6.9900309e-02 -1.0480163e-01 -1.7385002e-01 -2.1803707e-01 -2.4262874e-01 1.2884634e+02 3.1633101e+02 2.7302740e+02 1.9926151e+02 1.4465242e+02 1.3934508e+02 1.6920137e+02 2.8836775e+02 5.8068191e+02 1.3271887e+03 1.9455543e+03 2.1283749e+03 2.3539249e+03 2.4684428e+03 2.5115551e+03 2.6419539e+03 2.4221396e+03
3.6406349e-02 3.7562705e-02 3.8222269e-02 3.8387263e-02 3.7784282e-02 3.6673363e-02 3.5154188e-02 3.3181396e-02 3.0808131e-02 2.8143709e-02 2.5252999e-02 2.2181680e-02 1.8909408e-02 1.5400289e-02 1.1741504e-02 7.9410783e-03 3.9353387e-03 -2.8531446e-04 -4.7656893e-03 -9.5798990e-03 -1.4729215e-02 -2.0044288e-02 -2.5495600e-02 -3.1117157e-02 -3.6989065e-02 -4.3955240e-02 -5.3347972e-02 -6.7412885e-02 -9.6247223e-02 -1.5656454e-01 -2.4978891e-01 -3.1146876e-01 -3.0329918e-01 1.8922745e+02 3.3426341e+02 2.8798930e+02 2.0758349e+02 1.6140125e+02 1.5677128e+02 2.0713203e+02 3.6743976e+02 7.4601326e+02 1.4411419e+03 1.9534861e+03 1.9739948e+03 2.1693428e+03 2.5124865e+03 2.3739308e+03 2.3954117e+03 2.5497817e+03
3.5487006e-02 3.6606956e-02 3.7198303e-02 3.7276161e-02 3.6649091e-02 3.5514879e-02 3.3971445e-02 3.1999391e-02 2.9621111e-02 2.6940641e-02 2.4033734e-02 2.0937150e-02 1.7658134e-02 1.4194230e-02 1.0572658e-02 6.7640111e-03 2.6882953e-03 -1.6584690e-03 -6.2900136e-03 -1.1236987e-02 -1.6510535e-02 -2.2004740e-02 -2.7820275e-02 -3.3977552e-02 -4.0964786e-02 -5.0150378e-02 -6.3231001e-02 -8.4528643e-02 -1.2749272e-01 -2.1629613e-01 -3.4616300e-01 -5.0164267e-01 7.1973668e+01 1.8131765e+02 2.0894319e+02 1.9156847e+02 1.3764613e+02 1.3906707e+02 1.7358976e+02 2.8187918e+02 6.6183989e+02 1.1316791e+03 1.4701943e+03 1.7652070e+03 1.8987353e+03 2.0838216e+03 2.3619067e+03 2.1585618e+03 1.8552751e+03 2.2271036e+03
3.4720543e-02 3.5833237e-02 3.6406955e-02 3.6464437e-02 3.5970726e-02 3.4821429e-02 3.3358406e-02 3.1474450e-02 2.9156837e-02 2.6535436e-02 2.3698003e-02 2.0656263e-02 1.7402530e-02 1.3975517e-02 1.0427832e-02 6.6611742e-03 2.5829313e-03 -1.8357702e-03 -6.6072996e-03 -1.1645354e-02 -1.6950454e-02 -2.2518296e-02 -2.8517920e-02 -3.5004419e-02 -4.2639948e-02 -5.3151548e-02 -6.8893295e-02 -9.4138996e-02 -1.4016075e-01 -2.3544515e-01 -4.8098963e-01 -8.0631980e-01 1.4322696e+02 2.2887310e+02 1.6028539e+02 1.1695095e+02 1.0722057e+02 1.3927623e+02 2.0745231e+02 4.1077462e+02 9.4192734e+02 1.2183041e+03 1.4269717e+03 1.8578477e+03 1.9541925e+03 2.0850969e+03 2.3753738e+03 2.4141080e+03 2.0871542e+03 1.9838937e+03
