visualization/geoclaw_output/chile2010/eta_0004.asc
ncols     360
nrows     360
xllcorner -1.199166666650000e+02
yllcorner -5.991666666500000e+01
cellsize  1.666666700000000e-01
nodata_value       -9999
[rows 0 to 21 of 360, columns 300 to 349 of 360]
1.8450000e+02 2.1549998e+02 2.0125000e+02 1.8425001e+02 1.7075001e+02 1.1475001e+02 9.7749999e+01 9.5999998e+01 9.4999997e+01 9.5499996e+01 9.3499996e+01 9.2999998e+01 9.6499999e+01 9.9249999e+01 9.9749997e+01 9.2999993e+01 1.0274999e+02 1.3175002e+02 1.1075003e+02 1.0000001e+02 1.4925002e+02 1.3900001e+02 9.0750003e+01 7.3250003e+01 6.1250002e+01 5.5750004e+01 6.3750007e+01 6.9750003e+01 7.6499999e+01 8.4500000e+01 8.0750001e+01 7.7750004e+01 7.7750008e+01 7.2000007e+01 6.4750004e+01 6.1250003e+01 5.9500002e+01 6.0500003e+01 6.2500003e+01 6.3750002e+01 6.4250002e+01 6.2750002e+01 6.0250001e+01 6.0000001e+01 6.4000001e+01 6.9250002e+01 7.1500002e+01 6.9250002e+01 5.7750001e+01 4.9750001e+01
1.4000008e+02 1.6600016e+02 1.7050006e+02 1.5500002e+02 1.2475005e+02 9.1250012e+01 9.3500011e+01 9.9499999e+01 9.9999998e+01 1.0150000e+02 1.0424999e+02 1.0299999e+02 9.8500000e+01 9.6500007e+01 1.0450000e+02 1.2374996e+02 1.3724996e+02 1.0550000e+02 9.7999943e+01 1.0424995e+02 9.9500057e+01 1.0025006e+02 7.6250023e+01 6.4750008e+01 5.8999998e+01 5.4249990e+01 5.5999996e+01 6.2000008e+01 6.8750018e+01 7.3750024e+01 7.1250017e+01 6.6000012e+01 6.0750011e+01 5.7000010e+01 5.5250008e+01 5.3750008e+01 5.2250008e+01 5.2500008e+01 5.4500008e+01 5.6500008e+01 5.8250007e+01 5.8000004e+01 5.6750004e+01 5.7500003e+01 6.0250005e+01 6.3000008e+01 6.4000011e+01 6.3750007e+01 5.5500002e+01 4.8750001e+01
1.0025000e+02 9.4499993e+01 1.3300002e+02 1.6024995e+02 1.5024982e+02 1.3774982e+02 1.1574990e+02 1.0449998e+02 1.0050000e+02 1.0075000e+02 1.0425002e+02 1.0425002e+02 1.1624994e+02 1.2674988e+02 1.1599996e+02 1.1850009e+02 1.1700014e+02 9.6500030e+01 1.2924998e+02 1.4374994e+02 9.3749925e+01 7.2749990e+01 6.9999984e+01 6.3999989e+01 5.9250003e+01 5.7000007e+01 5.6000007e+01 5.5750008e+01 5.6500012e+01 5.7500018e+01 5.7000021e+01 5.4500021e+01 5.1250015e+01 5.0000009e+01 4.8500011e+01 4.6250013e+01 4.4750013e+01 4.4250015e+01 4.5750017e+01 4.8750013e+01 5.1500012e+01 5.2750011e+01 5.3250006e+01 5.4500005e+01 5.6500005e+01 5.7000007e+01 5.6000011e+01 5.7250011e+01 5.2750006e+01 4.8250001e+01
1.0549997e+02 1.0549996e+02 1.2450001e+02 1.7300000e+02 1.8050010e+02 1.6650012e+02 1.4674998e+02 1.1249998e+02 1.0050000e+02 1.0449998e+02 1.1424993e+02 1.2574987e+02 1.5074992e+02 1.6499998e+02 1.4374992e+02 1.1874987e+02 1.0699986e+02 1.0899990e+02 1.2425005e+02 1.3025015e+02 1.0725004e+02 8.6499946e+01 7.8999978e+01 6.6000005e+01 5.7250006e+01 5.5000000e+01 5.3000005e+01 5.1250011e+01 5.0500012e+01 5.0250011e+01 5.0000005e+01 4.8749999e+01 4.6750001e+01 4.5500010e+01 4.3750009e+01 4.2250001e+01 4.1499998e+01 4.0999995e+01 4.1249999e+01 4.2000015e+01 4.3750021e+01 4.6250016e+01 4.8750014e+01 5.1000010e+01 5.2250014e+01 5.2250014e+01 5.1500007e+01 5.2500007e+01 4.9250009e+01 4.6750006e+01
1.0475005e+02 1.0750004e+02 1.1000008e+02 1.4350018e+02 1.4825007e+02 1.2700010e+02 1.2400017e+02 1.1025004e+02 1.0075000e+02 1.0475003e+02 1.1750007e+02 1.2875015e+02 1.4300016e+02 1.6700002e+02 1.7274992e+02 1.7099984e+02 1.7249977e+02 1.5774982e+02 1.4224983e+02 1.3124980e+02 1.1699989e+02 1.0199997e+02 8.4749992e+01 6.6999987e+01 5.7499990e+01 5.3500010e+01 4.8750021e+01 4.5250024e+01 4.3500029e+01 4.3750027e+01 4.7250011e+01 4.8250005e+01 4.5000010e+01 4.2750005e+01 4.2000000e+01 4.1500003e+01 4.1000006e+01 4.1000006e+01 4.1500000e+01 3.9999994e+01 3.9250002e+01 4.0750014e+01 4.3250017e+01 4.6000019e+01 4.7000016e+01 4.8000010e+01 4.8750008e+01 4.9750008e+01 4.7000003e+01 4.5500000e+01
9.4000027e+01 9.7250025e+01 9.4250021e+01 1.0400009e+02 1.1625016e+02 1.0200007e+02 9.7000004e+01 1.0200002e+02 1.0025000e+02 1.0424997e+02 1.1974989e+02 1.3224979e+02 1.4149982e+02 1.6849997e+02 1.8175003e+02 1.8075012e+02 1.8075022e+02 1.6975012e+02 1.7474996e+02 1.6699997e+02 1.2850005e+02 1.0325003e+02 8.6249998e+01 6.7750010e+01 5.6500019e+01 4.8750025e+01 4.3250017e+01 4.0500008e+01 3.8750002e+01 4.1249986e+01 4.7249986e+01 4.7000004e+01 4.2500008e+01 4.1000008e+01 4.1000008e+01 4.0000008e+01 3.9000008e+01 3.9000008e+01 3.9750014e+01 3.9500012e+01 3.9000000e+01 3.8749998e+01 3.9250010e+01 4.1500012e+01 4.3000012e+01 4.4000019e+01 4.5000019e+01 4.6000019e+01 4.4750014e+01 4.4750006e+01
8.7250030e+01 8.8250053e+01 8.6250048e+01 9.1750011e+01 9.7499982e+01 9.4999982e+01 9.5250011e+01 9.8000014e+01 1.0000000e+02 1.0450003e+02 1.2575007e+02 1.5250006e+02 1.6175003e+02 1.6375008e+02 1.5975017e+02 1.4075022e+02 1.2600024e+02 1.3650016e+02 1.6175017e+02 1.5950011e+02 1.2824995e+02 1.0374997e+02 8.4250021e+01 6.5250011e+01 5.3500005e+01 4.5999995e+01 4.1999991e+01 4.0249993e+01 3.8999995e+01 4.4249989e+01 4.9999991e+01 4.6250002e+01 4.1250002e+01 4.0000000e+01 3.9500005e+01 3.8500005e+01 3.8000000e+01 3.8000000e+01 3.8000000e+01 3.8000000e+01 3.8750002e+01 3.8750002e+01 3.8000000e+01 3.9000009e+01 4.0000014e+01 4.0500009e+01 4.1250011e+01 4.1750016e+01 4.1500014e+01 4.2000018e+01
8.2250019e+01 8.3249992e+01 8.1999989e+01 8.7250034e+01 9.7000026e+01 9.8499984e+01 9.6999968e+01 9.8499979e+01 9.8250019e+01 9.6000053e+01 1.0700012e+02 1.2650020e+02 1.3800022e+02 1.3800018e+02 1.2550016e+02 1.0800009e+02 1.0000000e+02 1.1150008e+02 1.2400021e+02 1.2400025e+02 1.1475020e+02 9.5750124e+01 7.6500058e+01 6.2500016e+01 5.3249997e+01 4.7249992e+01 4.3999989e+01 4.2249987e+01 4.0499989e+01 4.3750019e+01 4.8750024e+01 4.5250008e+01 4.0500005e+01 3.9750003e+01 3.8750003e+01 3.8000000e+01 3.8000000e+01 3.8000000e+01 3.8000000e+01 3.8000000e+01 3.8250003e+01 3.8250003e+01 3.8000000e+01 3.8000000e+01 3.8250003e+01 3.8750008e+01 3.9000011e+01 3.9250008e+01 3.9250008e+01 3.9000011e+01
8.6499928e+01 9.1749907e+01 8.5749967e+01 8.4249997e+01 9.4500000e+01 1.0000000e+02 1.0000000e+02 1.0025000e+02 9.6999994e+01 9.0500006e+01 9.3000036e+01 9.9250099e+01 1.0375016e+02 1.0900014e+02 1.0450007e+02 9.6250039e+01 9.6250045e+01 1.0025004e+02 9.8750069e+01 9.2000102e+01 8.5000126e+01 7.6750087e+01 6.7500042e+01 5.9750015e+01 5.3749997e+01 4.9499982e+01 4.6999976e+01 4.5249979e+01 4.3499976e+01 4.2749991e+01 4.4250027e+01 4.2750021e+01 4.0000000e+01 3.9749997e+01 3.8749997e+01 3.8000000e+01 3.8000000e+01 3.8000000e+01 3.8000000e+01 3.8000000e+01 3.8000000e+01 3.8000000e+01 3.8000000e+01 3.8000000e+01 3.8000000e+01 3.8000000e+01 3.8000000e+01 3.8250003e+01 3.8250003e+01 3.8000000e+01
9.6249950e+01 9.9749997e+01 9.1999953e+01 8.4250003e+01 8.7750090e+01 9.6250050e+01 1.0000000e+02 9.9500007e+01 9.6250017e+01 8.7000040e+01 8.1250117e+01 8.0000147e+01 7.9750144e+01 8.2750191e+01 8.4750191e+01 8.4500114e+01 8.9750037e+01 9.5750010e+01 9.4499980e+01 8.4499987e+01 7.1750037e+01 6.6000047e+01 6.1750030e+01 5.8250003e+01 5.5499980e+01 5.2999973e+01 5.0999973e+01 4.8999973e+01 4.7249977e+01 4.5249977e+01 4.3499980e+01 4.1999987e+01 4.0749990e+01 4.0249997e+01 3.9499993e+01 3.8499993e+01 3.8000000e+01 3.8000000e+01 3.8000000e+01 3.8000000e+01 3.8000000e+01 3.7500007e+01 3.7000013e+01 3.7250010e+01 3.7500007e+01 3.7750003e+01 3.7750003e+01 3.7500007e+01 3.7250010e+01 3.7000013e+01
9.9250011e+01 9.9750004e+01 9.7499970e+01 8.9749915e+01 8.5749930e+01 8.7750070e+01 8.8250174e+01 8.7000178e+01 8.4000163e+01 7.6500111e+01 6.8000067e+01 6.4000074e+01 6.3500081e+01 6.4500059e+01 6.6750056e+01 7.0500081e+01 7.7750137e+01 8.2500185e+01 8.1250218e+01 7.4000170e+01 6.4750063e+01 6.0750026e+01 5.8750011e+01 5.8000000e+01 5.7499993e+01 5.5999985e+01 5.3999985e+01 5.2499978e+01 5.0999970e+01 4.8499978e+01 4.5999985e+01 4.3999985e+01 4.2249989e+01 4.0749996e+01 4.0000000e+01 3.9000000e+01 3.8000000e+01 3.8000000e+01 3.8000000e+01 3.8000000e+01 3.7750004e+01 3.6750004e+01 3.6000000e+01 3.6250004e+01 3.6500007e+01 3.6750011e+01 3.6500015e+01 3.6250011e+01 3.6250004e+01 3.5750004e+01
9.5750045e+01 9.6250053e+01 9.5500065e+01 9.1750061e+01 9.1999976e+01 9.1499862e+01 8.8249809e+01 8.5249834e+01 7.6249947e+01 6.6000049e+01 6.0750045e+01 5.8250012e+01 5.7250012e+01 5.9250020e+01 6.2500008e+01 6.4500008e+01 6.5750045e+01 6.5500073e+01 6.3250053e+01 6.0750028e+01 5.9250020e+01 5.8000016e+01 5.7500008e+01 5.8000000e+01 5.8000000e+01 5.7000000e+01 5.5499992e+01 5.4499992e+01 5.3000000e+01 5.0000000e+01 4.7000000e+01 4.5000000e+01 4.3000000e+01 4.1000000e+01 4.0000000e+01 3.9499992e+01 3.8499992e+01 3.8000000e+01 3.8000000e+01 3.8000000e+01 3.7749996e+01 3.6749996e+01 3.6000000e+01 3.6000000e+01 3.5500008e+01 3.4500024e+01 3.3750028e+01 3.4250020e+01 3.5000016e+01 3.4750012e+01
9.4499974e+01 9.1750022e+01 8.9500035e+01 8.5500044e+01 8.6000132e+01 9.1000159e+01 9.2250137e+01 8.6500159e+01 7.2750119e+01 6.2500009e+01 6.5499868e+01 6.6249846e+01 5.9499947e+01 5.8000000e+01 6.0500026e+01 6.2500026e+01 6.2500009e+01 6.1000000e+01 5.9500009e+01 5.8500009e+01 5.7750004e+01 5.6750004e+01 5.6500009e+01 5.7500009e+01 5.8000000e+01 5.7499991e+01 5.6499991e+01 5.5000000e+01 5.3000000e+01 4.9750004e+01 4.6750004e+01 4.5499991e+01 4.3499991e+01 4.1249996e+01 4.0249996e+01 4.0000000e+01 3.9249996e+01 3.8249996e+01 3.8000000e+01 3.8000000e+01 3.8000000e+01 3.7499991e+01 3.6499991e+01 3.5500009e+01 3.4500009e+01 3.3499991e+01 3.2749987e+01 3.2000018e+01 3.2750022e+01 3.4000000e+01
9.8499952e+01 9.4749919e+01 9.3249890e+01 9.0249862e+01 8.4499886e+01 8.5749929e+01 9.0499886e+01 8.7499810e+01 7.3749852e+01 6.8749871e+01 8.2499819e+01 8.1249881e+01 6.6749919e+01 6.0999943e+01 5.9499990e+01 6.1000000e+01 6.2000000e+01 6.1000000e+01 5.9000000e+01 5.8000000e+01 5.7749995e+01 5.6749995e+01 5.6000000e+01 5.7000000e+01 5.8000000e+01 5.8000000e+01 5.7000000e+01 5.5000000e+01 5.2750005e+01 4.9500000e+01 4.6749995e+01 4.5750005e+01 4.3750005e+01 4.1749995e+01 4.1249986e+01 4.0499990e+01 3.9749995e+01 3.8749995e+01 3.8000000e+01 3.8000000e+01 3.8000000e+01 3.8000000e+01 3.7000000e+01 3.5249995e+01 3.4249995e+01 3.3000019e+01 3.0750052e+01 2.8250052e+01 3.0500019e+01 3.4000000e+01
1.0100000e+02 9.9999980e+01 9.9249995e+01 9.8499980e+01 9.5249903e+01 9.4249903e+01 9.5750015e+01 9.0500143e+01 8.1999990e+01 8.5499795e+01 9.2749985e+01 9.0499939e+01 7.8749841e+01 6.5499969e+01 6.0999980e+01 6.1499990e+01 6.2000000e+01 6.1000000e+01 5.9499990e+01 5.8999980e+01 5.8499990e+01 5.7499990e+01 5.6749985e+01 5.6750005e+01 5.7000020e+01 5.7000020e+01 5.6000020e+01 5.4000020e+01 5.1750015e+01 4.9749995e+01 4.7499990e+01 4.5250005e+01 4.3749995e+01 4.2499990e+01 4.1750005e+01 4.0750005e+01 4.0000000e+01 3.9499990e+01 3.8499990e+01 3.8000000e+01 3.8000000e+01 3.8000000e+01 3.7000000e+01 3.5500000e+01 3.4500000e+01 3.2499990e+01 3.0249954e+01 2.9499918e+01 3.1499959e+01 3.2750026e+01
9.4500142e+01 9.4750137e+01 9.2000164e+01 9.2500153e+01 9.7750049e+01 9.5500077e+01 8.9250126e+01 8.2250027e+01 8.4249962e+01 9.5500000e+01 9.0000077e+01 8.3750213e+01 7.6750213e+01 6.5000044e+01 6.2999978e+01 6.2999978e+01 6.2499989e+01 6.1499989e+01 6.0499989e+01 6.0000000e+01 5.9749984e+01 5.8749984e+01 5.7000011e+01 5.5000033e+01 5.5000022e+01 5.5500011e+01 5.4000022e+01 5.2250016e+01 5.0750005e+01 4.9500011e+01 4.7750005e+01 4.5249995e+01 4.4000000e+01 4.3499989e+01 4.1749995e+01 4.0250005e+01 4.0000000e+01 4.0000000e+01 3.9000000e+01 3.8000000e+01 3.8000000e+01 3.8000000e+01 3.7000000e+01 3.5250005e+01 3.4250005e+01 3.3499989e+01 3.3249984e+01 3.3250005e+01 3.2250027e+01 3.0250027e+01
8.6750029e+01 8.5250076e+01 8.1750064e+01 8.0250122e+01 8.4750250e+01 8.3500198e+01 7.8250122e+01 7.6750099e+01 7.9500151e+01 8.4750250e+01 8.6999988e+01 8.0249854e+01 6.7999977e+01 6.3999977e+01 6.4249994e+01 6.4000000e+01 6.3499988e+01 6.2999977e+01 6.2749959e+01 6.2499942e+01 6.2749948e+01 6.1499953e+01 5.7499977e+01 5.3999988e+01 5.4499988e+01 5.4500012e+01 5.2000023e+01 5.0750017e+01 5.0000012e+01 4.8750006e+01 4.7250006e+01 4.5250006e+01 4.4000000e+01 4.3500012e+01 4.1500012e+01 4.0000000e+01 4.0000000e+01 4.0000000e+01 3.9499988e+01 3.8749983e+01 3.8249994e+01 3.8000000e+01 3.7000000e+01 3.5000000e+01 3.4000000e+01 3.3250017e+01 3.2250041e+01 3.1500035e+01 3.0000023e+01 2.8250017e+01
8.9499901e+01 8.5999901e+01 8.2749907e+01 7.8999901e+01 7.5999951e+01 7.5000000e+01 7.3499988e+01 7.2749994e+01 7.2500012e+01 7.2500037e+01 7.8500222e+01 7.7000235e+01 6.7500037e+01 6.5249994e+01 6.4500000e+01 6.4499988e+01 6.4999975e+01 6.5749957e+01 6.7499926e+01 6.8249920e+01 6.7499938e+01 6.5749944e+01 6.0999938e+01 5.6749944e+01 5.5749981e+01 5.3250019e+01 5.0000025e+01 4.9000025e+01 4.8750019e+01 4.7750019e+01 4.6500012e+01 4.4500012e+01 4.3500012e+01 4.3000000e+01 4.1499988e+01 4.0499988e+01 3.9750006e+01 3.9750006e+01 4.0000000e+01 3.9250006e+01 3.8250006e+01 3.8000000e+01 3.7000000e+01 3.5499988e+01 3.4000000e+01 3.1750019e+01 2.9750019e+01 2.9000025e+01 2.8500012e+01 2.7749994e+01
9.6749915e+01 9.4999869e+01 9.2499843e+01 8.6999896e+01 7.9499961e+01 7.5249993e+01 7.4000000e+01 7.3000000e+01 7.2000000e+01 7.1000000e+01 6.9250007e+01 6.7749993e+01 6.6499987e+01 6.8249928e+01 6.7749915e+01 6.5999974e+01 6.7999948e+01 7.0749915e+01 7.4999882e+01 7.8249824e+01 7.7999791e+01 7.3499856e+01 6.5999935e+01 5.9999974e+01 5.6500000e+01 5.2999987e+01 4.9999974e+01 4.8499987e+01 4.8000000e+01 4.7249993e+01 4.6000000e+01 4.3750007e+01 4.2500013e+01 4.2500013e+01 4.1750007e+01 4.0750007e+01 3.9250007e+01 3.9250007e+01 4.0000000e+01 3.9000000e+01 3.8000000e+01 3.7750007e+01 3.6750007e+01 3.6000000e+01 3.4499987e+01 3.1749980e+01 2.9749980e+01 2.8499987e+01 2.8000000e+01 2.8000000e+01
9.9750007e+01 9.9750007e+01 9.6750048e+01 9.1249993e+01 8.2499959e+01 7.6249979e+01 7.4749979e+01 7.1500041e+01 6.9750062e+01 6.9750034e+01 6.8750007e+01 6.8249993e+01 7.0999890e+01 7.9249773e+01 7.6499849e+01 7.0999890e+01 7.6499821e+01 7.9249855e+01 8.5249842e+01 9.1749814e+01 9.2499821e+01 8.3499876e+01 6.9499972e+01 6.1249993e+01 5.6749993e+01 5.4249979e+01 5.1999972e+01 4.9999972e+01 4.8999972e+01 4.8249979e+01 4.6249993e+01 4.3999986e+01 4.2999972e+01 4.2499986e+01 4.1250007e+01 4.0250007e+01 3.9499986e+01 3.9000000e+01 3.9250021e+01 3.9249993e+01 3.8499986e+01 3.7250007e+01 3.6250007e+01 3.6000000e+01 3.5499986e+01 3.3249979e+01 3.1749966e+01 3.1249938e+01 2.9749952e+01 2.8749979e+01
9.9250007e+01 9.9250007e+01 9.4000029e+01 8.6500145e+01 7.9750123e+01 7.2250137e+01 7.2500087e+01 7.5499841e+01 7.5749761e+01 7.3749848e+01 7.0249949e+01 6.9249978e+01 7.1500101e+01 8.2250152e+01 8.1500014e+01 7.9249877e+01 8.6749891e+01 8.5999957e+01 9.1000000e+01 9.8000014e+01 9.6750065e+01 8.5000087e+01 6.9750022e+01 6.1000014e+01 5.6750007e+01 5.4750007e+01 5.3000000e+01 5.1499986e+01 5.0999971e+01 4.9999971e+01 4.6999986e+01 4.4749993e+01 4.4249993e+01 4.3249993e+01 4.1249993e+01 4.0000000e+01 4.0499986e+01 4.0499957e+01 3.9249978e+01 3.8750022e+01 3.8000029e+01 3.6500014e+01 3.6000000e+01 3.6000000e+01 3.6000000e+01 3.4499986e+01 3.3499986e+01 3.3749993e+01 3.2249978e+01 3.0249978e+01
9.9249992e+01 9.8500015e+01 9.1500046e+01 8.0250038e+01 7.3250068e+01 6.6250038e+01 7.5999803e+01 9.0749704e+01 9.1499772e+01 8.8249719e+01 8.1749704e+01 7.7999757e+01 7.2749856e+01 7.7000000e+01 7.9500046e+01 8.4499970e+01 9.4499879e+01 9.2499848e+01 9.4749886e+01 9.8749962e+01 9.4250008e+01 8.0750038e+01 6.7500046e+01 6.0000015e+01 5.6749992e+01 5.5249977e+01 5.4499954e+01 5.3749947e+01 5.3249962e+01 5.1999970e+01 4.8999954e+01 4.6999939e+01 4.6499939e+01 4.4499970e+01 4.1999985e+01 4.0999970e+01 4.1000000e+01 4.1000030e+01 4.0000000e+01 3.8499985e+01 3.7000000e+01 3.6000000e+01 3.6000000e+01 3.6000000e+01 3.6000000e+01 3.5249992e+01 3.4499985e+01 3.3750008e+01 3.3000000e+01 3.1999970e+01
