visualization/geoclaw_output/chile2010/eta_0005.asc
ncols     360
nrows     360
xllcorner -1.199166666650000e+02
yllcorner -5.991666666500000e+01
cellsize  1.666666700000000e-01
nodata_value       -9999
[rows 0 to 21 of 360, columns 250 to 299 of 360]
2.9284998e+03 3.8645001e+03 3.5150003e+03 2.1620001e+03 1.3585000e+03 8.8549992e+02 5.6850004e+02 4.1250004e+02 3.2525000e+02 3.0225001e+02 2.9800001e+02 2.8600001e+02 2.6225000e+02 2.5300000e+02 2.5225001e+02 2.4000000e+02 2.1400000e+02 2.0225000e+02 1.9875000e+02 1.8499999e+02 1.7474999e+02 1.6025000e+02 1.4225000e+02 1.3675001e+02 1.2975001e+02 1.3475001e+02 1.5075001e+02 1.6025000e+02 1.7149999e+02 1.6874999e+02 1.4100000e+02 1.3175001e+02 1.7575004e+02 2.0975004e+02 1.9325003e+02 1.6500002e+02 1.5150001e+02 1.6400000e+02 1.8550000e+02 1.9300000e+02 1.8700001e+02 1.8725002e+02 1.5575000e+02 1.1024999e+02 1.3000001e+02 1.4550002e+02 1.2250001e+02 1.3700002e+02 1.6975003e+02 1.8025001e+02
3.4184997e+03 3.7757500e+03 2.8550004e+03 1.9969999e+03 1.6752494e+03 1.0317499e+03 4.7325009e+02 3.2725005e+02 3.0825002e+02 2.8525000e+02 2.7425001e+02 2.6650001e+02 2.5875000e+02 2.5050000e+02 2.4025000e+02 2.3450000e+02 2.1950000e+02 2.0399999e+02 2.0100000e+02 1.9649999e+02 1.8824999e+02 1.7274999e+02 1.5299997e+02 1.3749998e+02 1.2574999e+02 1.2075000e+02 1.2500002e+02 1.3725004e+02 1.5725005e+02 1.6825003e+02 1.4750000e+02 1.1599999e+02 1.1250002e+02 1.2400005e+02 1.2625005e+02 1.2175003e+02 1.3275001e+02 1.6949998e+02 1.8150001e+02 1.7700003e+02 1.6075002e+02 1.4400004e+02 1.4650002e+02 1.2275000e+02 1.0650002e+02 1.0625003e+02 1.0300002e+02 1.0000001e+02 1.1400004e+02 1.3275006e+02
3.9737486e+03 3.9109995e+03 2.8094995e+03 2.1967494e+03 1.8525004e+03 9.7750033e+02 3.8875015e+02 3.0050001e+02 2.9700000e+02 2.8425000e+02 2.7000000e+02 2.6125001e+02 2.5400002e+02 2.4425002e+02 2.3450002e+02 2.2950002e+02 2.1900001e+02 2.0600000e+02 2.0100001e+02 2.0074999e+02 1.9599998e+02 1.8499998e+02 1.7199998e+02 1.5624997e+02 1.3899997e+02 1.2524998e+02 1.1974999e+02 1.2000000e+02 1.2425004e+02 1.3075008e+02 1.2800007e+02 1.1350002e+02 1.0274999e+02 1.0100000e+02 1.0175001e+02 1.0325001e+02 1.1725004e+02 1.4275013e+02 1.6750004e+02 1.5475003e+02 1.4725001e+02 1.4099994e+02 1.2675004e+02 1.2400000e+02 1.0449997e+02 9.5999989e+01 9.4249997e+01 9.2750006e+01 9.4250004e+01 1.0050001e+02
4.0245017e+03 3.6710019e+03 2.6660014e+03 1.9635020e+03 1.4890012e+03 8.0225041e+02 3.7374987e+02 3.0124999e+02 2.9475001e+02 2.8425000e+02 2.7299998e+02 2.6349998e+02 2.5224999e+02 2.3999999e+02 2.2925000e+02 2.2025002e+02 2.1375002e+02 2.0500000e+02 2.0449998e+02 2.1199995e+02 2.0649997e+02 1.9200000e+02 1.7850000e+02 1.6624999e+02 1.5224997e+02 1.3924996e+02 1.3099997e+02 1.2524998e+02 1.1924997e+02 1.0550001e+02 1.0350002e+02 1.1874995e+02 1.1374995e+02 1.0175000e+02 1.0100000e+02 1.0050000e+02 1.0350001e+02 9.9000037e+01 1.5400001e+02 1.5099998e+02 1.2050012e+02 1.5575001e+02 1.3149992e+02 1.4124991e+02 1.3499989e+02 9.6000015e+01 9.6249994e+01 9.1999995e+01 9.1750006e+01 9.7000005e+01
3.4245016e+03 2.7677533e+03 1.8957531e+03 1.2650019e+03 1.0317514e+03 6.1475066e+02 3.6600022e+02 3.1499993e+02 2.9999995e+02 2.8574999e+02 2.7425002e+02 2.6150004e+02 2.4850004e+02 2.3725003e+02 2.2675001e+02 2.1600000e+02 2.0725002e+02 2.0050003e+02 2.1774995e+02 2.3199993e+02 2.1225000e+02 1.9025002e+02 1.7500002e+02 1.6475002e+02 1.5700000e+02 1.4875000e+02 1.3999999e+02 1.3249998e+02 1.2624999e+02 1.0749998e+02 1.0724995e+02 1.2975000e+02 1.1950002e+02 1.0249999e+02 1.0250000e+02 1.0125000e+02 1.0050000e+02 9.5749973e+01 1.2500017e+02 1.2350020e+02 9.3250014e+01 1.2550017e+02 1.2450015e+02 1.2650021e+02 1.2575020e+02 9.4499990e+01 9.3750024e+01 9.0750014e+01 8.9000010e+01 9.4250011e+01
3.0525009e+03 2.0607514e+03 1.2442512e+03 7.7400149e+02 6.6475115e+02 4.5125046e+02 3.2050009e+02 3.1575008e+02 3.0025006e+02 2.8400003e+02 2.6925002e+02 2.5325002e+02 2.4025001e+02 2.3050002e+02 2.2200002e+02 2.1275003e+02 2.0325001e+02 1.9600000e+02 2.0700015e+02 2.1525021e+02 2.0025010e+02 1.8300003e+02 1.7025001e+02 1.6374999e+02 1.5724999e+02 1.4850001e+02 1.4200000e+02 1.3550000e+02 1.2874999e+02 1.1674996e+02 1.1250002e+02 1.1975008e+02 1.1475001e+02 1.0699997e+02 1.0549998e+02 1.0324999e+02 1.0199999e+02 1.0074999e+02 9.8999992e+01 9.4749975e+01 9.2999984e+01 9.5250021e+01 9.7500023e+01 9.6499981e+01 9.6749986e+01 9.5750002e+01 9.0749994e+01 8.7000012e+01 8.5750014e+01 9.0000019e+01
3.0047493e+03 1.7847509e+03 9.6675108e+02 5.7775004e+02 5.0275013e+02 4.0349990e+02 3.0800001e+02 3.0375001e+02 2.9125002e+02 2.7650004e+02 2.6275004e+02 2.4575005e+02 2.3300005e+02 2.2575003e+02 2.1650002e+02 2.0650002e+02 1.9900003e+02 1.9300002e+02 1.8700001e+02 1.8450003e+02 1.8275005e+02 1.7475003e+02 1.6800001e+02 1.6525000e+02 1.5725001e+02 1.4725000e+02 1.4125001e+02 1.3550000e+02 1.2875001e+02 1.2175001e+02 1.1374997e+02 1.1249997e+02 1.1424999e+02 1.1174999e+02 1.0949999e+02 1.0724998e+02 1.0574998e+02 1.0274999e+02 1.0025000e+02 9.8749993e+01 9.6249989e+01 9.5499973e+01 9.6499982e+01 9.6250025e+01 9.4750034e+01 9.4750007e+01 9.5249966e+01 9.3499927e+01 8.8749956e+01 8.6000014e+01
2.9667512e+03 1.7857490e+03 8.7949967e+02 5.9449977e+02 4.7000020e+02 4.1275002e+02 3.3249973e+02 3.0175001e+02 2.8900001e+02 2.7449998e+02 2.5850000e+02 2.3625004e+02 2.2000008e+02 2.1350010e+02 2.0600008e+02 1.9950005e+02 1.9300003e+02 1.8875002e+02 1.8525001e+02 1.8075000e+02 1.7675001e+02 1.7100000e+02 1.6500002e+02 1.6050005e+02 1.5425002e+02 1.4774999e+02 1.4124999e+02 1.3450001e+02 1.2725001e+02 1.1925002e+02 1.1500002e+02 1.1450002e+02 1.1400001e+02 1.1275000e+02 1.1100000e+02 1.0975000e+02 1.0899999e+02 1.0425000e+02 9.8250024e+01 9.8000016e+01 9.8749987e+01 9.9249992e+01 9.8999995e+01 9.4499989e+01 9.0750003e+01 9.1750024e+01 9.4250050e+01 9.4750071e+01 8.9500042e+01 8.3250013e+01
3.0472477e+03 1.9084997e+03 9.7424924e+02 6.5524953e+02 4.5075001e+02 3.8125036e+02 3.3600027e+02 3.0749992e+02 2.9324994e+02 2.7724999e+02 2.5700002e+02 2.3324999e+02 2.1474997e+02 2.0499999e+02 1.9899999e+02 1.9425001e+02 1.8900001e+02 1.8550002e+02 1.8250002e+02 1.7850002e+02 1.7525001e+02 1.7125000e+02 1.6325000e+02 1.5550001e+02 1.4950003e+02 1.4550004e+02 1.4000002e+02 1.3225002e+02 1.2525001e+02 1.1650001e+02 1.1100002e+02 1.1075003e+02 1.1125002e+02 1.1100002e+02 1.1025001e+02 1.1224997e+02 1.1524994e+02 1.0874995e+02 9.8749967e+01 9.7999982e+01 1.0000000e+02 9.9000012e+01 9.8000018e+01 9.5999994e+01 9.2499976e+01 9.0749985e+01 9.0749985e+01 8.8999988e+01 8.5500000e+01 8.2749991e+01
2.9442539e+03 2.0697482e+03 1.2042478e+03 6.7025033e+02 4.6774976e+02 3.9549941e+02 3.4874953e+02 3.4199962e+02 3.1549977e+02 2.6750014e+02 2.4950008e+02 2.3000006e+02 2.1225006e+02 2.0300004e+02 1.9775003e+02 1.9225002e+02 1.8725001e+02 1.8350001e+02 1.8000001e+02 1.7625000e+02 1.7275002e+02 1.6850004e+02 1.6275001e+02 1.5574999e+02 1.4774999e+02 1.4100002e+02 1.3475004e+02 1.2775004e+02 1.2175003e+02 1.1450001e+02 1.0850001e+02 1.0725002e+02 1.0750003e+02 1.0750003e+02 1.0750003e+02 1.1450000e+02 1.3099986e+02 1.3174975e+02 1.1049988e+02 9.9000007e+01 9.9500007e+01 9.8249997e+01 9.7999980e+01 9.8249977e+01 9.7249963e+01 9.5999946e+01 9.5999946e+01 9.5249930e+01 9.2499906e+01 9.1249896e+01
2.5280018e+03 1.9027545e+03 1.1467533e+03 6.3100022e+02 4.6875025e+02 4.0925045e+02 3.5475043e+02 3.3175057e+02 3.0325044e+02 2.5575002e+02 2.4175003e+02 2.2799996e+02 2.1299992e+02 2.0349995e+02 1.9674998e+02 1.9100000e+02 1.8550001e+02 1.8175002e+02 1.7875001e+02 1.7475002e+02 1.6875003e+02 1.6300004e+02 1.6000003e+02 1.5525002e+02 1.4899999e+02 1.4224996e+02 1.3474995e+02 1.2749996e+02 1.1975000e+02 1.1300001e+02 1.0775000e+02 1.0525001e+02 1.0500001e+02 1.0525000e+02 1.0450001e+02 1.1025006e+02 1.4025002e+02 1.7124969e+02 1.6374934e+02 1.3999939e+02 1.1499976e+02 9.7750011e+01 9.8500015e+01 1.0000000e+02 1.0000000e+02 1.0000000e+02 1.0000000e+02 1.0025000e+02 9.9749996e+01 9.9000000e+01
2.4127499e+03 1.5650006e+03 9.5324951e+02 6.4449954e+02 4.6024987e+02 3.9924967e+02 3.5224957e+02 3.0124987e+02 2.7300001e+02 2.5325002e+02 2.3025016e+02 2.2000017e+02 2.1200011e+02 2.0375005e+02 1.9700002e+02 1.9050001e+02 1.8450000e+02 1.7975001e+02 1.7575004e+02 1.7075004e+02 1.6475003e+02 1.5950002e+02 1.5650002e+02 1.5300002e+02 1.4925000e+02 1.4549999e+02 1.3924998e+02 1.3124998e+02 1.2224996e+02 1.1474996e+02 1.0849998e+02 1.0475000e+02 1.0400001e+02 1.0475000e+02 1.0424999e+02 1.0400003e+02 1.2150028e+02 1.4450077e+02 1.6250074e+02 1.6550026e+02 1.2925003e+02 9.9249964e+01 9.8499984e+01 1.0000000e+02 1.0000000e+02 1.0000000e+02 1.0000000e+02 9.9500008e+01 9.8500024e+01 9.7000032e+01
2.4312498e+03 1.6239983e+03 1.0642486e+03 6.9774956e+02 4.7449989e+02 4.1350011e+02 3.7175013e+02 3.2799966e+02 2.8499978e+02 2.5499995e+02 2.3324978e+02 2.1524990e+02 2.0525000e+02 1.9850004e+02 1.9350004e+02 1.8825003e+02 1.8375001e+02 1.7974999e+02 1.7474998e+02 1.6874999e+02 1.6300000e+02 1.5825000e+02 1.5475000e+02 1.5175000e+02 1.4875000e+02 1.4600000e+02 1.4124999e+02 1.3374998e+02 1.2574998e+02 1.1749999e+02 1.0950000e+02 1.0500000e+02 1.0325000e+02 1.0375001e+02 1.0500000e+02 1.0374997e+02 1.0350001e+02 9.8749969e+01 1.0800016e+02 1.2375045e+02 1.1175028e+02 9.9000044e+01 9.9500000e+01 9.9500009e+01 9.8250031e+01 9.8750022e+01 1.0000000e+02 9.9499991e+01 9.7999982e+01 9.6499974e+01
2.2907529e+03 1.5100040e+03 1.0992509e+03 7.3324980e+02 4.7725006e+02 4.2174973e+02 3.6824993e+02 3.3875016e+02 2.9550004e+02 2.5750001e+02 2.4600000e+02 2.2849986e+02 2.1249986e+02 2.0074992e+02 1.9125000e+02 1.8500003e+02 1.8175002e+02 1.7975001e+02 1.7575000e+02 1.6825002e+02 1.6125003e+02 1.5750001e+02 1.5425000e+02 1.5075001e+02 1.4775001e+02 1.4550001e+02 1.4200000e+02 1.3624998e+02 1.2849997e+02 1.1849999e+02 1.0925000e+02 1.0475000e+02 1.0300000e+02 1.0300000e+02 1.0450001e+02 1.0525000e+02 1.0349999e+02 1.0075000e+02 9.9499990e+01 9.8999981e+01 9.7249976e+01 9.6000010e+01 9.6750052e+01 9.6500048e+01 9.4750033e+01 9.4750052e+01 9.7750043e+01 1.0000000e+02 1.0024998e+02 9.9999962e+01
1.9210045e+03 1.1492531e+03 9.3200249e+02 6.4525202e+02 4.4975050e+02 4.1625040e+02 3.6225020e+02 3.1875024e+02 2.8950008e+02 2.5799998e+02 2.4325006e+02 2.3475003e+02 2.2174996e+02 2.0799994e+02 1.9524992e+02 1.8499997e+02 1.7975002e+02 1.7800002e+02 1.7475002e+02 1.6675001e+02 1.5950000e+02 1.5724999e+02 1.5424999e+02 1.5074998e+02 1.4824997e+02 1.4549999e+02 1.4249999e+02 1.3824998e+02 1.3174996e+02 1.2249993e+02 1.1274992e+02 1.0699995e+02 1.0424997e+02 1.0324999e+02 1.0350001e+02 1.0375003e+02 1.0300002e+02 1.0149999e+02 1.0049999e+02 1.0000000e+02 9.9499980e+01 9.8499939e+01 9.7499928e+01 9.6999939e+01 9.6249934e+01 9.3249974e+01 9.2250066e+01 9.4750107e+01 9.7500082e+01 1.0000004e+02
1.5150041e+03 9.7975037e+02 8.6549880e+02 5.7224944e+02 3.9600065e+02 3.7425049e+02 3.3900030e+02 2.9475027e+02 2.7350026e+02 2.5475009e+02 2.4025001e+02 2.3125005e+02 2.2025007e+02 2.0975003e+02 1.9999998e+02 1.8874995e+02 1.7924999e+02 1.7600002e+02 1.7350001e+02 1.6749998e+02 1.6099997e+02 1.5874997e+02 1.5699995e+02 1.5424994e+02 1.5149996e+02 1.4799996e+02 1.4424997e+02 1.3949999e+02 1.3399999e+02 1.2774996e+02 1.1924994e+02 1.1199995e+02 1.0824994e+02 1.0624994e+02 1.0499996e+02 1.0374997e+02 1.0274998e+02 1.0175001e+02 1.0050001e+02 1.0000000e+02 1.0000001e+02 1.0075002e+02 1.0100000e+02 1.0024999e+02 9.9000011e+01 9.4250005e+01 8.8750005e+01 8.8250027e+01 9.0250071e+01 9.2250126e+01
1.1552540e+03 9.5275024e+02 8.3075209e+02 5.0525216e+02 3.3825066e+02 3.3200047e+02 3.1775018e+02 2.8349998e+02 2.5925005e+02 2.4800006e+02 2.3775005e+02 2.2900000e+02 2.1724999e+02 2.0675004e+02 1.9925004e+02 1.8975003e+02 1.7925001e+02 1.7375003e+02 1.7125004e+02 1.6725003e+02 1.6175002e+02 1.5825004e+02 1.5625008e+02 1.5450006e+02 1.5250002e+02 1.4950001e+02 1.4500001e+02 1.3925002e+02 1.3300003e+02 1.2875002e+02 1.2399995e+02 1.1749993e+02 1.1374994e+02 1.1174994e+02 1.0899995e+02 1.0624997e+02 1.0424998e+02 1.0174999e+02 1.0000000e+02 1.0000000e+02 9.9749994e+01 9.9750006e+01 9.9250041e+01 9.8000058e+01 9.5750064e+01 9.1750052e+01 8.7750017e+01 8.9249948e+01 9.0249924e+01 8.7499977e+01
9.3250126e+02 7.9625361e+02 6.2550285e+02 4.0025030e+02 2.9900027e+02 3.0625014e+02 3.0625009e+02 2.8400001e+02 2.5924994e+02 2.4649998e+02 2.3550000e+02 2.2700005e+02 2.1650002e+02 2.0450001e+02 1.9650002e+02 1.8850000e+02 1.7974998e+02 1.7225001e+02 1.6800004e+02 1.6425004e+02 1.5950004e+02 1.5525003e+02 1.5150004e+02 1.5000005e+02 1.5025003e+02 1.4924999e+02 1.4499999e+02 1.3800001e+02 1.3100001e+02 1.2700002e+02 1.2425004e+02 1.2000001e+02 1.1525003e+02 1.1125008e+02 1.0900005e+02 1.0700001e+02 1.0450001e+02 1.0175001e+02 1.0000000e+02 1.0000000e+02 1.0000000e+02 9.9749994e+01 9.7999988e+01 9.5999988e+01 9.3249994e+01 9.1999938e+01 9.2249870e+01 9.5249907e+01 9.6249932e+01 9.1999914e+01
8.2425150e+02 7.0274862e+02 5.5999869e+02 3.9774975e+02 3.0574954e+02 3.0025001e+02 2.9900009e+02 2.8050008e+02 2.6000004e+02 2.4700001e+02 2.3425003e+02 2.2250007e+02 2.1400004e+02 2.0400000e+02 1.9550000e+02 1.8800001e+02 1.8000001e+02 1.7224999e+02 1.6600001e+02 1.6150003e+02 1.5700003e+02 1.5275003e+02 1.4925002e+02 1.4675003e+02 1.4800003e+02 1.4950000e+02 1.4475002e+02 1.3550005e+02 1.2800007e+02 1.2400005e+02 1.2100004e+02 1.1750005e+02 1.1225005e+02 1.0750001e+02 1.0600003e+02 1.0550003e+02 1.0424999e+02 1.0174999e+02 1.0000000e+02 1.0000000e+02 1.0000000e+02 1.0000000e+02 9.9249980e+01 9.8249954e+01 9.6749915e+01 9.7249928e+01 9.8749967e+01 9.9749980e+01 9.9749980e+01 9.7749941e+01
8.2299846e+02 7.6899963e+02 5.8275075e+02 4.3374928e+02 3.3699963e+02 2.8750034e+02 2.9250008e+02 2.7750000e+02 2.5775002e+02 2.4500004e+02 2.3349999e+02 2.1950001e+02 2.1150003e+02 2.0449999e+02 1.9550000e+02 1.8600004e+02 1.7750006e+02 1.7175002e+02 1.6574999e+02 1.6025001e+02 1.5525002e+02 1.5075002e+02 1.4775002e+02 1.4475002e+02 1.4450007e+02 1.4575010e+02 1.4050010e+02 1.2975010e+02 1.2150011e+02 1.1825010e+02 1.1700007e+02 1.1400004e+02 1.0925003e+02 1.0600003e+02 1.0425002e+02 1.0350003e+02 1.0325003e+02 1.0150001e+02 9.9750007e+01 9.9250021e+01 9.9500014e+01 1.0000000e+02 1.0000000e+02 1.0024999e+02 1.0024999e+02 1.0000000e+02 1.0000000e+02 1.0074999e+02 1.0074999e+02 9.9750007e+01
9.3674833e+02 8.6424763e+02 6.1549826e+02 4.6549984e+02 3.5849977e+02 2.6825020e+02 2.8300019e+02 2.7725001e+02 2.5974992e+02 2.3800016e+02 2.2850016e+02 2.1600009e+02 2.0850006e+02 2.0325005e+02 1.9350006e+02 1.8524998e+02 1.7724995e+02 1.7025002e+02 1.6649999e+02 1.6349990e+02 1.5749991e+02 1.5024999e+02 1.4600003e+02 1.4350001e+02 1.4100003e+02 1.3925008e+02 1.3375009e+02 1.2250010e+02 1.1425009e+02 1.1175008e+02 1.1150009e+02 1.0950009e+02 1.0625005e+02 1.0475001e+02 1.0325001e+02 1.0225001e+02 1.0150001e+02 1.0050001e+02 9.9500000e+01 9.8500000e+01 9.9000000e+01 1.0000000e+02 9.9750007e+01 9.9000043e+01 9.9500029e+01 1.0000000e+02 9.8750036e+01 9.9750036e+01 1.0100000e+02 9.9999986e+01
9.8300035e+02 8.6500246e+02 5.6900323e+02 4.6825008e+02 3.7574972e+02 2.5600017e+02 2.6800026e+02 2.7250014e+02 2.5100035e+02 2.2875011e+02 2.1775016e+02 2.0775016e+02 2.0350009e+02 2.0075002e+02 1.9174999e+02 1.8400006e+02 1.7650008e+02 1.6850003e+02 1.6600003e+02 1.6824996e+02 1.6399989e+02 1.5274993e+02 1.4425002e+02 1.4100006e+02 1.3875004e+02 1.3550003e+02 1.3025001e+02 1.1974998e+02 1.1149998e+02 1.0900000e+02 1.0775002e+02 1.0575002e+02 1.0425001e+02 1.0450000e+02 1.0374998e+02 1.0249998e+02 1.0149998e+02 1.0049998e+02 9.9749992e+01 9.8749992e+01 9.8000030e+01 9.8500046e+01 9.9250008e+01 9.8749962e+01 9.7500030e+01 9.6750099e+01 9.5250068e+01 9.5500091e+01 9.8750068e+01 1.0025001e+02
