visualization/geoclaw_output/chile2010/eta_0000.asc
ncols     360
nrows     360
xllcorner -1.199166666650000e+02
yllcorner -5.991666666500000e+01
cellsize  1.666666700000000e-01
nodata_value       -9999
[rows 44 to 65 of 360, columns 250 to 299 of 360]
2.7672536e+03 2.4904996e+03 2.1647420e+03 2.4492617e+03 3.2484991e+03 2.5369820e+03 1.4297426e+03 7.5924430e+02 5.2249536e+02 4.0074686e+02 3.8174850e+02 5.4875030e+02 8.1824976e+02 8.7624680e+02 5.4599662e+02 2.6149669e+02 1.9149776e+02 1.4599912e+02 1.1925011e+02 1.1800028e+02 1.6175077e+02 2.1075137e+02 2.3200221e+02 2.4049975e+02 2.1549814e+02 2.0549896e+02 2.3125024e+02 2.4775298e+02 2.3125194e+02 1.9925005e+02 1.9900003e+02 1.9825008e+02 1.9550025e+02 1.9425033e+02 1.9425027e+02 1.9650016e+02 2.0050009e+02 2.0150006e+02 1.9424995e+02 1.9024979e+02 1.9424979e+02 1.9574979e+02 1.9574995e+02 1.8924973e+02 1.9099962e+02 1.9325011e+02 1.9150013e+02 1.9099972e+02 1.8825005e+02 1.9050028e+02
2.9369853e+03 2.8284786e+03 2.7674693e+03 2.3092471e+03 3.1525071e+03 3.0272368e+03 1.8577299e+03 1.1819785e+03 6.9149384e+02 4.7074869e+02 5.1824272e+02 5.7574795e+02 6.9875795e+02 8.0500787e+02 5.5600281e+02 3.0275073e+02 2.3424953e+02 1.7024934e+02 1.1824995e+02 1.1649981e+02 1.4825008e+02 1.8250042e+02 1.9350023e+02 2.2000158e+02 2.2125153e+02 2.1900019e+02 2.2200036e+02 2.0724956e+02 2.0749955e+02 1.9924995e+02 1.9924995e+02 1.9650003e+02 1.9125002e+02 1.8924998e+02 1.9149990e+02 1.9574989e+02 1.9900000e+02 2.0025002e+02 1.9749984e+02 1.9674979e+02 1.9849994e+02 1.9625018e+02 1.9300023e+02 1.9449994e+02 1.9849990e+02 1.9549974e+02 1.9249981e+02 1.9375011e+02 1.9199971e+02 1.9174963e+02
3.0530073e+03 3.2304953e+03 3.3754913e+03 2.5224889e+03 2.8685115e+03 3.3312435e+03 2.3289894e+03 1.7414850e+03 1.1149784e+03 5.4324655e+02 6.9349588e+02 6.8224507e+02 5.3525266e+02 6.4225269e+02 6.3449195e+02 3.9499317e+02 2.3725028e+02 1.8474972e+02 1.2699947e+02 1.2549960e+02 1.4575008e+02 1.7150030e+02 1.8950003e+02 1.9774985e+02 1.9550013e+02 2.0600066e+02 2.1125035e+02 2.5174751e+02 2.4974767e+02 2.0000000e+02 1.9950003e+02 1.9749990e+02 1.9549970e+02 1.9399970e+02 1.9574982e+02 1.9874992e+02 1.9949997e+02 2.0000000e+02 2.0000000e+02 1.9850010e+02 1.9475031e+02 1.9325002e+02 1.9474965e+02 1.9674992e+02 1.9850010e+02 1.9750013e+02 1.9599997e+02 1.9599974e+02 1.9824988e+02 1.9849993e+02
3.3127250e+03 3.5397339e+03 3.7484838e+03 2.8744876e+03 2.7082490e+03 3.4494987e+03 3.2516986e+03 2.6394548e+03 1.5082456e+03 6.2749784e+02 7.1275292e+02 8.5724324e+02 6.6673842e+02 6.3249791e+02 7.8949778e+02 5.8249434e+02 2.7849693e+02 2.2599751e+02 1.7824708e+02 1.6799754e+02 1.4899970e+02 1.5075110e+02 1.6600155e+02 1.7975137e+02 1.8375066e+02 2.0649929e+02 2.2299885e+02 2.9874938e+02 2.9374941e+02 2.0399973e+02 1.9949997e+02 1.9949997e+02 2.0000000e+02 1.9924995e+02 1.9924995e+02 2.0000000e+02 2.0000000e+02 2.0000000e+02 1.9975002e+02 1.9475015e+02 1.8650024e+02 1.9150010e+02 1.9675022e+02 1.8925059e+02 1.9225032e+02 1.9550000e+02 1.9575005e+02 2.0000000e+02 2.0000000e+02 1.9974998e+02
3.4830138e+03 3.2850340e+03 3.7692652e+03 3.3959768e+03 2.8642402e+03 3.1710205e+03 3.5110347e+03 3.0865154e+03 1.6979914e+03 7.2549546e+02 6.2100334e+02 7.9151143e+02 7.8900341e+02 6.8874826e+02 8.2699969e+02 7.1599659e+02 4.6424034e+02 3.7774210e+02 2.7624623e+02 2.1374936e+02 1.4850034e+02 1.2525064e+02 1.2925095e+02 1.4050131e+02 1.5675119e+02 2.0725067e+02 2.5899869e+02 2.9850065e+02 2.7175212e+02 2.0899993e+02 2.0000000e+02 2.0000000e+02 1.9800014e+02 1.9800014e+02 2.0000000e+02 2.0024998e+02 2.0024998e+02 2.0000000e+02 1.9974998e+02 1.9624974e+02 1.9149941e+02 1.9499966e+02 1.9674978e+02 1.9024933e+02 1.9299962e+02 1.9574998e+02 1.9624991e+02 2.0000000e+02 2.0000000e+02 2.0000000e+02
3.1095122e+03 2.7425034e+03 3.5667488e+03 3.8659907e+03 3.0329981e+03 2.5162751e+03 3.0724954e+03 3.2967195e+03 2.0602333e+03 9.1274148e+02 6.6624341e+02 6.1050105e+02 7.4549958e+02 8.1924260e+02 8.0475188e+02 6.9425501e+02 5.8000172e+02 4.7300137e+02 3.2600035e+02 2.1475058e+02 1.5074949e+02 1.2699923e+02 1.1649993e+02 1.1825023e+02 1.3000067e+02 1.8525086e+02 2.7500021e+02 2.9449961e+02 2.5449905e+02 2.1874938e+02 1.9925005e+02 1.9625026e+02 1.9000042e+02 1.9300021e+02 2.1924865e+02 2.4624678e+02 2.2599821e+02 1.9975002e+02 2.0000000e+02 1.9875009e+02 1.9875009e+02 1.9850011e+02 1.9800014e+02 1.9950004e+02 1.9750007e+02 1.9624998e+02 1.9874991e+02 2.0000000e+02 2.0000000e+02 2.0000000e+02
2.6012740e+03 2.7427465e+03 3.7432386e+03 3.7635169e+03 3.2034897e+03 2.4102320e+03 2.7862752e+03 3.4660190e+03 2.4934860e+03 1.3197295e+03 9.0298974e+02 6.3574711e+02 7.1275278e+02 9.1025102e+02 8.0824783e+02 6.0175152e+02 5.0975328e+02 3.8250509e+02 2.5725457e+02 1.9200104e+02 1.6574944e+02 1.4724934e+02 1.2049978e+02 1.1574995e+02 1.1800018e+02 1.7974952e+02 2.7474980e+02 2.9750018e+02 2.9324819e+02 2.9149541e+02 2.4049699e+02 1.9399989e+02 1.8624984e+02 1.9124991e+02 2.1775149e+02 2.4900308e+02 2.3025152e+02 1.9974998e+02 2.0000000e+02 1.9874991e+02 1.9924987e+02 1.9849989e+02 1.9749989e+02 1.9949996e+02 1.9625002e+02 1.9625002e+02 2.0000000e+02 2.0000000e+02 2.0000000e+02 2.0000000e+02
1.7487879e+03 2.4175274e+03 3.7265128e+03 3.9144718e+03 3.4197447e+03 2.7302450e+03 2.4679976e+03 3.2244983e+03 2.9117337e+03 1.6874940e+03 1.2802329e+03 9.5547955e+02 7.0724757e+02 8.7525152e+02 8.2550095e+02 5.7850015e+02 4.5525064e+02 3.3674815e+02 2.2999733e+02 1.8999909e+02 1.7724973e+02 1.5525009e+02 1.2350000e+02 1.2449941e+02 1.2274947e+02 1.6300172e+02 2.3175335e+02 2.6975185e+02 3.0700084e+02 3.3575145e+02 2.8574976e+02 2.1299872e+02 1.9349963e+02 1.9549978e+02 1.9849989e+02 2.0375016e+02 2.0650018e+02 2.0124991e+02 2.0000000e+02 2.0000000e+02 2.0050004e+02 2.0000000e+02 1.9949996e+02 1.9950004e+02 1.9749989e+02 1.9674995e+02 1.9875009e+02 2.0000000e+02 2.0000000e+02 2.0000000e+02
1.6329700e+03 2.8184421e+03 3.4940043e+03 3.9997724e+03 3.8804710e+03 3.1294753e+03 2.6022424e+03 3.0342659e+03 3.3972304e+03 2.8739176e+03 2.4524300e+03 1.6262208e+03 8.7024032e+02 8.1150321e+02 8.8249478e+02 6.5224435e+02 4.6099892e+02 4.0199702e+02 3.3799466e+02 2.7749440e+02 2.1249765e+02 1.5499993e+02 1.2574983e+02 1.3250000e+02 1.3074994e+02 1.4224979e+02 1.8300022e+02 2.2100175e+02 2.4975341e+02 2.7050340e+02 2.8025065e+02 2.4599884e+02 2.0449955e+02 1.9924994e+02 2.0000000e+02 2.0050007e+02 2.2524841e+02 2.2474834e+02 1.9975002e+02 1.9975002e+02 2.0000000e+02 1.9925006e+02 1.9800015e+02 1.9825006e+02 1.9924998e+02 1.9824994e+02 1.9849993e+02 2.0000000e+02 2.0000000e+02 2.0000000e+02
1.6322806e+03 3.0457917e+03 3.2015179e+03 3.6730020e+03 4.2512513e+03 3.3727566e+03 2.9082344e+03 2.7512553e+03 3.2780291e+03 3.9824997e+03 3.4159981e+03 1.9130079e+03 9.2550567e+02 7.8774854e+02 9.3775112e+02 7.2949989e+02 5.0649764e+02 4.4974941e+02 4.1124987e+02 3.5399989e+02 2.4574987e+02 1.9449707e+02 1.7224663e+02 1.4599897e+02 1.4849871e+02 1.5874895e+02 1.8599954e+02 1.9700004e+02 1.9875040e+02 2.1275093e+02 2.3350289e+02 2.3600194e+02 2.1374975e+02 2.0000000e+02 2.0000000e+02 2.0199981e+02 2.4749992e+02 2.7124816e+02 2.2799783e+02 2.0624949e+02 2.0399970e+02 1.9650015e+02 1.9525006e+02 1.9874990e+02 1.9974998e+02 1.9949996e+02 1.9974998e+02 2.0000000e+02 2.0024998e+02 2.0074994e+02
8.3703046e+02 2.1437774e+03 3.1474859e+03 3.6392506e+03 4.1855038e+03 3.7537137e+03 3.4597231e+03 3.0467217e+03 2.7945079e+03 3.3338006e+03 3.2980111e+03 2.0844786e+03 9.6299132e+02 7.8925138e+02 9.0675126e+02 8.8148834e+02 6.3474246e+02 4.9849682e+02 4.3399837e+02 3.4175107e+02 2.3400105e+02 3.2499287e+02 3.0949279e+02 1.7324893e+02 1.8849822e+02 2.1299686e+02 2.3649655e+02 2.3024738e+02 2.0799888e+02 2.0050000e+02 1.9724986e+02 2.1724948e+02 2.2124967e+02 2.0000000e+02 2.0000000e+02 2.0225017e+02 2.3875076e+02 2.8950047e+02 2.7999818e+02 2.3799806e+02 2.1099977e+02 2.1774820e+02 2.1924808e+02 2.0074994e+02 1.9925006e+02 2.0000000e+02 2.0000000e+02 1.9725021e+02 1.9600035e+02 1.9925017e+02
5.3324295e+02 1.6777589e+03 3.3265002e+03 3.9232270e+03 4.0875039e+03 4.2919945e+03 3.8757445e+03 3.2755107e+03 2.8599868e+03 2.8317381e+03 3.3404853e+03 2.9452038e+03 1.4729686e+03 7.7100004e+02 8.5675266e+02 9.8225393e+02 7.4499897e+02 5.1800170e+02 4.1175341e+02 2.9375270e+02 2.7924536e+02 6.0973478e+02 5.4248895e+02 2.0549854e+02 2.1100004e+02 2.7649818e+02 3.2924619e+02 3.0449680e+02 2.8324520e+02 2.7724394e+02 2.3624706e+02 2.1725053e+02 2.1250103e+02 2.0024998e+02 2.1674868e+02 2.4024682e+02 2.5749775e+02 2.8649976e+02 3.0275006e+02 2.7874876e+02 2.4774734e+02 2.4974931e+02 2.3350083e+02 1.9925018e+02 1.9650016e+02 2.0000000e+02 1.9925006e+02 1.9599988e+02 1.9524970e+02 1.9774994e+02
4.8801081e+02 1.0627904e+03 2.5723104e+03 4.0217655e+03 4.0060026e+03 4.3470012e+03 4.2427261e+03 3.5097202e+03 3.2287338e+03 2.9787503e+03 3.5117512e+03 3.8452247e+03 2.7356805e+03 1.3389543e+03 9.5123969e+02 1.1139854e+03 8.5449224e+02 4.8675078e+02 3.9249807e+02 2.8049831e+02 3.3375034e+02 8.4099690e+02 8.5298629e+02 3.5798923e+02 2.0800020e+02 2.6975239e+02 3.5400189e+02 3.6249859e+02 3.4724974e+02 3.4275090e+02 2.9449831e+02 2.3849775e+02 2.2274813e+02 2.2074837e+02 2.3474990e+02 2.6250145e+02 2.8225030e+02 2.9524954e+02 3.0125006e+02 2.9774974e+02 2.9099924e+02 2.5250048e+02 2.1075098e+02 2.0249956e+02 2.0124946e+02 2.0000000e+02 1.9825002e+02 1.9874990e+02 1.9924998e+02 1.9550024e+02
3.4225092e+02 7.0948776e+02 2.1819704e+03 4.0169846e+03 4.0142467e+03 4.1052686e+03 4.2390247e+03 4.0652348e+03 3.8347169e+03 3.1559852e+03 3.5182483e+03 4.0140120e+03 3.4695107e+03 2.1689786e+03 1.3454782e+03 1.2617528e+03 8.3975911e+02 4.3825317e+02 4.1300029e+02 3.0249992e+02 3.0575194e+02 6.7476676e+02 9.1100921e+02 6.3223852e+02 2.8124380e+02 2.3900008e+02 3.1400135e+02 3.6875092e+02 3.6899849e+02 3.6849697e+02 3.6599587e+02 3.1274621e+02 2.7474765e+02 2.6224826e+02 2.5974806e+02 2.7699734e+02 3.0199808e+02 3.0499967e+02 2.9975006e+02 2.9025088e+02 2.8725108e+02 2.7049804e+02 2.3349714e+02 2.3224802e+02 2.2374871e+02 1.9925006e+02 2.1924826e+02 2.2149824e+02 1.9925002e+02 1.9524977e+02
2.3825773e+02 7.1376210e+02 2.1785304e+03 3.7040418e+03 4.0667490e+03 4.1657261e+03 4.0554902e+03 4.1350096e+03 4.1247595e+03 3.5469825e+03 3.6457411e+03 3.7162626e+03 2.9235346e+03 2.3150096e+03 2.0834607e+03 1.5152261e+03 7.1075148e+02 3.7000246e+02 3.4450541e+02 2.7150267e+02 2.5800200e+02 4.4950171e+02 7.5475364e+02 7.3150342e+02 3.6474935e+02 2.1650179e+02 2.6750250e+02 3.4150133e+02 4.1599763e+02 4.5624577e+02 4.5824652e+02 4.0624606e+02 3.3824711e+02 3.1149767e+02 3.0874790e+02 3.2749850e+02 3.5274773e+02 3.2974827e+02 2.9425040e+02 2.8474956e+02 2.8824881e+02 2.9699979e+02 2.8574856e+02 2.6499929e+02 2.3925002e+02 2.3549692e+02 2.7199738e+02 2.5074935e+02 2.0149979e+02 1.9750004e+02
1.0675328e+02 4.1251322e+02 1.2967938e+03 2.7015425e+03 3.9375120e+03 4.4507502e+03 4.1082555e+03 3.9365070e+03 4.0197492e+03 3.8819894e+03 3.9287350e+03 3.5645000e+03 2.6182407e+03 2.6629607e+03 3.1124528e+03 2.1122237e+03 8.0574044e+02 4.3724180e+02 3.3024570e+02 2.4424960e+02 2.3300008e+02 4.3024989e+02 7.3449801e+02 7.3174650e+02 4.5324316e+02 2.5599483e+02 2.5599843e+02 3.5224773e+02 4.4974955e+02 5.0675002e+02 4.7450216e+02 4.1950288e+02 3.7000025e+02 3.5499869e+02 3.5574816e+02 3.5799894e+02 3.7400051e+02 3.4100081e+02 2.9499953e+02 2.9624947e+02 3.0250000e+02 3.0099987e+02 3.0175011e+02 2.8149932e+02 2.6524778e+02 2.8799869e+02 2.9950034e+02 2.5700013e+02 2.0874960e+02 1.9874985e+02
1.5754504e+01 2.2950233e+02 7.3700371e+02 2.1277563e+03 3.2900436e+03 3.8418023e+03 3.8382677e+03 3.7310106e+03 4.0005025e+03 4.0037503e+03 4.0647535e+03 3.6417433e+03 2.8457398e+03 3.2384903e+03 3.6505016e+03 2.3477564e+03 1.1194827e+03 7.0823498e+02 4.1374718e+02 2.6874830e+02 2.4874856e+02 4.1250164e+02 7.0275476e+02 8.3549461e+02 6.3899095e+02 3.4349772e+02 2.8224933e+02 3.6650108e+02 4.4125119e+02 4.9400108e+02 4.7749754e+02 4.4849457e+02 4.3974373e+02 4.3424450e+02 4.0724744e+02 3.8074912e+02 3.8349866e+02 3.5449802e+02 3.1649862e+02 3.0549974e+02 3.0025019e+02 2.9150095e+02 2.9400056e+02 2.9249974e+02 2.9224994e+02 3.0250009e+02 2.8225114e+02 2.5525002e+02 2.2524899e+02 2.0025002e+02
0.0000000e+00 1.4400513e+02 6.5075379e+02 1.4605521e+03 2.2567962e+03 3.2902452e+03 3.7927360e+03 3.7944837e+03 3.9762496e+03 3.9755022e+03 3.8487654e+03 3.4850206e+03 3.0244947e+03 3.4139944e+03 3.6075021e+03 2.6479672e+03 2.1206798e+03 1.4144534e+03 5.8498786e+02 3.8574147e+02 3.1399575e+02 3.8025116e+02 5.9850430e+02 8.5375388e+02 7.2550162e+02 3.8249890e+02 2.9499956e+02 3.4850048e+02 4.0375208e+02 4.6250167e+02 5.0350022e+02 5.0950018e+02 5.1299996e+02 5.0774915e+02 4.7749645e+02 4.5549435e+02 4.4199623e+02 3.9849816e+02 3.3849947e+02 3.0075068e+02 2.9525024e+02 2.9049912e+02 2.9399943e+02 2.9774980e+02 2.9699965e+02 2.9950018e+02 2.8199886e+02 2.6474915e+02 2.4149961e+02 2.0974915e+02
0.0000000e+00 0.0000000e+00 4.3601528e+02 8.0100579e+02 1.6682555e+03 3.1602665e+03 3.6617759e+03 3.8070155e+03 4.0302456e+03 3.9554996e+03 3.6452525e+03 3.3007455e+03 3.1457446e+03 3.7082294e+03 3.9224698e+03 3.1247409e+03 3.1234820e+03 2.3779615e+03 9.2123238e+02 5.2099661e+02 4.1924494e+02 3.9124784e+02 6.6074008e+02 9.5173732e+02 7.9524214e+02 4.2424739e+02 3.0174984e+02 3.4250004e+02 3.8549951e+02 4.3675060e+02 4.7800205e+02 4.8350214e+02 4.8950214e+02 5.0450116e+02 5.1025069e+02 5.0125167e+02 4.6675163e+02 4.2074989e+02 3.4799969e+02 2.9524980e+02 2.9624967e+02 2.9725029e+02 2.9900013e+02 3.0374967e+02 3.0199991e+02 3.0049973e+02 2.9949960e+02 2.8274926e+02 2.6174860e+02 2.2774926e+02
0.0000000e+00 0.0000000e+00 1.1726334e+02 4.7302382e+02 1.2655309e+03 2.3228091e+03 3.0840260e+03 3.9717194e+03 4.1482438e+03 4.0572412e+03 3.9977155e+03 3.6469732e+03 3.6014642e+03 3.9917452e+03 4.0497692e+03 3.2120014e+03 3.1952618e+03 2.6820116e+03 1.1964930e+03 6.8573852e+02 5.9973879e+02 6.1948152e+02 8.7249090e+02 1.1449954e+03 9.6449266e+02 4.6199923e+02 2.9200104e+02 3.1575238e+02 3.4250439e+02 3.6175618e+02 3.8175664e+02 4.1100439e+02 4.4225211e+02 4.7150181e+02 4.8850127e+02 4.7475070e+02 4.4050072e+02 3.8875301e+02 3.3275170e+02 3.0524930e+02 2.9925007e+02 2.9749968e+02 3.2474753e+02 3.5274590e+02 3.2674785e+02 3.0574980e+02 3.0375002e+02 2.8550050e+02 2.5275224e+02 2.2000145e+02
0.0000000e+00 0.0000000e+00 0.0000000e+00 1.2800755e+02 6.5877441e+02 1.5175141e+03 2.9452363e+03 3.6690590e+03 3.3238322e+03 3.5480558e+03 3.7093116e+03 3.5762838e+03 3.8130169e+03 4.1244926e+03 3.9854864e+03 3.4352281e+03 2.8192726e+03 1.8913110e+03 1.0602697e+03 7.5925490e+02 6.8400364e+02 8.1750055e+02 9.9549793e+02 1.2524948e+03 1.1297422e+03 6.8248049e+02 4.4798458e+02 3.5024441e+02 3.8474165e+02 3.4774501e+02 3.0200060e+02 3.5325085e+02 4.1300055e+02 4.4275081e+02 4.5400189e+02 4.4050244e+02 4.2175099e+02 3.6449917e+02 3.2624887e+02 3.4349719e+02 3.3599655e+02 3.2724758e+02 3.6624869e+02 3.8150152e+02 3.3300161e+02 3.0275048e+02 3.0150018e+02 2.8924915e+02 2.6274680e+02 2.5299549e+02
0.0000000e+00 0.0000000e+00 0.0000000e+00 0.0000000e+00 3.6050309e+02 1.3934973e+03 2.5872974e+03 3.1289906e+03 3.4481549e+03 3.5559426e+03 3.5554518e+03 3.6367100e+03 3.7807358e+03 4.0955102e+03 4.0685060e+03 3.5895079e+03 2.3695191e+03 1.1462576e+03 8.8849607e+02 8.5273628e+02 7.0824404e+02 6.7176307e+02 7.4252576e+02 9.5603301e+02 9.9602038e+02 8.6050318e+02 6.1500005e+02 4.1249986e+02 5.3949402e+02 5.1823913e+02 3.5499444e+02 3.3900047e+02 3.8550201e+02 4.2000131e+02 4.2025124e+02 4.0850051e+02 4.0375068e+02 3.8649878e+02 3.7674642e+02 3.9624792e+02 3.9499799e+02 3.8474708e+02 3.9674848e+02 3.6749977e+02 3.1450009e+02 2.9899986e+02 3.0049991e+02 2.9775007e+02 2.9275044e+02 2.9350079e+02
