visualization/geoclaw_output/chile2010/eta_0008.asc
ncols     360
nrows     360
xllcorner -1.199166666650000e+02
yllcorner -5.991666666500000e+01
cellsize  1.666666700000000e-01
nodata_value       -9999
[rows 308 to 329 of 360, columns 300 to 349 of 360]
9.2758356e+01 7.9753798e+01 1.0799392e+02 1.1899423e+02 1.1199727e+02 6.7737998e+01 6.2386061e+00 0.0000000e+00 0.0000000e+00 0.0000000e+00 0.0000000e+00 0.0000000e+00 0.0000000e+00 0.0000000e+00 0.0000000e+00 0.0000000e+00 0.0000000e+00 0.0000000e+00 0.0000000e+00 0.0000000e+00 0.0000000e+00 0.0000000e+00 0.0000000e+00 0.0000000e+00 0.0000000e+00 0.0000000e+00 0.0000000e+00 0.0000000e+00 0.0000000e+00 0.0000000e+00 0.0000000e+00 0.0000000e+00 0.0000000e+00 0.0000000e+00 0.0000000e+00 0.0000000e+00 0.0000000e+00 0.0000000e+00 0.0000000e+00 0.0000000e+00 0.0000000e+00 0.0000000e+00 0.0000000e+00 0.0000000e+00 0.0000000e+00 0.0000000e+00 0.0000000e+00 0.0000000e+00 0.0000000e+00 0.0000000e+00
5.0517423e+01 4.4767575e+01 6.9529649e+01 7.0785304e+01 6.2033317e+01 4.5775523e+01 1.1758100e+01 1.7763568e-15 0.0000000e+00 0.0000000e+00 0.0000000e+00 0.0000000e+00 0.0000000e+00 0.0000000e+00 0.0000000e+00 0.0000000e+00 0.0000000e+00 0.0000000e+00 0.0000000e+00 0.0000000e+00 0.0000000e+00 0.0000000e+00 0.0000000e+00 0.0000000e+00 0.0000000e+00 0.0000000e+00 0.0000000e+00 0.0000000e+00 0.0000000e+00 0.0000000e+00 0.0000000e+00 0.0000000e+00 0.0000000e+00 0.0000000e+00 0.0000000e+00 0.0000000e+00 0.0000000e+00 0.0000000e+00 0.0000000e+00 0.0000000e+00 0.0000000e+00 0.0000000e+00 0.0000000e+00 0.0000000e+00 0.0000000e+00 0.0000000e+00 0.0000000e+00 0.0000000e+00 0.0000000e+00 0.0000000e+00
6.6972326e+01 4.3233242e+01 4.5484933e+01 4.1982165e+01 3.3484010e+01 2.3488008e+01 7.2446189e+00 0.0000000e+00 0.0000000e+00 0.0000000e+00 0.0000000e+00 0.0000000e+00 0.0000000e+00 0.0000000e+00 0.0000000e+00 0.0000000e+00 0.0000000e+00 0.0000000e+00 0.0000000e+00 0.0000000e+00 0.0000000e+00 0.0000000e+00 0.0000000e+00 0.0000000e+00 0.0000000e+00 0.0000000e+00 0.0000000e+00 0.0000000e+00 0.0000000e+00 0.0000000e+00 0.0000000e+00 0.0000000e+00 0.0000000e+00 0.0000000e+00 0.0000000e+00 0.0000000e+00 0.0000000e+00 0.0000000e+00 0.0000000e+00 0.0000000e+00 0.0000000e+00 0.0000000e+00 0.0000000e+00 0.0000000e+00 0.0000000e+00 0.0000000e+00 0.0000000e+00 0.0000000e+00 0.0000000e+00 0.0000000e+00
1.0925170e+02 8.1743040e+01 8.0243659e+01 8.2992576e+01 7.4490720e+01 5.9489792e+01 3.4488555e+01 5.4941226e+00 0.0000000e+00 0.0000000e+00 0.0000000e+00 0.0000000e+00 0.0000000e+00 0.0000000e+00 0.0000000e+00 0.0000000e+00 0.0000000e+00 0.0000000e+00 0.0000000e+00 0.0000000e+00 0.0000000e+00 0.0000000e+00 0.0000000e+00 0.0000000e+00 0.0000000e+00 0.0000000e+00 0.0000000e+00 0.0000000e+00 0.0000000e+00 0.0000000e+00 0.0000000e+00 0.0000000e+00 0.0000000e+00 0.0000000e+00 0.0000000e+00 0.0000000e+00 0.0000000e+00 0.0000000e+00 0.0000000e+00 0.0000000e+00 0.0000000e+00 0.0000000e+00 0.0000000e+00 0.0000000e+00 0.0000000e+00 2.8421709e-14 2.8421709e-14 2.8421709e-14 2.8421709e-14 2.8421709e-14
1.3897977e+02 1.3347479e+02 1.2847635e+02 1.0999066e+02 8.9000311e+01 7.8248600e+01 6.4992531e+01 4.3482262e+01 1.2735840e+01 0.0000000e+00 0.0000000e+00 0.0000000e+00 0.0000000e+00 0.0000000e+00 0.0000000e+00 0.0000000e+00 0.0000000e+00 0.0000000e+00 0.0000000e+00 0.0000000e+00 0.0000000e+00 0.0000000e+00 0.0000000e+00 0.0000000e+00 0.0000000e+00 0.0000000e+00 0.0000000e+00 0.0000000e+00 0.0000000e+00 0.0000000e+00 0.0000000e+00 0.0000000e+00 0.0000000e+00 0.0000000e+00 0.0000000e+00 0.0000000e+00 2.8421709e-14 5.6843419e-14 5.6843419e-14 5.6843419e-14 5.6843419e-14 5.6843419e-14 5.6843419e-14 1.1368684e-13 1.1368684e-13 1.4210855e-13 1.1368684e-13 1.4210855e-13 1.4210855e-13 1.1368684e-13
2.0098153e+02 1.5676080e+02 9.7043517e+01 6.5287412e+01 4.3778020e+01 3.9525672e+01 3.7274889e+01 3.6022541e+01 2.8754226e+01 1.2432690e+00 0.0000000e+00 0.0000000e+00 0.0000000e+00 0.0000000e+00 0.0000000e+00 0.0000000e+00 0.0000000e+00 0.0000000e+00 0.0000000e+00 0.0000000e+00 0.0000000e+00 0.0000000e+00 0.0000000e+00 0.0000000e+00 0.0000000e+00 0.0000000e+00 0.0000000e+00 0.0000000e+00 0.0000000e+00 0.0000000e+00 0.0000000e+00 2.8421709e-14 8.5265128e-14 8.5265128e-14 1.1368684e-13 1.4210855e-13 1.4210855e-13 1.4210855e-13 1.4210855e-13 1.1368684e-13 1.7053026e-13 1.7053026e-13 1.7053026e-13 1.7053026e-13 1.7053026e-13 1.7053026e-13 1.7053026e-13 1.7053026e-13 1.9895197e-13 1.9895197e-13
1.2731504e+02 7.4790788e+01 2.1503780e+01 6.4993701e+00 0.0000000e+00 0.0000000e+00 0.0000000e+00 0.0000000e+00 0.0000000e+00 0.0000000e+00 0.0000000e+00 0.0000000e+00 0.0000000e+00 0.0000000e+00 0.0000000e+00 0.0000000e+00 0.0000000e+00 0.0000000e+00 0.0000000e+00 0.0000000e+00 0.0000000e+00 0.0000000e+00 0.0000000e+00 0.0000000e+00 0.0000000e+00 0.0000000e+00 0.0000000e+00 0.0000000e+00 0.0000000e+00 2.8421709e-14 8.5265128e-14 1.4210855e-13 1.4210855e-13 1.7053026e-13 1.9895197e-13 2.2737368e-13 2.2737368e-13 2.2737368e-13 2.2737368e-13 2.2737368e-13 2.2737368e-13 2.2737368e-13 2.2737368e-13 2.2737368e-13 2.2737368e-13 2.2737368e-13 2.2737368e-13 2.2737368e-13 2.2737368e-13 2.2737368e-13
8.5098228e+00 4.5034855e+00 1.4500634e+01 1.5494930e+01 4.7473067e+00 2.2479404e+00 1.5239702e+01 1.7484474e+01 0.0000000e+00 0.0000000e+00 0.0000000e+00 0.0000000e+00 0.0000000e+00 0.0000000e+00 0.0000000e+00 0.0000000e+00 0.0000000e+00 0.0000000e+00 0.0000000e+00 0.0000000e+00 0.0000000e+00 0.0000000e+00 0.0000000e+00 0.0000000e+00 0.0000000e+00 0.0000000e+00 0.0000000e+00 0.0000000e+00 8.5265128e-14 1.4210855e-13 1.9895197e-13 2.2737368e-13 2.2737368e-13 2.5579538e-13 2.8421709e-13 2.8421709e-13 2.8421709e-13 2.8421709e-13 2.8421709e-13 2.8421709e-13 2.8421709e-13 2.8421709e-13 2.8421709e-13 2.8421709e-13 2.8421709e-13 2.8421709e-13 2.8421709e-13 2.8421709e-13 3.4106051e-13 2.8421709e-13
3.4933056e+00 2.0985974e+01 3.9483423e+01 6.1225932e+01 7.8955371e+01 9.1195329e+01 1.0420362e+02 8.6721469e+01 4.9725294e+01 6.9808732e+00 0.0000000e+00 0.0000000e+00 0.0000000e+00 0.0000000e+00 0.0000000e+00 0.0000000e+00 0.0000000e+00 0.0000000e+00 0.0000000e+00 0.0000000e+00 0.0000000e+00 0.0000000e+00 0.0000000e+00 0.0000000e+00 2.8421709e-14 7.1054274e-14 8.5265128e-14 1.4210855e-13 1.7053026e-13 2.2737368e-13 2.5579538e-13 2.8421709e-13 2.8421709e-13 3.1263880e-13 3.4106051e-13 3.4106051e-13 3.4106051e-13 3.4106051e-13 3.4106051e-13 3.4106051e-13 3.4106051e-13 3.4106051e-13 3.4106051e-13 3.4106051e-13 3.4106051e-13 3.4106051e-13 3.4106051e-13 3.4106051e-13 3.9790393e-13 3.4106051e-13
6.0470174e+01 1.0471039e+02 1.4894644e+02 1.5521392e+02 1.6099230e+02 1.8499487e+02 1.7550096e+02 1.3874535e+02 9.7993906e+01 4.1746953e+01 0.0000000e+00 0.0000000e+00 0.0000000e+00 0.0000000e+00 0.0000000e+00 0.0000000e+00 0.0000000e+00 0.0000000e+00 0.0000000e+00 0.0000000e+00 0.0000000e+00 0.0000000e+00 4.2632564e-14 8.5265128e-14 1.1368684e-13 1.5631940e-13 1.9895197e-13 2.2737368e-13 2.5579538e-13 3.1263880e-13 3.4106051e-13 3.4106051e-13 3.6948222e-13 3.6948222e-13 3.9790393e-13 3.9790393e-13 3.9790393e-13 3.9790393e-13 3.9790393e-13 3.9790393e-13 3.9790393e-13 4.5474735e-13 3.9790393e-13 3.9790393e-13 3.9790393e-13 3.9790393e-13 3.9790393e-13 3.9790393e-13 4.5474735e-13 4.5474735e-13
1.7395676e+02 1.8948516e+02 2.1551097e+02 1.7952065e+02 1.3227630e+02 1.3728598e+02 1.6700452e+02 1.6673661e+02 8.8012584e+01 2.0766617e+01 0.0000000e+00 0.0000000e+00 0.0000000e+00 0.0000000e+00 0.0000000e+00 0.0000000e+00 0.0000000e+00 0.0000000e+00 0.0000000e+00 0.0000000e+00 0.0000000e+00 5.6843419e-14 9.9475983e-14 1.2789769e-13 1.8474111e-13 2.2737368e-13 2.5579538e-13 2.8421709e-13 3.1263880e-13 3.6948222e-13 3.6948222e-13 3.9790393e-13 4.2632564e-13 4.2632564e-13 4.5474735e-13 4.5474735e-13 4.5474735e-13 4.5474735e-13 4.5474735e-13 4.5474735e-13 5.1159077e-13 5.1159077e-13 4.5474735e-13 4.5474735e-13 4.5474735e-13 4.5474735e-13 4.5474735e-13 4.5474735e-13 4.5474735e-13 4.5474735e-13
2.6073718e+02 1.4479399e+02 1.1155648e+02 8.2792039e+01 6.7265744e+01 1.1697695e+02 1.7324140e+02 1.5452143e+02 9.1984743e+01 3.1476303e+01 -2.8865799e-15 0.0000000e+00 0.0000000e+00 0.0000000e+00 0.0000000e+00 0.0000000e+00 0.0000000e+00 0.0000000e+00 0.0000000e+00 0.0000000e+00 7.1054274e-14 1.2789769e-13 1.5631940e-13 1.9895197e-13 2.4158453e-13 2.8421709e-13 3.4106051e-13 3.6948222e-13 3.9790393e-13 4.2632564e-13 4.2632564e-13 4.5474735e-13 4.5474735e-13 4.5474735e-13 4.8316906e-13 4.5474735e-13 5.1159077e-13 5.1159077e-13 5.1159077e-13 5.1159077e-13 5.1159077e-13 5.6843419e-13 5.1159077e-13 5.1159077e-13 4.5474735e-13 5.1159077e-13 5.1159077e-13 5.1159077e-13 5.1159077e-13 4.5474735e-13
1.3959210e+02 3.8025475e+01 1.1758328e+01 1.0255062e+01 6.8983017e+01 1.7623449e+02 2.0124037e+02 1.6322273e+02 1.3173939e+02 7.6744285e+01 2.9484976e+01 5.7429781e+00 0.0000000e+00 0.0000000e+00 0.0000000e+00 0.0000000e+00 0.0000000e+00 0.0000000e+00 1.4210855e-14 7.1054274e-14 1.2789769e-13 1.7053026e-13 2.1316282e-13 2.7000624e-13 3.1263880e-13 3.5527137e-13 3.9790393e-13 4.2632564e-13 4.5474735e-13 4.8316906e-13 5.1159077e-13 5.4001248e-13 5.4001248e-13 5.6843419e-13 5.6843419e-13 5.6843419e-13 5.6843419e-13 5.6843419e-13 5.6843419e-13 5.6843419e-13 5.6843419e-13 5.6843419e-13 5.1159077e-13 5.6843419e-13 5.6843419e-13 6.2527761e-13 8.5265128e-13 6.8212103e-13 4.5474735e-13 4.5474735e-13
2.3093410e-05 1.8487185e+01 6.2957940e+01 9.8187075e+01 1.8918806e+02 2.3697568e+02 2.0450756e+02 2.0300131e+02 1.6948587e+02 1.0898456e+02 5.9245564e+01 2.8991785e+01 5.4911280e+00 0.0000000e+00 0.0000000e+00 0.0000000e+00 0.0000000e+00 0.0000000e+00 7.1054274e-14 1.2789769e-13 1.7053026e-13 2.2737368e-13 2.8421709e-13 3.2684966e-13 3.8369308e-13 4.2632564e-13 4.6895821e-13 4.9737992e-13 5.1159077e-13 5.4001248e-13 5.6843419e-13 5.9685590e-13 5.9685590e-13 5.9685590e-13 5.6843419e-13 5.6843419e-13 5.6843419e-13 5.6843419e-13 7.9580786e-13 1.2505552e-12 5.6843419e-13 -3.4106051e-13 -1.1368684e-12 -1.0800250e-12 -3.9790393e-13 6.8212103e-13 1.3642421e-12 1.1368684e-12 9.0949470e-13 9.0949470e-13
1.9911925e+02 1.6916322e+02 1.8046463e+02 1.9424983e+02 2.3603141e+02 2.3877331e+02 1.7526174e+02 1.4878455e+02 1.3928422e+02 9.6523803e+01 4.7762067e+01 2.7509257e+01 1.7001322e+01 1.2488098e+01 9.8909018e-01 0.0000000e+00 0.0000000e+00 4.9737992e-14 1.2789769e-13 1.8474111e-13 2.4158453e-13 2.9842795e-13 3.5527137e-13 3.9790393e-13 4.5474735e-13 4.9737992e-13 5.2580162e-13 5.6843419e-13 6.1106675e-13 6.2527761e-13 5.9685590e-13 4.5474735e-13 5.9685590e-13 6.2527761e-13 6.5369932e-13 7.9580786e-13 6.2527761e-13 1.5916157e-12 6.8212103e-12 1.7735147e-11 -1.8189894e-12 -2.5693225e-11 -4.4735771e-11 -4.7919002e-11 -3.6266101e-11 -1.3642421e-11 1.2505552e-12 1.2505552e-12 2.2737368e-13 1.7053026e-12
3.1530438e+02 3.1723886e+02 2.6422988e+02 2.0124551e+02 1.6776380e+02 1.4453925e+02 1.1702694e+02 9.7249501e+01 9.0997672e+01 8.0736529e+01 6.8474055e+01 5.9969066e+01 6.5216571e+01 6.6975718e+01 4.2483369e+01 5.2391897e+00 0.0000000e+00 7.8159701e-14 1.9184654e-13 2.7000624e-13 3.2684966e-13 3.9790393e-13 4.4053650e-13 4.9737992e-13 5.4001248e-13 5.6843419e-13 5.9685590e-13 6.8212103e-13 7.9580786e-13 8.2422957e-13 3.4106051e-13 -3.6948222e-13 1.2221335e-12 2.6432190e-12 6.2243544e-12 1.1169732e-11 1.1169732e-11 4.4565240e-11 1.3500312e-10 2.0975222e-10 -1.1664270e-10 -6.5949735e-10 -1.0837766e-09 -1.2565806e-09 -1.0040822e-09 -4.6776449e-10 -8.3673513e-11 -2.1259439e-11 -3.9904080e-11 6.8212103e-13
1.1957630e+02 2.2007630e+02 2.8750469e+02 2.4547490e+02 1.3076088e+02 1.2722206e+02 1.6319194e+02 1.4272005e+02 1.4071904e+02 1.5746218e+02 1.5846586e+02 1.4922139e+02 1.5797155e+02 1.4447256e+02 1.1996486e+02 7.5963521e+01 2.2479920e+01 7.1054274e-15 1.7763568e-13 3.4106051e-13 4.4053650e-13 5.1159077e-13 5.6843419e-13 6.1106675e-13 6.3948846e-13 6.6791017e-13 1.6200374e-12 5.3859139e-12 1.7976731e-11 1.7024604e-11 1.2605028e-11 4.3200998e-12 1.5572255e-10 1.6808599e-10 3.3114134e-10 6.1046990e-10 6.5742256e-10 1.5204193e-09 1.1814336e-09 1.0130066e-09 -3.9190127e-09 -1.5610283e-08 -2.6313785e-08 -3.0631327e-08 -2.4131793e-08 -1.2944611e-08 -4.2455781e-09 -1.4007355e-09 -1.7669777e-09 -8.1672624e-10
1.0443333e+02 1.3722895e+02 1.6108048e+02 1.4059597e+02 1.5422323e+02 3.0965521e+02 3.7791380e+02 3.4439427e+02 2.7144309e+02 2.4822693e+02 2.4147845e+02 1.9399865e+02 2.5346431e+02 2.7344074e+02 2.2221650e+02 1.7347104e+02 1.2694983e+02 1.2492390e+02 1.0267777e+02 3.0216833e+01 5.9330318e-13 7.1054274e-13 7.1764816e-13 6.9633188e-13 7.2475359e-13 1.3073986e-12 2.6588509e-11 2.5461588e-10 1.2955041e-09 1.4031230e-09 1.8398083e-09 3.0868108e-09 1.2530080e-08 1.2750533e-08 2.0962375e-08 3.3225859e-08 3.0687204e-08 1.5788004e-08 7.4037416e-09 -1.1694112e-08 -1.4849707e-07 -3.9573422e-07 -6.0651251e-07 -6.7753251e-07 -5.4572672e-07 -3.6127261e-07 -1.8017312e-07 -9.5700841e-08 -9.1794163e-08 -4.3738396e-08
4.0711194e+02 3.2514379e+02 2.4835974e+02 1.9286787e+02 2.6944884e+02 4.0902812e+02 4.1356268e+02 3.8707758e+02 3.4925457e+02 3.3046748e+02 3.8142682e+02 3.5389294e+02 3.1174644e+02 3.2902202e+02 3.0497764e+02 2.2749255e+02 2.4072340e+02 3.2968783e+02 3.1917597e+02 2.0041801e+02 9.8182071e+01 2.5973235e+01 9.7344355e-13 1.0160761e-12 9.0949470e-13 1.2008172e-12 2.4499514e-11 1.1612116e-09 2.0118378e-08 1.1174724e-07 1.2287062e-07 5.3403838e-08 1.7464106e-07 6.6314323e-07 8.0532267e-07 1.7922994e-07 1.4673191e-08 -4.8667118e-08 -6.1205728e-07 -2.1836541e-06 -5.8203093e-06 -9.4809509e-06 -1.1562476e-05 -1.2101134e-05 -1.0730752e-05 -8.6411355e-06 -6.1421011e-06 -4.6182693e-06 -4.0963873e-06 -2.3778314e-06
8.4534012e+02 8.6299007e+02 7.2956302e+02 4.5695296e+02 5.3711893e+02 6.4231251e+02 5.5983705e+02 4.6037183e+02 4.0620654e+02 4.2147068e+02 5.3996557e+02 5.5322188e+02 3.8895091e+02 3.3122631e+02 3.4274676e+02 3.5217245e+02 4.2440148e+02 4.8745500e+02 4.6497512e+02 4.0968983e+02 3.3215881e+02 2.5387148e+02 1.7812677e+02 9.7928413e+01 5.4206537e+01 2.8966934e+01 2.5209945e+01 4.6685401e+01 1.0698696e+01 -1.7936337e-08 -3.9679139e-07 1.6914601e-07 3.1300810e-07 -6.3965133e-07 -2.8473919e-07 -3.0225306e-06 -1.0565471e-05 -1.6594184e-05 -2.8816791e-05 -3.8050682e-05 -4.1839036e-05 -4.3232289e-05 -4.2240001e-05 -4.1134540e-05 -3.9180942e-05 -3.6815777e-05 -3.3424069e-05 -3.0264099e-05 -2.7074036e-05 -2.3129412e-05
6.3655441e+02 6.7264256e+02 7.1894568e+02 5.3649280e+02 7.6497565e+02 9.5522410e+02 6.1337742e+02 4.1441069e+02 3.1485650e+02 2.5989046e+02 2.9320408e+02 3.6066052e+02 4.1028481e+02 4.0197530e+02 3.1777041e+02 3.3708849e+02 4.6107409e+02 4.5456791e+02 3.8058301e+02 4.4003979e+02 4.5126012e+02 4.0202778e+02 3.7898628e+02 2.8319495e+02 2.1118603e+02 2.4613424e+02 2.2540293e+02 1.9321450e+02 1.0448731e+02 -3.9382669e-05 -4.3676364e-05 1.5212785e+01 2.2713471e+01 -1.0242458e-04 -1.0894184e-04 -1.1189270e-04 -1.0626684e-04 -9.7529940e-05 -8.8458595e-05 -8.1981256e-05 -7.7013624e-05 -7.2850722e-05 -6.8954216e-05 -6.5508715e-05 -6.2034484e-05 -5.8312892e-05 -5.4035130e-05 -4.9365713e-05 -4.5311492e-05 -4.2006866e-05
2.2197964e+02 2.0592683e+02 2.9484577e+02 3.3389720e+02 4.6847933e+02 6.0776609e+02 3.3481402e+02 2.8892476e+02 3.5261661e+02 1.7291855e+02 3.9969284e+01 1.4673602e+02 3.3576639e+02 5.2169219e+02 4.1016562e+02 2.0325328e+02 2.5007110e+02 2.1984370e+02 1.3133852e+02 2.0612148e+02 2.8760285e+02 2.3808525e+02 2.0013736e+02 1.7163253e+02 1.3486717e+02 1.8365979e+02 1.4440375e+02 5.1383735e+01 -1.8441460e-04 -1.7459391e-04 -1.6884277e-04 -1.6872738e-04 -1.6057646e-04 -1.5068940e-04 -1.4494011e-04 -1.3812341e-04 -1.3038227e-04 -1.2296811e-04 -1.1371302e-04 -1.0491832e-04 -9.7190332e-05 -9.0517565e-05 -8.4752349e-05 -7.9642769e-05 -7.4930804e-05 -7.0275526e-05 -6.5430593e-05 -6.0120218e-05 -5.5164989e-05 -5.0757697e-05
