visualization/geoclaw_output/chile2010/eta_0002.asc
ncols     360
nrows     360
xllcorner -1.199166666650000e+02
yllcorner -5.991666666500000e+01
cellsize  1.666666700000000e-01
nodata_value       -9999
[rows 176 to 197 of 360, columns 250 to 299 of 360]
8.9269491e-02 1.1614873e-01 1.4458109e-01 1.7360214e-01 2.0146509e-01 2.2660151e-01 2.4891192e-01 2.6817468e-01 2.8387436e-01 2.9589283e-01 3.0396499e-01 3.0753368e-01 3.0777002e-01 3.0566876e-01 3.0267798e-01 2.9959605e-01 2.9672370e-01 2.9409879e-01 2.9175536e-01 2.9012181e-01 2.8928865e-01 2.8930367e-01 2.8960706e-01 2.9011985e-01 2.9066904e-01 2.9121746e-01 2.9169307e-01 2.9195613e-01 2.9221483e-01 2.9272654e-01 2.9363089e-01 2.9472664e-01 2.9632395e-01 2.9912905e-01 3.0544461e-01 3.1303328e-01 3.2297001e-01 3.3797788e-01 3.5854740e-01 3.8988538e-01 4.6562153e-01 5.3951457e-01 2.6746979e+02 6.9968842e+02 9.6945517e+02 1.6440135e+03 2.8512822e+03 3.3809375e+03 3.6484539e+03 4.2877795e+03
1.2359448e-01 1.5471241e-01 1.8587411e-01 2.1591593e-01 2.4278823e-01 2.6591022e-01 2.8495777e-01 2.9969257e-01 3.0995328e-01 3.1492850e-01 3.1564411e-01 3.1262000e-01 3.0872790e-01 3.0470166e-01 3.0073799e-01 2.9725096e-01 2.9394732e-01 2.9065258e-01 2.8807081e-01 2.8607203e-01 2.8415094e-01 2.8295391e-01 2.8255458e-01 2.8247515e-01 2.8218825e-01 2.8181892e-01 2.8192727e-01 2.8177085e-01 2.8114516e-01 2.8054105e-01 2.8068671e-01 2.8204096e-01 2.8517513e-01 2.9047149e-01 2.9755882e-01 3.0454521e-01 3.1555534e-01 3.3414691e-01 3.6162312e-01 3.9672829e-01 4.7545213e-01 5.3256064e-01 3.6600330e+02 8.5901816e+02 1.1464964e+03 1.7602044e+03 2.5752936e+03 3.4867838e+03 3.8367446e+03 3.9395662e+03
1.6317364e-01 1.9683779e-01 2.2846597e-01 2.5719095e-01 2.8105373e-01 2.9957895e-01 3.1309236e-01 3.2066357e-01 3.2296774e-01 3.2056718e-01 3.1617680e-01 3.1152485e-01 3.0675868e-01 3.0158343e-01 2.9610384e-01 2.9019268e-01 2.8390034e-01 2.7834276e-01 2.7379885e-01 2.7006194e-01 2.6672210e-01 2.6421514e-01 2.6239124e-01 2.6097759e-01 2.5974021e-01 2.5828393e-01 2.5684876e-01 2.5525179e-01 2.5380763e-01 2.5278008e-01 2.5267337e-01 2.5407289e-01 2.5742336e-01 2.6316412e-01 2.7024863e-01 2.7912751e-01 2.9269426e-01 3.1452764e-01 3.4667956e-01 3.9053727e-01 4.6841164e-01 5.1701431e-01 2.6202549e+02 7.8200305e+02 1.1667480e+03 1.9392463e+03 2.2218041e+03 2.6566960e+03 3.6618040e+03 3.9514300e+03
2.0516759e-01 2.3946270e-01 2.6953647e-01 2.9437012e-01 3.1239473e-01 3.2381164e-01 3.2905068e-01 3.2876934e-01 3.2427947e-01 3.1899104e-01 3.1322926e-01 3.0623110e-01 2.9810295e-01 2.8961881e-01 2.8106794e-01 2.7262632e-01 2.6446242e-01 2.5707103e-01 2.5070883e-01 2.4569988e-01 2.4163020e-01 2.3834004e-01 2.3547480e-01 2.3276030e-01 2.3025720e-01 2.2763395e-01 2.2499041e-01 2.2234948e-01 2.2013946e-01 2.1861767e-01 2.1782535e-01 2.1819870e-01 2.2063635e-01 2.2619133e-01 2.3383824e-01 2.4424400e-01 2.5773343e-01 2.7895020e-01 3.1041104e-01 3.5490499e-01 4.3131193e-01 5.0677715e-01 2.6097461e+02 6.1604324e+02 8.5808815e+02 1.4988766e+03 1.8900381e+03 2.4193687e+03 3.4560031e+03 3.7901155e+03
2.4757340e-01 2.7990521e-01 3.0558170e-01 3.2367361e-01 3.3337311e-01 3.3612031e-01 3.3379043e-01 3.2820200e-01 3.2146143e-01 3.1314581e-01 3.0291064e-01 2.9194633e-01 2.8064561e-01 2.6931900e-01 2.5844752e-01 2.4843725e-01 2.3918410e-01 2.3115465e-01 2.2449201e-01 2.1878655e-01 2.1379121e-01 2.0949305e-01 2.0580868e-01 2.0233348e-01 1.9882946e-01 1.9529650e-01 1.9165881e-01 1.8801097e-01 1.8473313e-01 1.8208170e-01 1.8031264e-01 1.8027822e-01 1.8234740e-01 1.8657486e-01 1.9397031e-01 2.0239883e-01 2.1450946e-01 2.3192441e-01 2.5636066e-01 2.9072774e-01 3.4961966e-01 6.9252961e+00 3.9440754e+02 5.6175443e+02 8.0985340e+02 1.3214322e+03 1.8455666e+03 2.8213222e+03 3.4533509e+03 3.6504311e+03
2.8729243e-01 3.1426298e-01 3.3270330e-01 3.4134972e-01 3.4266145e-01 3.3879664e-01 3.3240731e-01 3.2324444e-01 3.1147884e-01 2.9854934e-01 2.8482895e-01 2.7117675e-01 2.5768534e-01 2.4473122e-01 2.3270059e-01 2.2186237e-01 2.1194937e-01 2.0350662e-01 1.9655548e-01 1.9035719e-01 1.8487263e-01 1.7983872e-01 1.7539972e-01 1.7131787e-01 1.6692932e-01 1.6257228e-01 1.5767940e-01 1.5270809e-01 1.4823490e-01 1.4398639e-01 1.4061750e-01 1.3938289e-01 1.3989118e-01 1.4202729e-01 1.4732806e-01 1.5250598e-01 1.6195233e-01 1.7580190e-01 1.9343088e-01 2.2187142e-01 3.0736699e-01 2.9590133e+02 6.0452891e+02 7.1762165e+02 1.1460660e+03 1.7039208e+03 2.1892257e+03 3.0957320e+03 3.8834571e+03 4.1436669e+03
3.2081151e-01 3.3968454e-01 3.4832202e-01 3.4930078e-01 3.4441829e-01 3.3626426e-01 3.2433663e-01 3.0970255e-01 2.9386658e-01 2.7806891e-01 2.6239228e-01 2.4714060e-01 2.3248497e-01 2.1868106e-01 2.0601139e-01 1.9453594e-01 1.8421615e-01 1.7535476e-01 1.6777284e-01 1.6103148e-01 1.5525793e-01 1.4981090e-01 1.4473571e-01 1.4005915e-01 1.3474632e-01 1.2904990e-01 1.2279955e-01 1.1649569e-01 1.1056922e-01 1.0459276e-01 9.9217462e-02 9.5713303e-02 9.4117879e-02 9.3857545e-02 9.6569134e-02 9.8387093e-02 1.0358623e-01 1.1118385e-01 1.1062752e-01 1.2978919e-01 2.2613707e+02 4.2079247e+02 6.1896533e+02 7.6333630e+02 1.2305034e+03 1.7867355e+03 2.4780400e+03 3.4902125e+03 4.2831561e+03 4.2407873e+03
3.4576730e-01 3.5402392e-01 3.5577783e-01 3.5034369e-01 3.4029027e-01 3.2599795e-01 3.0890481e-01 2.9092458e-01 2.7288047e-01 2.5547573e-01 2.3867694e-01 2.2259636e-01 2.0718842e-01 1.9259664e-01 1.7908729e-01 1.6689305e-01 1.5625049e-01 1.4677575e-01 1.3835293e-01 1.3119482e-01 1.2520296e-01 1.1945087e-01 1.1379814e-01 1.0830496e-01 1.0190306e-01 9.4492659e-02 8.6964377e-02 7.9320847e-02 7.1485903e-02 6.3753790e-02 5.6435617e-02 5.0108346e-02 4.5833103e-02 4.2658497e-02 4.1434223e-02 4.0195857e-02 3.9331977e-02 4.0345474e-02 3.0856623e-02 4.3143979e-02 2.6239261e+02 2.9087092e+02 4.4076468e+02 6.8442683e+02 1.1301400e+03 1.8818366e+03 2.7720137e+03 3.6539723e+03 4.0571513e+03 3.8630747e+03
3.5978798e-01 3.6127510e-01 3.5611456e-01 3.4464169e-01 3.2837433e-01 3.0955854e-01 2.8976978e-01 2.7022881e-01 2.5117558e-01 2.3288281e-01 2.1526457e-01 1.9820892e-01 1.8169492e-01 1.6608640e-01 1.5159322e-01 1.3861307e-01 1.2735665e-01 1.1721214e-01 1.0821358e-01 1.0098517e-01 9.4693747e-02 8.8745470e-02 8.2724935e-02 7.6125636e-02 6.8682509e-02 6.0185898e-02 5.1513395e-02 4.2539437e-02 3.2850891e-02 2.3247691e-02 1.3993772e-02 5.2052809e-03 -2.2776093e-03 -8.4593772e-03 -1.3689707e-02 -1.8857774e-02 -2.7130046e-02 -3.6480420e-02 -5.3366271e-02 -5.3874731e-02 2.6068132e+02 2.5640811e+02 4.9126320e+02 6.8227990e+02 9.5129944e+02 1.6798826e+03 2.7663953e+03 3.7270576e+03 3.9564540e+03 3.8320569e+03
3.6720711e-01 3.6271531e-01 3.5094941e-01 3.3337288e-01 3.1271758e-01 2.9109924e-01 2.6978985e-01 2.4932798e-01 2.2957943e-01 2.1032149e-01 1.9148729e-01 1.7297554e-01 1.5505531e-01 1.3827390e-01 1.2277414e-01 1.0893719e-01 9.6834229e-02 8.6177668e-02 7.7332848e-02 7.0221572e-02 6.3637461e-02 5.7599758e-02 5.1537892e-02 4.4044533e-02 3.5993877e-02 2.6937997e-02 1.7078974e-02 6.9206402e-03 -4.0773199e-03 -1.5565385e-02 -2.6914967e-02 -3.8306478e-02 -4.9149307e-02 -5.8918127e-02 -6.8007593e-02 -7.7401173e-02 -9.2598742e-02 -1.1209852e-01 -1.3704957e-01 -1.4987834e-01 2.2108295e+02 3.7986892e+02 6.6658824e+02 9.2837384e+02 1.2086673e+03 1.5916842e+03 2.4981192e+03 3.5155247e+03 3.9278987e+03 3.7982954e+03
3.6998476e-01 3.5853608e-01 3.4016369e-01 3.1829638e-01 2.9537658e-01 2.7245351e-01 2.5026550e-01 2.2884351e-01 2.0772881e-01 1.8669053e-01 1.6597351e-01 1.4562650e-01 1.2614064e-01 1.0798649e-01 9.1476802e-02 7.6960110e-02 6.4319620e-02 5.3868236e-02 4.5698924e-02 3.8864753e-02 3.2417031e-02 2.6484398e-02 2.0244679e-02 1.2543351e-02 4.4527732e-03 -4.8735595e-03 -1.5420328e-02 -2.6226112e-02 -3.8527031e-02 -5.2011563e-02 -6.5711293e-02 -7.9707600e-02 -9.3892673e-02 -1.0739260e-01 -1.2005370e-01 -1.3403261e-01 -1.5430121e-01 -1.8120140e-01 -2.1882340e-01 -2.4114484e-01 2.6243326e+02 6.9698892e+02 9.3539124e+02 1.0853098e+03 1.4223708e+03 2.0476022e+03 2.8497815e+03 3.4412118e+03 3.8127565e+03 3.8004386e+03
3.6745120e-01 3.4894492e-01 3.2599655e-01 3.0181868e-01 2.7774130e-01 2.5397574e-01 2.3065560e-01 2.0753274e-01 1.8411250e-01 1.6062636e-01 1.3748565e-01 1.1510699e-01 9.3953601e-02 7.4501071e-02 5.7359918e-02 4.2705125e-02 3.0443703e-02 2.0787815e-02 1.3407048e-02 7.0792872e-03 1.2554726e-03 -4.1583722e-03 -1.0243932e-02 -1.7628745e-02 -2.5454802e-02 -3.4733316e-02 -4.5291690e-02 -5.6866057e-02 -7.0408528e-02 -8.5443160e-02 -1.0144486e-01 -1.1829925e-01 -1.3557196e-01 -1.5214594e-01 -1.6819009e-01 -1.8658986e-01 -2.1126725e-01 -2.4368551e-01 -2.8954420e-01 -3.1449546e-01 3.1685230e+02 8.1077172e+02 1.0825289e+03 1.2421328e+03 1.7521463e+03 2.6847134e+03 3.3139325e+03 3.5450531e+03 3.9154327e+03 4.0820859e+03
3.5952765e-01 3.3626089e-01 3.1073623e-01 2.8521071e-01 2.6014965e-01 2.3499780e-01 2.0965553e-01 1.8395295e-01 1.5756757e-01 1.3116551e-01 1.0540097e-01 8.1021230e-02 5.8428075e-02 3.8257232e-02 2.1140169e-02 6.9762372e-03 -4.2182083e-03 -1.2736093e-02 -1.9316141e-02 -2.4769576e-02 -2.9401782e-02 -3.4016981e-02 -3.9688385e-02 -4.6212738e-02 -5.3669407e-02 -6.2414275e-02 -7.2623323e-02 -8.5202230e-02 -9.9697260e-02 -1.1580585e-01 -1.3389738e-01 -1.5355391e-01 -1.7328324e-01 -1.9204895e-01 -2.1089016e-01 -2.3319879e-01 -2.6286269e-01 -2.9764090e-01 -3.4229585e-01 -3.6633262e-01 1.3764758e+02 5.7219274e+02 9.3189634e+02 1.3020096e+03 1.8988694e+03 2.8315561e+03 3.4840703e+03 3.6617187e+03 3.9008901e+03 4.1711232e+03
3.4844533e-01 3.2215452e-01 2.9517672e-01 2.6831967e-01 2.4149964e-01 2.1413968e-01 1.8592073e-01 1.5692578e-01 1.2724993e-01 9.7819621e-02 6.9750920e-02 4.3720106e-02 2.0425578e-02 4.2270097e-04 -1.6282138e-02 -2.9573572e-02 -3.9516712e-02 -4.6575686e-02 -5.2005842e-02 -5.6247156e-02 -5.9322325e-02 -6.2912537e-02 -6.7659227e-02 -7.2909767e-02 -7.9649739e-02 -8.7755441e-02 -9.7776436e-02 -1.1074507e-01 -1.2539929e-01 -1.4243165e-01 -1.6213458e-01 -1.8375417e-01 -2.0519336e-01 -2.2549854e-01 -2.4658839e-01 -2.7205727e-01 -3.0567999e-01 -3.4289980e-01 -3.8660472e-01 -4.2308048e-01 7.3206785e+01 4.3454014e+02 6.5327928e+02 1.0612048e+03 1.6401040e+03 2.4182367e+03 3.3266539e+03 3.7455723e+03 3.6497290e+03 3.8661549e+03
3.3527077e-01 3.0708368e-01 2.7849321e-01 2.4966228e-01 2.2039873e-01 1.8996083e-01 1.5828250e-01 1.2588580e-01 9.3216378e-02 6.1343420e-02 3.1455535e-02 4.2902058e-03 -1.9032155e-02 -3.8440849e-02 -5.4209959e-02 -6.6089829e-02 -7.4453224e-02 -7.9907066e-02 -8.4248211e-02 -8.6976674e-02 -8.8160161e-02 -9.0352705e-02 -9.3590864e-02 -9.7589591e-02 -1.0314011e-01 -1.1047159e-01 -1.2009047e-01 -1.3254885e-01 -1.4718919e-01 -1.6470355e-01 -1.8533528e-01 -2.0812011e-01 -2.3085164e-01 -2.5284328e-01 -2.7604424e-01 -3.0395934e-01 -3.4012981e-01 -3.8010873e-01 -4.2004468e-01 -4.7434876e-01 1.8105976e+01 2.9170870e+02 4.1924396e+02 7.3528353e+02 1.2348170e+03 1.8813292e+03 2.8835354e+03 3.6506108e+03 3.7295980e+03 3.4850839e+03
3.2039584e-01 2.9036016e-01 2.5963016e-01 2.2775706e-01 1.9518898e-01 1.6151561e-01 1.2656031e-01 9.0970648e-02 5.5624335e-02 2.1996560e-02 -8.8920639e-03 -3.6254016e-02 -5.9042258e-02 -7.7481653e-02 -9.1712112e-02 -1.0159423e-01 -1.0777475e-01 -1.1220255e-01 -1.1503464e-01 -1.1574738e-01 -1.1522618e-01 -1.1551584e-01 -1.1691706e-01 -1.1948296e-01 -1.2401616e-01 -1.3013285e-01 -1.3861444e-01 -1.5050678e-01 -1.6489143e-01 -1.8213406e-01 -2.0266712e-01 -2.2545199e-01 -2.4835232e-01 -2.7046269e-01 -2.9374646e-01 -3.2143684e-01 -3.5813267e-01 -4.0141963e-01 -4.5308007e-01 -5.3548388e-01 -7.5940454e-01 3.3143718e+02 5.9340079e+02 7.8876624e+02 1.1033047e+03 1.8837474e+03 2.6700447e+03 3.1853592e+03 3.8870579e+03 3.9063388e+03
3.0393784e-01 2.7163681e-01 2.3806232e-01 2.0270098e-01 1.6648239e-01 1.2939690e-01 9.1300355e-02 5.2713995e-02 1.5309017e-02 -1.9625289e-02 -5.0764337e-02 -7.7272298e-02 -9.8832247e-02 -1.1531698e-01 -1.2723839e-01 -1.3457203e-01 -1.3895448e-01 -1.4243384e-01 -1.4223249e-01 -1.4042697e-01 -1.3842548e-01 -1.3695294e-01 -1.3684647e-01 -1.3813950e-01 -1.4142670e-01 -1.4624537e-01 -1.5251770e-01 -1.6361827e-01 -1.7725296e-01 -1.9378144e-01 -2.1363568e-01 -2.3589467e-01 -2.5863884e-01 -2.8027014e-01 -3.0308792e-01 -3.3064555e-01 -3.6770450e-01 -4.0900060e-01 -4.5896949e-01 -5.4144342e-01 -7.5180099e-01 4.1190721e+02 8.3883276e+02 1.1165630e+03 1.3214562e+03 2.1420031e+03 2.8238516e+03 3.0641845e+03 3.6421203e+03 3.9689260e+03
2.8590112e-01 2.5089050e-01 2.1418631e-01 1.7540216e-01 1.3510814e-01 9.4264990e-02 5.3201828e-02 1.2478117e-02 -2.6257200e-02 -6.1672276e-02 -9.1895446e-02 -1.1695782e-01 -1.3684216e-01 -1.5084765e-01 -1.5972738e-01 -1.6452860e-01 -1.6767936e-01 -1.6848842e-01 -1.6526824e-01 -1.6132326e-01 -1.5785524e-01 -1.5470861e-01 -1.5278812e-01 -1.5253979e-01 -1.5436704e-01 -1.5775784e-01 -1.6121527e-01 -1.7036847e-01 -1.8362306e-01 -1.9930098e-01 -2.1795006e-01 -2.3840623e-01 -2.5966846e-01 -2.8023008e-01 -3.0346529e-01 -3.3195749e-01 -3.6848904e-01 -4.0849554e-01 -4.5425121e-01 -5.1754303e-01 -6.6064519e-01 2.0512849e+02 6.1709441e+02 1.0487656e+03 1.1806456e+03 1.7183960e+03 2.5858637e+03 3.1582416e+03 3.3966864e+03 3.4425169e+03
2.6667773e-01 2.2856586e-01 1.8834215e-01 1.4585022e-01 1.0202790e-01 5.7946663e-02 1.4126671e-02 -2.7743293e-02 -6.6864694e-02 -1.0163960e-01 -1.3039742e-01 -1.5372065e-01 -1.7141391e-01 -1.8264323e-01 -1.8832091e-01 -1.9166456e-01 -1.9296707e-01 -1.9009527e-01 -1.8462079e-01 -1.7859261e-01 -1.7334581e-01 -1.6867982e-01 -1.6499377e-01 -1.6309428e-01 -1.6282409e-01 -1.6410612e-01 -1.6511204e-01 -1.7312837e-01 -1.8438139e-01 -1.9833171e-01 -2.1482360e-01 -2.3288701e-01 -2.5326301e-01 -2.7349648e-01 -2.9478824e-01 -3.2074660e-01 -3.5533175e-01 -3.9231710e-01 -4.3060529e-01 -4.6984395e-01 -5.6628759e-01 5.9529444e+01 3.1630816e+02 6.6019759e+02 1.0453984e+03 1.4052732e+03 1.9188877e+03 2.7109652e+03 3.3493252e+03 3.5616239e+03
2.4607361e-01 2.0419795e-01 1.6044289e-01 1.1467769e-01 6.8030095e-02 2.1479215e-02 -2.3540543e-02 -6.5613422e-02 -1.0449987e-01 -1.3830376e-01 -1.6575869e-01 -1.8724454e-01 -2.0233391e-01 -2.1016251e-01 -2.1373117e-01 -2.1571657e-01 -2.1389626e-01 -2.0790075e-01 -2.0040342e-01 -1.9235384e-01 -1.8508480e-01 -1.7865725e-01 -1.7311154e-01 -1.6915574e-01 -1.6676026e-01 -1.6559777e-01 -1.6677132e-01 -1.7177172e-01 -1.8060521e-01 -1.9124350e-01 -2.0614268e-01 -2.2302019e-01 -2.3977930e-01 -2.5487700e-01 -2.7275116e-01 -2.9779647e-01 -3.2938497e-01 -3.5901445e-01 -3.8734140e-01 -4.1384368e-01 -4.9078439e-01 1.5346025e+02 3.3774580e+02 5.6292548e+02 1.2062363e+03 1.4215741e+03 1.6780006e+03 2.5569221e+03 3.4513018e+03 4.2349872e+03
2.2303519e-01 1.7754910e-01 1.3120055e-01 8.2870764e-02 3.3602265e-02 -1.3796911e-02 -5.8827138e-02 -1.0076438e-01 -1.3868551e-01 -1.7145750e-01 -1.9774854e-01 -2.1709006e-01 -2.2873598e-01 -2.3380680e-01 -2.3631084e-01 -2.3604349e-01 -2.3115459e-01 -2.2271245e-01 -2.1313943e-01 -2.0301652e-01 -1.9355224e-01 -1.8480905e-01 -1.7699444e-01 -1.7054374e-01 -1.6565186e-01 -1.6329588e-01 -1.6189268e-01 -1.6510523e-01 -1.7277990e-01 -1.8115827e-01 -1.9083053e-01 -2.0097986e-01 -2.1278541e-01 -2.2541431e-01 -2.4076363e-01 -2.6233606e-01 -2.8944749e-01 -3.1728741e-01 -3.4614626e-01 -3.7239950e-01 -4.5988668e-01 2.8023604e+02 4.3481749e+02 5.2775992e+02 9.9235322e+02 1.0679793e+03 1.3262989e+03 2.1848364e+03 3.1528482e+03 3.9669971e+03
1.9686993e-01 1.4891702e-01 1.0054119e-01 5.0623132e-02 3.3893806e-04 -4.7217316e-02 -9.2497781e-02 -1.3415714e-01 -1.7008156e-01 -2.0152875e-01 -2.2652471e-01 -2.4289794e-01 -2.5070832e-01 -2.5419266e-01 -2.5539883e-01 -2.5214320e-01 -2.4474461e-01 -2.3445788e-01 -2.2298394e-01 -2.1094943e-01 -1.9929726e-01 -1.8789913e-01 -1.7729668e-01 -1.6878599e-01 -1.6160226e-01 -1.5584591e-01 -1.5131674e-01 -1.5058258e-01 -1.5202531e-01 -1.5655664e-01 -1.6323491e-01 -1.7161557e-01 -1.8156454e-01 -1.9167786e-01 -2.0343364e-01 -2.2082531e-01 -2.4054808e-01 -2.6321077e-01 -2.8311801e-01 -3.1451723e-01 4.2295211e+00 2.5835266e+02 3.4131165e+02 5.9955716e+02 8.5469798e+02 8.0370945e+02 1.1267998e+03 2.0379967e+03 3.0240450e+03 3.7050363e+03
