visualization/geoclaw_output/chile2010/eta_0002.asc
ncols     360
nrows     360
xllcorner -1.199166666650000e+02
yllcorner -5.991666666500000e+01
cellsize  1.666666700000000e-01
nodata_value       -9999
[rows 242 to 263 of 360, columns 250 to 299 of 360]
7.6973872e-02 8.2283546e-02 8.8465234e-02 9.5246491e-02 1.0211305e-01 1.0869059e-01 1.1505215e-01 1.2127025e-01 1.2701124e-01 1.3215961e-01 1.3679993e-01 1.4081103e-01 1.4417908e-01 1.4735163e-01 1.4989678e-01 1.5196315e-01 1.5372385e-01 1.5506449e-01 1.5586276e-01 1.5733156e-01 1.5797616e-01 1.5658867e-01 1.5268910e-01 1.4565411e-01 1.3238152e-01 1.1017146e-01 1.2483933e-01 1.3202436e+02 2.9427405e+02 1.6949339e+02 8.0749071e+01 9.0244530e+01 1.1148390e+02 2.0849979e+02 3.0398968e+02 5.9064503e+02 8.7554430e+02 8.0028945e+02 8.6562191e+02 1.1987456e+03 1.3677557e+03 1.2609699e+03 1.2073036e+03 1.1518052e+03 9.3899360e+02 7.5973441e+02 7.7226951e+02 8.1256668e+02 7.5930790e+02 8.1224370e+02
6.8122242e-02 7.1675632e-02 7.6282317e-02 8.1556052e-02 8.7315955e-02 9.3152347e-02 9.8834782e-02 1.0443292e-01 1.0990291e-01 1.1487701e-01 1.1941819e-01 1.2353811e-01 1.2696587e-01 1.2997737e-01 1.3256822e-01 1.3468773e-01 1.3644621e-01 1.3775539e-01 1.3861558e-01 1.3977366e-01 1.4024795e-01 1.3854671e-01 1.3491525e-01 1.2740945e-01 1.1733108e-01 1.2059148e-01 1.8929249e-01 1.8170484e+02 3.3071065e+02 2.1398816e+02 1.1648609e+02 1.0649875e+02 1.5249917e+02 2.1174886e+02 2.8601786e+02 5.5487054e+02 9.0344550e+02 1.0188712e+03 1.1020307e+03 1.1585212e+03 1.3262615e+03 1.2735251e+03 9.9628374e+02 9.2253966e+02 8.8527876e+02 8.2948671e+02 8.2520837e+02 8.7215812e+02 7.5794227e+02 8.5523848e+02
6.3798118e-02 6.4753586e-02 6.7208525e-02 7.0778068e-02 7.5106958e-02 7.9858818e-02 8.4768364e-02 8.9661850e-02 9.4582841e-02 9.9212487e-02 1.0354022e-01 1.0747192e-01 1.1083476e-01 1.1371570e-01 1.1617716e-01 1.1833154e-01 1.2001948e-01 1.2124121e-01 1.2220343e-01 1.2312983e-01 1.2370607e-01 1.2182045e-01 1.1892664e-01 1.1143062e-01 1.0883673e-01 1.2337931e-01 1.8717520e+01 3.3823005e+02 3.9476285e+02 2.4349958e+02 1.7573924e+02 1.3224050e+02 1.5200104e+02 2.2399603e+02 2.6649018e+02 4.1718619e+02 6.2766844e+02 8.7518807e+02 1.0972211e+03 1.0257842e+03 1.1975422e+03 1.2987142e+03 1.1191647e+03 1.0114229e+03 9.8967742e+02 9.4671439e+02 9.5123924e+02 1.0967486e+03 9.7371794e+02 9.8870582e+02
6.3413209e-02 6.2834743e-02 6.2975496e-02 6.4164061e-02 6.6545717e-02 6.9722051e-02 7.3458970e-02 7.7392977e-02 8.1485505e-02 8.5576767e-02 8.9522476e-02 9.3187513e-02 9.6432785e-02 9.9198459e-02 1.0153441e-01 1.0357154e-01 1.0516166e-01 1.0620180e-01 1.0728553e-01 1.0797327e-01 1.0788834e-01 1.0675259e-01 1.0603529e-01 1.0801965e-01 1.1472218e-01 1.4956826e-01 1.3573351e+02 3.7925284e+02 3.3376271e+02 2.6249244e+02 2.2898844e+02 1.8423771e+02 1.2700945e+02 1.8052227e+02 3.5772153e+02 7.2693403e+02 8.8247500e+02 9.0155126e+02 1.0950300e+03 1.0701969e+03 1.0285286e+03 1.1176122e+03 1.1180864e+03 1.0835473e+03 1.1265155e+03 1.0327497e+03 1.0064876e+03 1.1152436e+03 1.0854853e+03 1.0837545e+03
6.3927315e-02 6.3020526e-02 6.2416848e-02 6.2091974e-02 6.2531592e-02 6.3702504e-02 6.5709522e-02 6.8367714e-02 7.1373370e-02 7.4573139e-02 7.7828173e-02 8.1034243e-02 8.4006261e-02 8.6612523e-02 8.8861409e-02 9.0716237e-02 9.2223709e-02 9.3137346e-02 9.4220343e-02 9.4753375e-02 9.4432102e-02 9.4698105e-02 9.8916790e-02 1.0890156e-01 1.2940616e-01 1.6557225e-01 1.4726173e+02 3.1252536e+02 2.6426659e+02 2.8849662e+02 2.6774524e+02 1.8926025e+02 8.2759193e+01 9.1265322e+01 3.2629195e+02 7.7704523e+02 1.0327116e+03 9.5842434e+02 1.2321618e+03 1.3831711e+03 1.1681622e+03 1.0534142e+03 9.1674820e+02 9.7274926e+02 1.0870011e+03 1.0225046e+03 9.8327230e+02 1.0215461e+03 1.0150446e+03 1.0667526e+03
6.5421329e-02 6.3914358e-02 6.2908523e-02 6.2300626e-02 6.1951614e-02 6.1887446e-02 6.2388440e-02 6.3457221e-02 6.5164154e-02 6.7201565e-02 6.9442251e-02 7.1846353e-02 7.4222101e-02 7.6476045e-02 7.8575860e-02 8.0307098e-02 8.1738736e-02 8.2785598e-02 8.3779383e-02 8.4370760e-02 8.4679295e-02 8.6641621e-02 9.3008509e-02 1.0706772e-01 1.4205736e-01 1.6492130e-01 5.1279018e+01 2.1551573e+02 2.6623246e+02 2.7176052e+02 2.0977944e+02 1.3951084e+02 1.0897959e+02 2.5266592e+02 4.5740200e+02 6.9948746e+02 9.6056930e+02 1.0357933e+03 1.2825674e+03 1.3465950e+03 1.1975759e+03 1.2719934e+03 1.1741423e+03 1.0889513e+03 1.1297308e+03 1.0967138e+03 1.0282084e+03 1.0244524e+03 1.0439428e+03 1.1224736e+03
6.7247950e-02 6.5526760e-02 6.4090742e-02 6.3092615e-02 6.2496567e-02 6.2138897e-02 6.2031368e-02 6.2188947e-02 6.2733790e-02 6.3663535e-02 6.4880245e-02 6.6383506e-02 6.7982570e-02 6.9648204e-02 7.1394495e-02 7.3000250e-02 7.4353298e-02 7.5683623e-02 7.6795326e-02 7.7743374e-02 7.9327669e-02 8.3349217e-02 9.1069515e-02 1.0572253e-01 1.2774006e-01 1.2875958e-01 6.9938016e-02 1.0253250e+02 1.7905496e+02 1.3579758e+02 7.2529082e+01 7.9014968e+01 1.0652160e+02 3.1780677e+02 6.1778004e+02 6.0280399e+02 7.5951625e+02 1.0734403e+03 1.0525306e+03 9.2233586e+02 9.5002951e+02 1.3717140e+03 1.5634418e+03 1.3054564e+03 1.2032379e+03 1.2032409e+03 1.1534882e+03 1.2532001e+03 1.3861612e+03 1.3114457e+03
6.8358615e-02 6.6867312e-02 6.5474250e-02 6.4257152e-02 6.3307395e-02 6.2678659e-02 6.2324071e-02 6.2200616e-02 6.2312973e-02 6.2660065e-02 6.3253437e-02 6.4135646e-02 6.5170641e-02 6.6318660e-02 6.7639726e-02 6.9036829e-02 7.0328152e-02 7.1804457e-02 7.3158594e-02 7.4549120e-02 7.7237824e-02 8.2734749e-02 9.2836365e-02 1.0683063e-01 1.1098865e-01 1.0129677e-01 3.8777456e-02 1.1756345e+01 3.4007098e+01 2.2500860e+01 6.0226017e+01 7.0488600e+01 0.0000000e+00 5.5055924e+01 4.3729743e+02 3.8628882e+02 4.1313271e+02 8.6839831e+02 9.6875527e+02 9.8138815e+02 9.9445117e+02 1.2498387e+03 1.5285736e+03 1.5174527e+03 1.4321636e+03 1.2724794e+03 1.1410172e+03 1.3175226e+03 1.4920439e+03 1.3362940e+03
6.8856500e-02 6.7507165e-02 6.6252316e-02 6.5094424e-02 6.4092859e-02 6.3320595e-02 6.2820794e-02 6.2563146e-02 6.2517756e-02 6.2667776e-02 6.3018316e-02 6.3622338e-02 6.4362531e-02 6.5247839e-02 6.6310784e-02 6.7511477e-02 6.8749761e-02 7.0273191e-02 7.2099008e-02 7.4146272e-02 7.7924357e-02 8.4704835e-02 9.5677698e-02 1.0067339e-01 9.5895851e-02 6.5838948e-02 -4.2056670e-03 4.4967546e+00 1.4751190e+01 5.0067070e+00 4.5780398e+01 5.3768715e+01 0.0000000e+00 8.9678710e+01 5.2991216e+02 6.4609844e+02 5.1182367e+02 5.8647274e+02 9.0002445e+02 1.1452916e+03 9.5606577e+02 1.0362531e+03 1.3367590e+03 1.4313349e+03 1.4460809e+03 1.2665234e+03 1.1582252e+03 1.2527553e+03 1.3272772e+03 1.1782741e+03
6.8828548e-02 6.7871685e-02 6.6795608e-02 6.5735504e-02 6.4813259e-02 6.4017994e-02 6.3414232e-02 6.2998216e-02 6.2789164e-02 6.2804448e-02 6.3035333e-02 6.3506509e-02 6.4149208e-02 6.4973760e-02 6.5930649e-02 6.7047649e-02 6.8236897e-02 6.9792573e-02 7.1805647e-02 7.4123251e-02 7.8305679e-02 8.6774510e-02 9.2896900e-02 8.9816301e-02 6.9914547e-02 1.2025036e-02 5.8984113e+01 3.6239445e+01 6.7522851e+00 0.0000000e+00 0.0000000e+00 0.0000000e+00 0.0000000e+00 1.1306159e+02 4.4712448e+02 9.5951610e+02 1.2733459e+03 9.1488444e+02 6.9831322e+02 9.0731170e+02 8.1324597e+02 8.5807443e+02 1.0431188e+03 1.0980596e+03 1.1640413e+03 1.0958008e+03 1.1315366e+03 1.1585357e+03 1.1463015e+03 1.0377869e+03
6.6893400e-02 6.6878281e-02 6.6470976e-02 6.5790638e-02 6.5079469e-02 6.4361733e-02 6.3745468e-02 6.3245547e-02 6.2902735e-02 6.2807443e-02 6.2936386e-02 6.3266809e-02 6.3808844e-02 6.4570662e-02 6.5434227e-02 6.6494242e-02 6.7675994e-02 6.9238484e-02 7.1372147e-02 7.3840584e-02 7.8279237e-02 8.5965829e-02 8.3878545e-02 6.7340628e-02 3.4694181e-02 6.6721652e+01 1.2798577e+02 4.7005910e+01 1.3994527e+01 0.0000000e+00 0.0000000e+00 0.0000000e+00 0.0000000e+00 0.0000000e+00 1.0352517e+02 7.4782651e+02 1.4663206e+03 1.3311840e+03 9.7006733e+02 9.5041901e+02 8.2949694e+02 8.2144111e+02 7.9723807e+02 9.0177594e+02 1.0125247e+03 9.1802671e+02 9.2780243e+02 1.0834969e+03 1.1709374e+03 1.0187212e+03
6.2752731e-02 6.3635017e-02 6.4072587e-02 6.4183022e-02 6.4062465e-02 6.3688433e-02 6.3288391e-02 6.2935240e-02 6.2612852e-02 6.2466264e-02 6.2486380e-02 6.2639875e-02 6.3027763e-02 6.3648028e-02 6.4357176e-02 6.5285304e-02 6.6378582e-02 6.7821867e-02 6.9821972e-02 7.2278932e-02 7.5934583e-02 7.7704959e-02 6.6188679e-02 3.6576612e-02 5.2598490e-05 2.1671246e+02 3.0393681e+02 1.0072038e+02 1.9003303e+01 0.0000000e+00 0.0000000e+00 0.0000000e+00 0.0000000e+00 -1.2434498e-14 1.7569286e+02 4.8503875e+02 1.0536108e+03 1.3660511e+03 1.3835018e+03 1.2551973e+03 1.0901383e+03 9.4650418e+02 7.6102796e+02 7.5253963e+02 8.9827543e+02 8.7674130e+02 7.4677697e+02 9.3431881e+02 1.1925535e+03 1.1497213e+03
5.7163769e-02 5.8615139e-02 5.9720209e-02 6.0567792e-02 6.1101714e-02 6.1325683e-02 6.1369916e-02 6.1320191e-02 6.1191044e-02 6.1107876e-02 6.1096407e-02 6.1148513e-02 6.1423055e-02 6.1881508e-02 6.2417559e-02 6.3146755e-02 6.4074688e-02 6.5310145e-02 6.6850391e-02 6.9338845e-02 6.9405370e-02 6.6398504e-02 4.8089024e-02 1.5487928e-02 -8.8568304e-03 2.7101373e+02 3.8877602e+02 1.7174834e+02 7.0019933e+00 0.0000000e+00 0.0000000e+00 0.0000000e+00 0.0000000e+00 1.0655094e+02 3.6772243e+02 4.6846833e+02 5.6160653e+02 1.1372999e+03 1.3030339e+03 1.2652986e+03 1.2115587e+03 8.3679441e+02 9.6987929e+02 9.9460283e+02 9.1121866e+02 8.9650000e+02 7.9020360e+02 8.9919629e+02 1.1179792e+03 1.1862627e+03
5.0277197e-02 5.2234219e-02 5.3897891e-02 5.5209628e-02 5.6282670e-02 5.7078463e-02 5.7581768e-02 5.7901454e-02 5.8102495e-02 5.8244876e-02 5.8356424e-02 5.8433459e-02 5.8662038e-02 5.8962873e-02 5.9318002e-02 5.9815572e-02 6.0494900e-02 6.1437582e-02 6.2515048e-02 6.3994601e-02 6.1996819e-02 5.4403231e-02 3.5228334e-02 4.9050410e-03 -9.3638426e-03 1.7502896e+02 2.6952696e+02 1.3126972e+02 0.0000000e+00 0.0000000e+00 0.0000000e+00 0.0000000e+00 0.0000000e+00 1.4018372e+02 4.8097728e+02 6.7468996e+02 7.3406588e+02 1.1624385e+03 1.1545321e+03 9.2210404e+02 1.0145287e+03 9.9613427e+02 1.2622412e+03 1.2055541e+03 9.1003208e+02 8.9100245e+02 8.2877952e+02 8.4982608e+02 9.0461607e+02 8.6113211e+02
4.2615470e-02 4.4875307e-02 4.6906688e-02 4.8615563e-02 5.0020053e-02 5.1226004e-02 5.2216528e-02 5.2896894e-02 5.3377795e-02 5.3740469e-02 5.4039529e-02 5.4209594e-02 5.4422672e-02 5.4599829e-02 5.4788884e-02 5.5071372e-02 5.5471900e-02 5.6074240e-02 5.6724967e-02 5.6563779e-02 5.3755039e-02 4.0449803e-02 1.9389235e-02 -3.7150323e-03 -8.0186325e-03 1.0725123e+02 1.5627364e+02 5.0016582e+01 1.7458546e+00 0.0000000e+00 0.0000000e+00 0.0000000e+00 0.0000000e+00 2.7025840e+02 7.8063852e+02 1.1323552e+03 1.2057239e+03 1.3019993e+03 1.1122367e+03 7.1323891e+02 1.0089736e+03 1.2714931e+03 1.1925401e+03 1.0100332e+03 9.1046751e+02 9.5871717e+02 8.5245967e+02 8.6666586e+02 8.9513740e+02 9.0984516e+02
3.4837424e-02 3.7155040e-02 3.9326520e-02 4.1260347e-02 4.2907793e-02 4.4377878e-02 4.5590376e-02 4.6580700e-02 4.7295895e-02 4.7825212e-02 4.8281239e-02 4.8566923e-02 4.8771067e-02 4.8873355e-02 4.8925044e-02 4.8957333e-02 4.9032617e-02 4.9395179e-02 4.8841502e-02 4.7571671e-02 4.2974385e-02 2.6744496e-02 6.8162424e-03 -7.3679909e-03 -6.8374817e-03 1.1149684e+02 1.4598084e+02 6.0978363e+01 4.5029301e+00 0.0000000e+00 0.0000000e+00 0.0000000e+00 0.0000000e+00 1.8877829e+02 7.1639121e+02 1.1026591e+03 1.1565485e+03 1.2122911e+03 1.1462481e+03 1.0546072e+03 1.1429662e+03 1.0853409e+03 1.0057938e+03 9.2475507e+02 9.9124628e+02 9.3129542e+02 7.7107731e+02 8.6558520e+02 9.8832134e+02 1.1582938e+03
2.7514969e-02 2.9646201e-02 3.1711635e-02 3.3640690e-02 3.5370725e-02 3.6965324e-02 3.8295959e-02 3.9366554e-02 4.0271234e-02 4.0947990e-02 4.1481963e-02 4.1880506e-02 4.2094183e-02 4.2171762e-02 4.2141386e-02 4.1987069e-02 4.1827272e-02 4.1755499e-02 4.0420353e-02 3.8018069e-02 3.0438695e-02 1.4988199e-02 -2.2925860e-03 4.7183742e+00 1.2994650e+02 1.9871361e+02 2.4672359e+02 1.3973606e+02 -6.7368333e-13 -1.2718715e-12 -2.1316282e-13 0.0000000e+00 1.3114719e+02 4.7634108e+02 5.5468119e+02 8.4170817e+02 1.1412082e+03 1.1217497e+03 1.1897322e+03 1.2325630e+03 9.3587798e+02 8.7100567e+02 9.5947688e+02 9.8771633e+02 1.0049975e+03 8.1575669e+02 7.5917757e+02 7.7795398e+02 8.3624717e+02 1.0025265e+03
2.1138986e-02 2.2927728e-02 2.4696209e-02 2.6418310e-02 2.8012429e-02 2.9495145e-02 3.0829630e-02 3.1947559e-02 3.2886338e-02 3.3671999e-02 3.4221913e-02 3.4649038e-02 3.4869402e-02 3.4938593e-02 3.4844014e-02 3.4591601e-02 3.4344135e-02 3.3851292e-02 3.2649935e-02 2.9215490e-02 1.9066987e-02 4.4697036e-03 -6.6961211e-03 2.3523259e+01 1.2780484e+02 1.9878660e+02 2.1004333e+02 8.7537854e+01 1.1684165e-10 -2.2595259e-11 -5.4569682e-12 -6.7501560e-14 3.3226174e+02 7.3854036e+02 9.6488211e+02 1.1633953e+03 1.1755265e+03 9.2958802e+02 1.2080096e+03 1.4068570e+03 1.0053395e+03 1.0993901e+03 1.2711311e+03 1.1214729e+03 9.5252645e+02 8.8920975e+02 8.9875924e+02 8.4726471e+02 9.5045074e+02 1.0019735e+03
1.5828808e-02 1.7246026e-02 1.8648322e-02 2.0049127e-02 2.1388811e-02 2.2645556e-02 2.3820465e-02 2.4888316e-02 2.5771512e-02 2.6532112e-02 2.7065684e-02 2.7463966e-02 2.7678483e-02 2.7714404e-02 2.7564489e-02 2.7242629e-02 2.6969848e-02 2.6014134e-02 2.4574778e-02 2.0408597e-02 9.9028168e-03 -1.7350387e-03 -5.7000569e-03 -4.3333916e-03 -8.7923490e-04 4.4034176e+01 4.1283832e+01 1.0061202e-07 2.1193941e-08 3.5595349e-10 -7.3470119e-12 1.7421250e+02 6.4584426e+02 8.7789541e+02 1.1917646e+03 1.2495658e+03 9.8656009e+02 9.6464529e+02 1.2714612e+03 1.4068939e+03 1.1226078e+03 1.1363437e+03 1.4093063e+03 1.1897460e+03 8.7076089e+02 9.9399243e+02 9.2572833e+02 8.4948417e+02 1.0532524e+03 1.0427579e+03
1.1471233e-02 1.2577092e-02 1.3632399e-02 1.4691259e-02 1.5736228e-02 1.6746739e-02 1.7703891e-02 1.8581688e-02 1.9347775e-02 1.9989217e-02 2.0466327e-02 2.0826672e-02 2.1012049e-02 2.1008562e-02 2.0833483e-02 2.0514219e-02 2.0188559e-02 1.8922439e-02 1.6798551e-02 1.2507345e-02 4.1654043e-03 -4.4662430e-03 -4.6154293e-03 -3.1547530e-03 -1.0329895e-03 -3.7054067e-05 4.6266332e-07 5.3489798e-07 1.6651435e-07 2.6929570e-09 1.6768809e-11 8.8077517e+01 5.6819264e+02 8.0538877e+02 1.0887829e+03 9.4707337e+02 6.1985878e+02 9.5660912e+02 1.0476423e+03 1.0270305e+03 1.1053994e+03 1.0449479e+03 1.1050837e+03 1.0355752e+03 8.7673627e+02 1.0010044e+03 9.7774781e+02 8.9474504e+02 9.7953161e+02 9.7152492e+02
7.8943574e-03 8.7374069e-03 9.5512439e-03 1.0341521e-02 1.1128589e-02 1.1916400e-02 1.2648813e-02 1.3329479e-02 1.3931662e-02 1.4437754e-02 1.4818750e-02 1.5094786e-02 1.5214829e-02 1.5171642e-02 1.4991839e-02 1.4714029e-02 1.4293373e-02 1.3003721e-02 1.0778180e-02 7.2132093e-03 6.3474377e-04 -4.5820917e-03 -4.0361748e-03 -2.2329246e-03 -5.0071536e-04 -1.2430904e-05 8.1024707e-07 4.5491527e-07 6.9481018e-08 6.7478823e-10 -5.3148597e-12 -6.3522521e-12 1.4600209e+02 4.6251949e+02 9.9625986e+02 8.9794895e+02 5.5841901e+02 9.6988397e+02 1.1795454e+03 1.2631097e+03 1.3424912e+03 1.1175188e+03 9.2424965e+02 9.5271276e+02 1.0591791e+03 1.1044476e+03 1.0047397e+03 9.0749907e+02 9.2299443e+02 9.2274756e+02
4.9631973e-03 5.6182979e-03 6.2695565e-03 6.8912968e-03 7.5001637e-03 8.0914316e-03 8.6492385e-03 9.1603318e-03 9.6013500e-03 9.9823225e-03 1.0239471e-02 1.0397727e-02 1.0433523e-02 1.0337483e-02 1.0137198e-02 9.8795341e-03 9.2905233e-03 8.1635963e-03 6.1854797e-03 2.9101882e-03 -2.4478114e-03 -4.2600208e-03 -3.5598822e-03 -1.3325485e-03 -4.0298168e-05 2.8887360e-06 3.7708901e+00 3.9224895e-08 2.7596627e-09 -1.8847857e-10 -2.8599345e-11 1.1466819e+02 3.1017122e+02 3.7801984e+02 5.4819933e+02 5.4221754e+02 5.5183461e+02 1.0178444e+03 1.3951053e+03 1.5739960e+03 1.3724949e+03 1.0290224e+03 9.4149230e+02 9.7627649e+02 1.0418295e+03 1.0230908e+03 9.4378886e+02 9.2674195e+02 9.4849370e+02 9.6373331e+02
