visualization/geoclaw_output/chile2010/eta_0004.asc
ncols     360
nrows     360
xllcorner -1.199166666650000e+02
yllcorner -5.991666666500000e+01
cellsize  1.666666700000000e-01
nodata_value       -9999
[rows 264 to 285 of 360, columns 200 to 249 of 360]
5.8700426e-02 5.8056349e-02 5.6935228e-02 5.5426976e-02 5.3830393e-02 5.2412879e-02 5.1233025e-02 5.0532799e-02 5.0689441e-02 5.1784445e-02 5.4294367e-02 5.8048497e-02 6.2999088e-02 6.9080900e-02 7.6025405e-02 8.3604873e-02 9.1782492e-02 1.0029075e-01 1.0889133e-01 1.1726657e-01 1.2556971e-01 1.3354803e-01 1.4038033e-01 1.4598921e-01 1.5038297e-01 1.5185305e-01 1.5109720e-01 1.4953091e-01 1.4720085e-01 1.4441963e-01 1.4022251e-01 1.3420227e-01 1.2693780e-01 1.1885151e-01 1.0985405e-01 1.0052584e-01 9.1420511e-02 8.2540161e-02 7.4146379e-02 6.6309141e-02 5.8961614e-02 5.2233092e-02 4.6179078e-02 4.0570767e-02 3.5460593e-02 3.0695703e-02 2.6404937e-02 2.2549978e-02 1.9319486e-02 1.6519830e-02
5.8078859e-02 5.7940537e-02 5.7219299e-02 5.6058296e-02 5.4532499e-02 5.2921933e-02 5.1423304e-02 5.0168230e-02 4.9234461e-02 4.9116479e-02 4.9864268e-02 5.1886774e-02 5.5182940e-02 5.9755732e-02 6.5437103e-02 7.1865372e-02 7.9023369e-02 8.6837869e-02 9.4983664e-02 1.0318562e-01 1.1152391e-01 1.1980950e-01 1.2748484e-01 1.3464712e-01 1.4132798e-01 1.4636241e-01 1.4852198e-01 1.4819787e-01 1.4717649e-01 1.4499985e-01 1.4269421e-01 1.4027242e-01 1.3658883e-01 1.3143346e-01 1.2512402e-01 1.1814976e-01 1.1071771e-01 1.0286438e-01 9.5127547e-02 8.7435398e-02 8.0287074e-02 7.3795409e-02 6.7809670e-02 6.2403443e-02 5.7514397e-02 5.2997249e-02 4.8714934e-02 4.4781917e-02 4.1096334e-02 3.7984133e-02
5.7006177e-02 5.7347588e-02 5.7131337e-02 5.6394117e-02 5.5203990e-02 5.3680212e-02 5.2014610e-02 5.0464443e-02 4.9166905e-02 4.8090012e-02 4.7629186e-02 4.8028223e-02 4.9562344e-02 5.2385428e-02 5.6467340e-02 6.1547958e-02 6.7522315e-02 7.4326118e-02 8.1619831e-02 8.9312006e-02 9.7235227e-02 1.0535092e-01 1.1312792e-01 1.2073290e-01 1.2833621e-01 1.3581198e-01 1.4070525e-01 1.4326679e-01 1.4482712e-01 1.4474153e-01 1.4299147e-01 1.4092304e-01 1.3924185e-01 1.3692515e-01 1.3349654e-01 1.2992427e-01 1.2570537e-01 1.2001386e-01 1.1359047e-01 1.0712957e-01 1.0089069e-01 9.5161956e-02 8.9495351e-02 8.4023188e-02 7.9015078e-02 7.4412645e-02 7.0001082e-02 6.5920279e-02 6.1913590e-02 5.8458291e-02
5.5352415e-02 5.6308402e-02 5.6571241e-02 5.6342240e-02 5.5568944e-02 5.4367061e-02 5.2837035e-02 5.1124767e-02 4.9484791e-02 4.8146647e-02 4.7096435e-02 4.6376909e-02 4.6447627e-02 4.7372101e-02 4.9637693e-02 5.3126594e-02 5.7738651e-02 6.3402249e-02 6.9798997e-02 7.6703750e-02 8.3806391e-02 9.1310411e-02 9.8894873e-02 1.0641718e-01 1.1405497e-01 1.2214369e-01 1.2882609e-01 1.3365715e-01 1.3761240e-01 1.4014417e-01 1.4108791e-01 1.4017512e-01 1.3872724e-01 1.3715721e-01 1.3531228e-01 1.3295523e-01 1.3047735e-01 1.2802995e-01 1.2514281e-01 1.2151436e-01 1.1700806e-01 1.1259501e-01 1.0829149e-01 1.0362348e-01 9.9032611e-02 9.4557466e-02 9.0226231e-02 8.6217024e-02 8.2327535e-02 7.8999221e-02
5.2823184e-02 5.4667131e-02 5.5573386e-02 5.5832715e-02 5.5564470e-02 5.4763054e-02 5.3570515e-02 5.2024134e-02 5.0278840e-02 4.8619207e-02 4.7271143e-02 4.6278158e-02 4.5473250e-02 4.5137821e-02 4.5577723e-02 4.7221254e-02 5.0019896e-02 5.4058571e-02 5.9210191e-02 6.5187830e-02 7.1455221e-02 7.8102890e-02 8.5075448e-02 9.2023096e-02 9.9229173e-02 1.0698373e-01 1.1471119e-01 1.2108893e-01 1.2646377e-01 1.3139306e-01 1.3481725e-01 1.3638781e-01 1.3675439e-01 1.3616385e-01 1.3514821e-01 1.3400803e-01 1.3267273e-01 1.3150615e-01 1.3033517e-01 1.2840391e-01 1.2624516e-01 1.2368435e-01 1.2107629e-01 1.1826047e-01 1.1534105e-01 1.1186009e-01 1.0803928e-01 1.0484209e-01 1.0205626e-01 9.9477592e-02
4.9511137e-02 5.2085412e-02 5.3879106e-02 5.4770031e-02 5.5025111e-02 5.4712045e-02 5.3969117e-02 5.2756602e-02 5.1201777e-02 4.9543066e-02 4.7952439e-02 4.6594232e-02 4.5602401e-02 4.4863941e-02 4.4305607e-02 4.4401689e-02 4.5311960e-02 4.7335740e-02 5.0614697e-02 5.5221167e-02 6.0713403e-02 6.6714774e-02 7.3084610e-02 7.9406272e-02 8.5895355e-02 9.2767875e-02 1.0000484e-01 1.0682389e-01 1.1283692e-01 1.1868566e-01 1.2418250e-01 1.2811632e-01 1.3070767e-01 1.3222531e-01 1.3311430e-01 1.3307594e-01 1.3217944e-01 1.3129463e-01 1.3036436e-01 1.2912640e-01 1.2787396e-01 1.2626784e-01 1.2472906e-01 1.2322167e-01 1.2186555e-01 1.2063594e-01 1.1900319e-01 1.1759679e-01 1.1605949e-01 1.1480805e-01
4.5603019e-02 4.8748163e-02 5.1222853e-02 5.2958063e-02 5.3855589e-02 5.4082341e-02 5.3824058e-02 5.3023173e-02 5.1828379e-02 5.0432863e-02 4.8931869e-02 4.7429156e-02 4.6139516e-02 4.5125074e-02 4.4402302e-02 4.3968331e-02 4.3834616e-02 4.4237274e-02 4.5668395e-02 4.8421088e-02 5.2366962e-02 5.7205764e-02 6.2737710e-02 6.8496514e-02 7.4392321e-02 8.0525166e-02 8.6976918e-02 9.3339797e-02 9.9385415e-02 1.0530365e-01 1.1126102e-01 1.1662657e-01 1.2094865e-01 1.2430162e-01 1.2706571e-01 1.2863572e-01 1.2921552e-01 1.2951982e-01 1.2899824e-01 1.2822611e-01 1.2791375e-01 1.2725092e-01 1.2637907e-01 1.2555007e-01 1.2491958e-01 1.2417283e-01 1.2358400e-01 1.2317998e-01 1.2226570e-01 1.2154662e-01
4.1197483e-02 4.4676646e-02 4.7648151e-02 5.0051101e-02 5.1763780e-02 5.2745413e-02 5.3045732e-02 5.2850014e-02 5.2142823e-02 5.1257188e-02 5.0095320e-02 4.8682615e-02 4.7274135e-02 4.5982204e-02 4.4865826e-02 4.4102405e-02 4.3537708e-02 4.3148949e-02 4.3373816e-02 4.4359849e-02 4.6480506e-02 4.9684695e-02 5.4008975e-02 5.9015213e-02 6.4261740e-02 6.9785919e-02 7.5541791e-02 8.1251657e-02 8.6898857e-02 9.2383655e-02 9.7973835e-02 1.0359945e-01 1.0869980e-01 1.1335665e-01 1.1745459e-01 1.2046793e-01 1.2271425e-01 1.2434633e-01 1.2534783e-01 1.2582666e-01 1.2616372e-01 1.2609976e-01 1.2601625e-01 1.2597246e-01 1.2577235e-01 1.2515201e-01 1.2453727e-01 1.2424596e-01 1.2365436e-01 1.2291514e-01
3.6662444e-02 4.0361308e-02 4.3694778e-02 4.6600067e-02 4.8922088e-02 5.0594388e-02 5.1599995e-02 5.1910442e-02 5.1746969e-02 5.1290931e-02 5.0592448e-02 4.9565016e-02 4.8326639e-02 4.7009028e-02 4.5706204e-02 4.4698355e-02 4.3868728e-02 4.3172095e-02 4.2690472e-02 4.2704100e-02 4.3283876e-02 4.4576123e-02 4.7341550e-02 5.1214768e-02 5.5566511e-02 6.0263263e-02 6.5207282e-02 7.0231290e-02 7.5257936e-02 8.0176901e-02 8.5236546e-02 9.0406619e-02 9.5400960e-02 1.0024173e-01 1.0477586e-01 1.0869913e-01 1.1210068e-01 1.1493989e-01 1.1714301e-01 1.1893242e-01 1.2032768e-01 1.2121437e-01 1.2201090e-01 1.2283592e-01 1.2333387e-01 1.2354731e-01 1.2345578e-01 1.2329269e-01 1.2308721e-01 1.2332218e-01
3.2082948e-02 3.5761374e-02 3.9270184e-02 4.2492630e-02 4.5317661e-02 4.7620793e-02 4.9342844e-02 5.0437021e-02 5.0865983e-02 5.0930868e-02 5.0542975e-02 4.9841446e-02 4.8978226e-02 4.7955342e-02 4.6740156e-02 4.5651385e-02 4.4659227e-02 4.3711168e-02 4.3058212e-02 4.2787444e-02 4.2727675e-02 4.2891945e-02 4.3650702e-02 4.5782385e-02 4.8812238e-02 5.2417467e-02 5.6396400e-02 6.0642565e-02 6.5021715e-02 6.9356689e-02 7.3807935e-02 7.8308128e-02 8.2780644e-02 8.7190542e-02 9.1457813e-02 9.5433714e-02 9.9197441e-02 1.0256762e-01 1.0557841e-01 1.0823368e-01 1.1054782e-01 1.1235861e-01 1.1397362e-01 1.1554891e-01 1.1644282e-01 1.1740237e-01 1.1875966e-01 1.1938576e-01 1.1992130e-01 1.2069631e-01
2.7707451e-02 3.1140986e-02 3.4626286e-02 3.7988575e-02 4.1155253e-02 4.3954927e-02 4.6291021e-02 4.8128622e-02 4.9423466e-02 5.0074874e-02 5.0283772e-02 5.0053902e-02 4.9520355e-02 4.8778263e-02 4.7692426e-02 4.6553037e-02 4.5520655e-02 4.4368945e-02 4.3520078e-02 4.3054326e-02 4.2754919e-02 4.2617743e-02 4.2666429e-02 4.3142496e-02 4.4612812e-02 4.6873238e-02 4.9674097e-02 5.2880123e-02 5.6387100e-02 5.9993359e-02 6.3705088e-02 6.7490031e-02 7.1252030e-02 7.5062437e-02 7.8845849e-02 8.2586628e-02 8.6163613e-02 8.9484194e-02 9.2627457e-02 9.5595445e-02 9.8269704e-02 1.0061127e-01 1.0269615e-01 1.0472500e-01 1.0603403e-01 1.0759685e-01 1.0936890e-01 1.1052808e-01 1.1180001e-01 1.1300428e-01
2.3483731e-02 2.6693595e-02 3.0044095e-02 3.3374591e-02 3.6637076e-02 3.9703691e-02 4.2435769e-02 4.4791143e-02 4.6730974e-02 4.8154144e-02 4.9032474e-02 4.9439416e-02 4.9403274e-02 4.9025339e-02 4.8268076e-02 4.7223734e-02 4.6211237e-02 4.5179091e-02 4.4385864e-02 4.3723584e-02 4.3160466e-02 4.2741712e-02 4.2471169e-02 4.2428267e-02 4.2661074e-02 4.3622420e-02 4.5181317e-02 4.7175474e-02 4.9586017e-02 5.2312803e-02 5.5244687e-02 5.8304263e-02 6.1378126e-02 6.4534892e-02 6.7786867e-02 7.1072580e-02 7.4238171e-02 7.7252576e-02 8.0180860e-02 8.2904701e-02 8.5604416e-02 8.8243272e-02 9.0365345e-02 9.2314520e-02 9.4144872e-02 9.6011593e-02 9.7887741e-02 9.9287311e-02 1.0075587e-01 1.0214191e-01
1.9472697e-02 2.2351636e-02 2.5399913e-02 2.8551204e-02 3.1755948e-02 3.4893011e-02 3.7857483e-02 4.0584887e-02 4.3040521e-02 4.5121113e-02 4.6715988e-02 4.7770476e-02 4.8467927e-02 4.8731890e-02 4.8432991e-02 4.7873906e-02 4.7142348e-02 4.6251813e-02 4.5494164e-02 4.4779457e-02 4.4053491e-02 4.3355278e-02 4.2779540e-02 4.2330620e-02 4.2012557e-02 4.2058133e-02 4.2530787e-02 4.3456597e-02 4.4816902e-02 4.6562777e-02 4.8622920e-02 5.0892941e-02 5.3277357e-02 5.5760132e-02 5.8393425e-02 6.1126728e-02 6.3792710e-02 6.6393741e-02 6.8937476e-02 7.1175732e-02 7.3527517e-02 7.6101973e-02 7.8217378e-02 8.0244056e-02 8.2342228e-02 8.4281800e-02 8.6154864e-02 8.7830561e-02 8.9284878e-02 9.0553535e-02
1.6003221e-02 1.8507619e-02 2.1183701e-02 2.4022239e-02 2.6979311e-02 2.9972473e-02 3.2955473e-02 3.5844407e-02 3.8577733e-02 4.1093252e-02 4.3276468e-02 4.5055541e-02 4.6442125e-02 4.7306474e-02 4.7833795e-02 4.7697776e-02 4.7058198e-02 4.6494058e-02 4.5704618e-02 4.4872097e-02 4.4174042e-02 4.3570508e-02 4.3027817e-02 4.2499089e-02 4.2008949e-02 4.1606700e-02 4.1371551e-02 4.1473811e-02 4.1878255e-02 4.2747517e-02 4.3983920e-02 4.5446742e-02 4.7097483e-02 4.8915489e-02 5.0893536e-02 5.3037581e-02 5.5174663e-02 5.7290939e-02 5.9389694e-02 6.1266653e-02 6.3200812e-02 6.5250437e-02 6.7259041e-02 6.9294922e-02 7.1312118e-02 7.3303583e-02 7.5065207e-02 7.6798244e-02 7.8309526e-02 7.9540171e-02
1.2979124e-02 1.5124862e-02 1.7434713e-02 1.9904831e-02 2.2526829e-02 2.5280997e-02 2.8109446e-02 3.0954441e-02 3.3757741e-02 3.6457472e-02 3.8986854e-02 4.1278022e-02 4.3246761e-02 4.4753336e-02 4.5981738e-02 4.6350437e-02 4.6251760e-02 4.6075802e-02 4.5698913e-02 4.5035334e-02 4.4466657e-02 4.3904728e-02 4.3356640e-02 4.2789840e-02 4.2228003e-02 4.1709751e-02 4.1240851e-02 4.0853582e-02 4.0607226e-02 4.0676359e-02 4.1100270e-02 4.1796884e-02 4.2682078e-02 4.3838326e-02 4.5193862e-02 4.6755311e-02 4.8412551e-02 5.0084905e-02 5.1751993e-02 5.3379759e-02 5.4979243e-02 5.6618258e-02 5.8346810e-02 6.0090676e-02 6.1805496e-02 6.3481953e-02 6.5052522e-02 6.6598279e-02 6.7997694e-02 6.9227782e-02
1.0428320e-02 1.2233367e-02 1.4211641e-02 1.6339722e-02 1.8620117e-02 2.1061940e-02 2.3609805e-02 2.6236986e-02 2.8937971e-02 3.1643327e-02 3.4306196e-02 3.6858195e-02 3.9175101e-02 4.1123136e-02 4.2771258e-02 4.3983874e-02 4.4643290e-02 4.5060392e-02 4.5266623e-02 4.4934210e-02 4.4545963e-02 4.4058283e-02 4.3528370e-02 4.2955222e-02 4.2349217e-02 4.1761334e-02 4.1216875e-02 4.0694241e-02 4.0167420e-02 3.9733350e-02 3.9471418e-02 3.9514238e-02 3.9868686e-02 4.0461134e-02 4.1232170e-02 4.2198749e-02 4.3363674e-02 4.4609105e-02 4.5866421e-02 4.7143514e-02 4.8395151e-02 4.9706996e-02 5.1077308e-02 5.2474599e-02 5.3782075e-02 5.5108089e-02 5.6441596e-02 5.7772393e-02 5.9017925e-02 6.0174623e-02
8.2643728e-03 9.7854985e-03 1.1453140e-02 1.3257225e-02 1.5196297e-02 1.7296021e-02 1.9530773e-02 2.1890992e-02 2.4376681e-02 2.6933499e-02 2.9521230e-02 3.2073352e-02 3.4534961e-02 3.6792154e-02 3.8814304e-02 4.0583154e-02 4.1954228e-02 4.3020580e-02 4.3657523e-02 4.3903501e-02 4.3921473e-02 4.3712453e-02 4.3360359e-02 4.2905474e-02 4.2359347e-02 4.1791508e-02 4.1263665e-02 4.0732485e-02 4.0206894e-02 3.9744093e-02 3.9319301e-02 3.8960033e-02 3.8770841e-02 3.8792101e-02 3.9029682e-02 3.9415477e-02 4.0022614e-02 4.0771865e-02 4.1611316e-02 4.2513837e-02 4.3429114e-02 4.4378401e-02 4.5405044e-02 4.6392290e-02 4.7319302e-02 4.8338934e-02 4.9422816e-02 5.0552301e-02 5.1659962e-02 5.2711070e-02
6.4196468e-03 7.6933363e-03 9.0875396e-03 1.0602557e-02 1.2237860e-02 1.4016994e-02 1.5938140e-02 1.7988083e-02 2.0169960e-02 2.2470384e-02 2.4860954e-02 2.7277496e-02 2.9700868e-02 3.2076401e-02 3.4317747e-02 3.6434097e-02 3.8271411e-02 3.9814977e-02 4.1021076e-02 4.1838928e-02 4.2344644e-02 4.2610309e-02 4.2611140e-02 4.2441252e-02 4.2093348e-02 4.1658698e-02 4.1217915e-02 4.0708502e-02 4.0202864e-02 3.9724446e-02 3.9249396e-02 3.8814348e-02 3.8440509e-02 3.8116130e-02 3.7946052e-02 3.7943550e-02 3.8145110e-02 3.8487358e-02 3.8904796e-02 3.9416124e-02 3.9981250e-02 4.0581749e-02 4.1231982e-02 4.1912809e-02 4.2575670e-02 4.3346942e-02 4.4174592e-02 4.5056638e-02 4.6007002e-02 4.6934918e-02
4.8569528e-03 5.9101612e-03 7.0705902e-03 8.3368148e-03 9.7027823e-03 1.1183145e-02 1.2792461e-02 1.4530984e-02 1.6402414e-02 1.8412705e-02 2.0554930e-02 2.2779883e-02 2.5062826e-02 2.7372823e-02 2.9623117e-02 3.1829418e-02 3.3923699e-02 3.5806233e-02 3.7465423e-02 3.8822471e-02 3.9886284e-02 4.0600193e-02 4.1044799e-02 4.1238426e-02 4.1205533e-02 4.1015397e-02 4.0739149e-02 4.0383972e-02 3.9987631e-02 3.9551601e-02 3.9062121e-02 3.8659659e-02 3.8269410e-02 3.7924458e-02 3.7630709e-02 3.7432521e-02 3.7357763e-02 3.7374492e-02 3.7445677e-02 3.7627169e-02 3.7898336e-02 3.8178922e-02 3.8485862e-02 3.8881573e-02 3.9344457e-02 3.9903832e-02 4.0510892e-02 4.1175673e-02 4.1944892e-02 4.2725707e-02
3.5511865e-03 4.4096272e-03 5.3669892e-03 6.4147202e-03 7.5492473e-03 8.7761670e-03 1.0107371e-02 1.1560341e-02 1.3141935e-02 1.4859202e-02 1.6714571e-02 1.8674628e-02 2.0738325e-02 2.2893589e-02 2.5069270e-02 2.7242349e-02 2.9400358e-02 3.1426042e-02 3.3325210e-02 3.5057904e-02 3.6544654e-02 3.7732386e-02 3.8618861e-02 3.9232325e-02 3.9599912e-02 3.9759731e-02 3.9747671e-02 3.9650720e-02 3.9479695e-02 3.9199633e-02 3.8815231e-02 3.8492281e-02 3.8178512e-02 3.7851125e-02 3.7526951e-02 3.7265762e-02 3.7029131e-02 3.6872905e-02 3.6747776e-02 3.6716933e-02 3.6762080e-02 3.6817567e-02 3.6936209e-02 3.7128032e-02 3.7400891e-02 3.7765811e-02 3.8173586e-02 3.8659176e-02 3.9266586e-02 3.9903224e-02
2.4782555e-03 3.1676799e-03 3.9501126e-03 4.8167120e-03 5.7579611e-03 6.7744979e-03 7.8708716e-03 9.0676360e-03 1.0372165e-02 1.1797450e-02 1.3357689e-02 1.5030592e-02 1.6815246e-02 1.8722642e-02 2.0726719e-02 2.2775739e-02 2.4860483e-02 2.6914443e-02 2.8916639e-02 3.0834172e-02 3.2595639e-02 3.4118506e-02 3.5371023e-02 3.6384774e-02 3.7169434e-02 3.7721528e-02 3.8034892e-02 3.8240617e-02 3.8376907e-02 3.8336236e-02 3.8193461e-02 3.8012885e-02 3.7798802e-02 3.7526178e-02 3.7256401e-02 3.7014900e-02 3.6771287e-02 3.6581582e-02 3.6407152e-02 3.6294737e-02 3.6224502e-02 3.6152254e-02 3.6161826e-02 3.6219540e-02 3.6353703e-02 3.6566071e-02 3.6840370e-02 3.7168189e-02 3.7609514e-02 3.8125266e-02
1.6096847e-03 2.1563085e-03 2.7815585e-03 3.4868354e-03 4.2662183e-03 5.1100915e-03 6.0201506e-03 7.0106203e-03 8.0844953e-03 9.2617342e-03 1.0552769e-02 1.1952598e-02 1.3458997e-02 1.5068312e-02 1.6795676e-02 1.8624070e-02 2.0525950e-02 2.2459792e-02 2.4408196e-02 2.6355885e-02 2.8240459e-02 2.9966509e-02 3.1482091e-02 3.2816285e-02 3.3957283e-02 3.4893773e-02 3.5605003e-02 3.6135502e-02 3.6573137e-02 3.6831301e-02 3.6954631e-02 3.6998035e-02 3.6956216e-02 3.6834344e-02 3.6696004e-02 3.6536971e-02 3.6361627e-02 3.6207356e-02 3.6067372e-02 3.5959720e-02 3.5859225e-02 3.5757736e-02 3.5731318e-02 3.5721789e-02 3.5780348e-02 3.5907633e-02 3.6081054e-02 3.6316371e-02 3.6616774e-02 3.7008364e-02
