visualization/geoclaw_output/chile2010/eta_0005.asc
ncols     360
nrows     360
xllcorner -1.199166666650000e+02
yllcorner -5.991666666500000e+01
cellsize  1.666666700000000e-01
nodata_value       -9999
[rows 110 to 131 of 360, columns 200 to 249 of 360]
-7.0493681e-04 -8.0234380e-04 -9.0668085e-04 -1.0204157e-03 -1.1471510e-03 -1.2902054e-03 -1.4508083e-03 -1.6273532e-03 -1.8145442e-03 -2.0030021e-03 -2.1808559e-03 -2.3367996e-03 -2.4625604e-03 -2.5543466e-03 -2.6121658e-03 -2.6421960e-03 -2.6603663e-03 -2.6745044e-03 -2.6853954e-03 -2.6926032e-03 -2.6957794e-03 -2.6954257e-03 -2.6919354e-03 -2.6856854e-03 -2.6786943e-03 -2.6749391e-03 -2.6781116e-03 -2.6875856e-03 -2.6984532e-03 -2.6917171e-03 -2.6503816e-03 -2.5329236e-03 -2.2942663e-03 -1.8794829e-03 -1.2197625e-03 -2.5023459e-04 1.0580149e-03 2.7364049e-03 4.8280566e-03 7.4115530e-03 1.0638221e-02 1.4566326e-02 1.9350148e-02 2.5202068e-02 3.1827935e-02 3.8998088e-02 4.6405585e-02 5.3556983e-02 6.0428333e-02 6.7029050e-02
-7.8793196e-04 -8.9043684e-04 -1.0020744e-03 -1.1258470e-03 -1.2655489e-03 -1.4232033e-03 -1.5976506e-03 -1.7843234e-03 -1.9743948e-03 -2.1558055e-03 -2.3169377e-03 -2.4480613e-03 -2.5439933e-03 -2.6038185e-03 -2.6347927e-03 -2.6537794e-03 -2.6667916e-03 -2.6738272e-03 -2.6755678e-03 -2.6735458e-03 -2.6670873e-03 -2.6575344e-03 -2.6460867e-03 -2.6353748e-03 -2.6268799e-03 -2.6247277e-03 -2.6297928e-03 -2.6288194e-03 -2.6071679e-03 -2.5265221e-03 -2.3384565e-03 -1.9903273e-03 -1.4103597e-03 -5.2158427e-04 7.5854534e-04 2.5226257e-03 4.7949611e-03 7.5801530e-03 1.0968852e-02 1.5089295e-02 2.0116541e-02 2.5982283e-02 3.2708090e-02 4.0496714e-02 4.8815049e-02 5.7391254e-02 6.5590139e-02 7.2984215e-02 8.0056394e-02 8.6466547e-02
-8.7104824e-04 -9.8025221e-04 -1.1012948e-03 -1.2375563e-03 -1.3916392e-03 -1.5635071e-03 -1.7488570e-03 -1.9396553e-03 -2.1246018e-03 -2.2906503e-03 -2.4276559e-03 -2.5284205e-03 -2.5899123e-03 -2.6237039e-03 -2.6440710e-03 -2.6555442e-03 -2.6585854e-03 -2.6563592e-03 -2.6486732e-03 -2.6364495e-03 -2.6208803e-03 -2.6038124e-03 -2.5880969e-03 -2.5769794e-03 -2.5696535e-03 -2.5675062e-03 -2.5582839e-03 -2.5158168e-03 -2.3904114e-03 -2.1300273e-03 -1.6584931e-03 -8.8424941e-04 2.6158536e-04 1.8950297e-03 4.1107843e-03 6.9931569e-03 1.0586397e-02 1.4852063e-02 1.9978257e-02 2.6083263e-02 3.3205991e-02 4.1362060e-02 5.0217221e-02 5.9899874e-02 6.9504533e-02 7.8614820e-02 8.6967262e-02 9.4325747e-02 1.0101284e-01 1.0706917e-01
-9.5529667e-04 -1.0733275e-03 -1.2061634e-03 -1.3566194e-03 -1.5250888e-03 -1.7088335e-03 -1.8996390e-03 -2.0868406e-03 -2.2579473e-03 -2.4001267e-03 -2.5055148e-03 -2.5704654e-03 -2.6074224e-03 -2.6296768e-03 -2.6386111e-03 -2.6381527e-03 -2.6316426e-03 -2.6192217e-03 -2.6016330e-03 -2.5803006e-03 -2.5577195e-03 -2.5371114e-03 -2.5221762e-03 -2.5135693e-03 -2.5058527e-03 -2.4878354e-03 -2.4232253e-03 -2.2547525e-03 -1.9141359e-03 -1.3099904e-03 -3.4072679e-04 1.1067387e-03 3.1036057e-03 5.8155920e-03 9.3193983e-03 1.3653054e-02 1.8923497e-02 2.5001407e-02 3.2150976e-02 4.0565746e-02 4.9989266e-02 6.0378220e-02 7.1329347e-02 8.2144451e-02 9.2057611e-02 1.0113744e-01 1.0913446e-01 1.1596583e-01 1.2196319e-01 1.2734597e-01
-1.0422637e-03 -1.1716480e-03 -1.3182361e-03 -1.4829311e-03 -1.6633020e-03 -1.8533889e-03 -2.0422392e-03 -2.2165361e-03 -2.3644716e-03 -2.4746674e-03 -2.5438530e-03 -2.5851873e-03 -2.6084276e-03 -2.6145062e-03 -2.6111988e-03 -2.5998116e-03 -2.5824976e-03 -2.5601186e-03 -2.5336751e-03 -2.5062299e-03 -2.4817093e-03 -2.4640386e-03 -2.4542822e-03 -2.4475915e-03 -2.4242967e-03 -2.3391055e-03 -2.1316162e-03 -1.7159314e-03 -9.8379393e-04 1.8494151e-04 1.9201451e-03 4.3505103e-03 7.5783687e-03 1.1767617e-02 1.6926785e-02 2.3065839e-02 3.0336930e-02 3.8434559e-02 4.7680992e-02 5.8565534e-02 7.0268352e-02 8.2599542e-02 9.4830750e-02 1.0570245e-01 1.1530053e-01 1.2371046e-01 1.3056834e-01 1.3642148e-01 1.4151677e-01 1.4591758e-01
-1.1341462e-03 -1.2766298e-03 -1.4368577e-03 -1.6135143e-03 -1.8009829e-03 -1.9896417e-03 -2.1671281e-03 -2.3191870e-03 -2.4350301e-03 -2.5094838e-03 -2.5567634e-03 -2.5805992e-03 -2.5843043e-03 -2.5767770e-03 -2.5609914e-03 -2.5383194e-03 -2.5104765e-03 -2.4795266e-03 -2.4481574e-03 -2.4208339e-03 -2.4019617e-03 -2.3931361e-03 -2.3888337e-03 -2.3685311e-03 -2.2717468e-03 -2.0319325e-03 -1.5507569e-03 -7.0637409e-04 6.4446878e-04 2.6614861e-03 5.4962856e-03 9.2742409e-03 1.4143672e-02 2.0216797e-02 2.7471198e-02 3.5819287e-02 4.5394357e-02 5.5272469e-02 6.6499408e-02 8.0253619e-02 9.3841920e-02 1.0739582e-01 1.1948834e-01 1.2917550e-01 1.3756143e-01 1.4443658e-01 1.4988241e-01 1.5455483e-01 1.5838228e-01 1.6151690e-01
-1.2319768e-03 -1.3873430e-03 -1.5590628e-03 -1.7430225e-03 -1.9302696e-03 -2.1085045e-03 -2.2649571e-03 -2.3863493e-03 -2.4678868e-03 -2.5223189e-03 -2.5460046e-03 -2.5480001e-03 -2.5365239e-03 -2.5145746e-03 -2.4863192e-03 -2.4531732e-03 -2.4175146e-03 -2.3830806e-03 -2.3540556e-03 -2.3351447e-03 -2.3275921e-03 -2.3259988e-03 -2.3105807e-03 -2.2128338e-03 -1.9515987e-03 -1.4199187e-03 -4.7931345e-04 1.0267254e-03 3.2886392e-03 6.4885060e-03 1.0805471e-02 1.6363247e-02 2.3287777e-02 3.1597617e-02 4.1348327e-02 5.2304189e-02 6.4151017e-02 7.5729109e-02 8.9523643e-02 1.0588099e-01 1.2047027e-01 1.3290493e-01 1.4260443e-01 1.5033732e-01 1.5671351e-01 1.6160020e-01 1.6534498e-01 1.6848043e-01 1.7067767e-01 1.7245378e-01
-1.3351445e-03 -1.5015674e-03 -1.6806260e-03 -1.8649167e-03 -2.0428674e-03 -2.2014350e-03 -2.3288285e-03 -2.4188888e-03 -2.4808045e-03 -2.5056711e-03 -2.5051477e-03 -2.4901600e-03 -2.4618136e-03 -2.4260665e-03 -2.3869178e-03 -2.3471257e-03 -2.3100883e-03 -2.2801912e-03 -2.2618697e-03 -2.2546613e-03 -2.2529829e-03 -2.2384063e-03 -2.1387288e-03 -1.8586853e-03 -1.2897226e-03 -2.7558329e-04 1.3653158e-03 3.8242209e-03 7.3373183e-03 1.2081897e-02 1.8225427e-02 2.5972660e-02 3.5424893e-02 4.6488628e-02 5.8827630e-02 7.2185567e-02 8.6031488e-02 1.0027226e-01 1.1777683e-01 1.3428349e-01 1.4636728e-01 1.5512854e-01 1.6186659e-01 1.6727451e-01 1.7119912e-01 1.7384665e-01 1.7569074e-01 1.7702072e-01 1.7751252e-01 1.7764733e-01
-1.4412992e-03 -1.6148037e-03 -1.7947749e-03 -1.9710510e-03 -2.1309490e-03 -2.2625027e-03 -2.3609299e-03 -2.4313551e-03 -2.4599688e-03 -2.4574398e-03 -2.4385967e-03 -2.4041310e-03 -2.3602940e-03 -2.3132422e-03 -2.2681173e-03 -2.2289642e-03 -2.1987020e-03 -2.1807071e-03 -2.1720277e-03 -2.1658637e-03 -2.1416421e-03 -2.0298632e-03 -1.7225935e-03 -1.1066773e-03 -2.1081461e-05 1.7411413e-03 4.3889342e-03 8.1352341e-03 1.3242307e-02 1.9912711e-02 2.8361064e-02 3.8640850e-02 5.0864821e-02 6.5017996e-02 7.9957693e-02 9.5511186e-02 1.1124395e-01 1.2853044e-01 1.4624153e-01 1.5831475e-01 1.6685475e-01 1.7208756e-01 1.7598898e-01 1.7882207e-01 1.8028626e-01 1.8076155e-01 1.8081804e-01 1.8045489e-01 1.7952849e-01 1.7851628e-01
-1.5455901e-03 -1.7205380e-03 -1.8940197e-03 -2.0540733e-03 -2.1892047e-03 -2.2948151e-03 -2.3730914e-03 -2.4072324e-03 -2.4052293e-03 -2.3832387e-03 -2.3427397e-03 -2.2910663e-03 -2.2362826e-03 -2.1849644e-03 -2.1425669e-03 -2.1123939e-03 -2.0946980e-03 -2.0819849e-03 -2.0660244e-03 -2.0204688e-03 -1.8748132e-03 -1.5229203e-03 -8.3210935e-04 3.5066186e-04 2.2377214e-03 5.0628687e-03 9.0508550e-03 1.4439318e-02 2.1493323e-02 3.0434457e-02 4.1564961e-02 5.4709648e-02 6.9987948e-02 8.6962942e-02 1.0380306e-01 1.2089436e-01 1.3715808e-01 1.5358915e-01 1.6756934e-01 1.7575047e-01 1.8080582e-01 1.8322956e-01 1.8451032e-01 1.8505445e-01 1.8441065e-01 1.8302272e-01 1.8164465e-01 1.8035818e-01 1.7899669e-01 1.7786794e-01
-1.6438982e-03 -1.8133469e-03 -1.9722861e-03 -2.1092829e-03 -2.2208528e-03 -2.3063899e-03 -2.3468281e-03 -2.3458009e-03 -2.3230894e-03 -2.2776827e-03 -2.2185137e-03 -2.1562444e-03 -2.0988500e-03 -2.0529711e-03 -2.0223601e-03 -2.0043864e-03 -1.9882534e-03 -1.9586657e-03 -1.8813863e-03 -1.6838479e-03 -1.2607054e-03 -4.6557257e-04 8.6162401e-04 2.9188146e-03 5.9576188e-03 1.0208797e-02 1.5898441e-02 2.3262581e-02 3.2643825e-02 4.4252263e-02 5.8019130e-02 7.4050621e-02 9.2081197e-02 1.1042557e-01 1.2772080e-01 1.4474758e-01 1.6010704e-01 1.7293768e-01 1.8263865e-01 1.8722502e-01 1.8907237e-01 1.8917172e-01 1.8840489e-01 1.8701326e-01 1.8507957e-01 1.8277960e-01 1.8091023e-01 1.7928339e-01 1.7783567e-01 1.7666963e-01
-1.7307549e-03 -1.8869862e-03 -2.0250605e-03 -2.1405902e-03 -2.2320569e-03 -2.2778266e-03 -2.2782270e-03 -2.2556251e-03 -2.2085745e-03 -2.1440954e-03 -2.0748410e-03 -2.0122106e-03 -1.9631848e-03 -1.9309272e-03 -1.9119239e-03 -1.8909170e-03 -1.8438665e-03 -1.7269045e-03 -1.4684040e-03 -9.5124163e-04 -2.0701984e-05 1.5055040e-03 3.8114179e-03 7.1439938e-03 1.1754698e-02 1.7794623e-02 2.5529956e-02 3.5156612e-02 4.7103721e-02 6.1601803e-02 7.7986150e-02 9.6383086e-02 1.1558524e-01 1.3373494e-01 1.5019745e-01 1.6577939e-01 1.7872477e-01 1.8685913e-01 1.9191811e-01 1.9308647e-01 1.9275559e-01 1.9121408e-01 1.8898148e-01 1.8661637e-01 1.8414506e-01 1.8179225e-01 1.7959635e-01 1.7735953e-01 1.7480957e-01 1.7187152e-01
-1.7996156e-03 -1.9364578e-03 -2.0544793e-03 -2.1497928e-03 -2.2013146e-03 -2.2035083e-03 -2.1820087e-03 -2.1351026e-03 -2.0688454e-03 -1.9967676e-03 -1.9296718e-03 -1.8768963e-03 -1.8420895e-03 -1.8183128e-03 -1.7873847e-03 -1.7135175e-03 -1.5486585e-03 -1.2151128e-03 -5.8064179e-04 5.1520686e-04 2.2691634e-03 4.8941002e-03 8.5951957e-03 1.3685284e-02 2.0312858e-02 2.8544903e-02 3.8682080e-02 5.0819549e-02 6.5298069e-02 8.2379981e-02 1.0094979e-01 1.2060639e-01 1.4005444e-01 1.5693822e-01 1.7054177e-01 1.8234309e-01 1.9141947e-01 1.9480633e-01 1.9565163e-01 1.9497343e-01 1.9343473e-01 1.9097920e-01 1.8829738e-01 1.8563435e-01 1.8259969e-01 1.7890643e-01 1.7460383e-01 1.7031074e-01 1.6608723e-01 1.6184848e-01
-1.8464057e-03 -1.9652270e-03 -2.0627571e-03 -2.1172702e-03 -2.1219954e-03 -2.1009452e-03 -2.0557986e-03 -1.9907687e-03 -1.9183415e-03 -1.8492674e-03 -1.7923484e-03 -1.7506893e-03 -1.7163933e-03 -1.6644904e-03 -1.5546182e-03 -1.3259150e-03 -8.8628772e-04 -1.0990084e-04 1.1764804e-03 3.1835746e-03 6.1551837e-03 1.0333382e-02 1.5920289e-02 2.3200554e-02 3.2217112e-02 4.3058491e-02 5.5956588e-02 7.0755918e-02 8.7797497e-02 1.0672926e-01 1.2637176e-01 1.4613628e-01 1.6394346e-01 1.7758456e-01 1.8619504e-01 1.9355939e-01 1.9792103e-01 1.9762261e-01 1.9641655e-01 1.9468392e-01 1.9248779e-01 1.8973239e-01 1.8628773e-01 1.8173885e-01 1.7648282e-01 1.7094397e-01 1.6518239e-01 1.5952733e-01 1.5406897e-01 1.4884221e-01
-1.8746834e-03 -1.9722660e-03 -2.0271161e-03 -2.0340280e-03 -2.0137825e-03 -1.9691636e-03 -1.9062341e-03 -1.8359955e-03 -1.7661920e-03 -1.7042009e-03 -1.6486796e-03 -1.5884394e-03 -1.4981576e-03 -1.3274543e-03 -1.0041775e-03 -4.3190891e-04 5.3206414e-04 2.0624050e-03 4.3764149e-03 7.7148212e-03 1.2350611e-02 1.8552152e-02 2.6468535e-02 3.6417483e-02 4.8172580e-02 6.1614249e-02 7.7098536e-02 9.4626818e-02 1.1390944e-01 1.3397803e-01 1.5397344e-01 1.7204935e-01 1.8508529e-01 1.9319690e-01 1.9823349e-01 2.0112382e-01 1.9998788e-01 1.9838341e-01 1.9620175e-01 1.9390359e-01 1.9045530e-01 1.8562792e-01 1.7943172e-01 1.7282970e-01 1.6616507e-01 1.5947683e-01 1.5273283e-01 1.4629776e-01 1.4020882e-01 1.3433440e-01
-1.8809891e-03 -1.9329667e-03 -1.9379011e-03 -1.9174972e-03 -1.8740236e-03 -1.8131630e-03 -1.7445559e-03 -1.6750712e-03 -1.6040656e-03 -1.5253790e-03 -1.4205806e-03 -1.2555654e-03 -9.8121462e-04 -5.1518331e-04 2.5353073e-04 1.4665945e-03 3.3032303e-03 5.9642157e-03 9.7644124e-03 1.4906997e-02 2.1696426e-02 3.0363497e-02 4.0934824e-02 5.3917583e-02 6.8791121e-02 8.5195063e-02 1.0283593e-01 1.2270970e-01 1.4426302e-01 1.6428868e-01 1.8205353e-01 1.9451035e-01 1.9998450e-01 2.0461655e-01 2.0512224e-01 2.0198858e-01 1.9988572e-01 1.9818408e-01 1.9431971e-01 1.8892701e-01 1.8260638e-01 1.7573939e-01 1.6843158e-01 1.6082388e-01 1.5320380e-01 1.4574458e-01 1.3846365e-01 1.3159127e-01 1.2524677e-01 1.1908205e-01
-1.8342996e-03 -1.8360233e-03 -1.8131776e-03 -1.7703313e-03 -1.7106087e-03 -1.6431838e-03 -1.5720023e-03 -1.4899392e-03 -1.3775347e-03 -1.2057939e-03 -9.3067277e-04 -4.8702707e-04 2.0379727e-04 1.2507967e-03 2.8104631e-03 5.0518381e-03 8.1817305e-03 1.2425678e-02 1.8205304e-02 2.5603378e-02 3.4966470e-02 4.6519320e-02 6.0164837e-02 7.6193340e-02 9.4077673e-02 1.1337463e-01 1.3287153e-01 1.5387973e-01 1.7573656e-01 1.9213263e-01 2.0411579e-01 2.0833979e-01 2.0735044e-01 2.0875955e-01 2.0486331e-01 2.0055831e-01 1.9724525e-01 1.9224136e-01 1.8586116e-01 1.7861861e-01 1.7083528e-01 1.6281890e-01 1.5447341e-01 1.4618463e-01 1.3812633e-01 1.3036459e-01 1.2292383e-01 1.1586276e-01 1.0943224e-01 1.0328117e-01
-1.7285388e-03 -1.7027033e-03 -1.6586487e-03 -1.5999962e-03 -1.5338057e-03 -1.4607218e-03 -1.3654314e-03 -1.2138507e-03 -9.5722422e-04 -5.3182863e-04 1.3921710e-04 1.1480854e-03 2.6145026e-03 4.6711532e-03 7.4910003e-03 1.1247224e-02 1.6142535e-02 2.2441176e-02 3.0570017e-02 4.0668398e-02 5.3059388e-02 6.7753621e-02 8.4622721e-02 1.0334891e-01 1.2267818e-01 1.4313672e-01 1.6303186e-01 1.8373858e-01 2.0281127e-01 2.1338348e-01 2.1761314e-01 2.1658844e-01 2.1256743e-01 2.0752380e-01 2.0073577e-01 1.9538089e-01 1.8801449e-01 1.8107631e-01 1.7366831e-01 1.6557712e-01 1.5680911e-01 1.4787883e-01 1.3900897e-01 1.3050485e-01 1.2220076e-01 1.1423653e-01 1.0676201e-01 9.9682353e-02 9.3066935e-02 8.7047709e-02
-1.5867715e-03 -1.5404588e-03 -1.4832941e-03 -1.4192015e-03 -1.3450103e-03 -1.2391052e-03 -1.0505883e-03 -7.0042939e-04 -1.0373723e-04 8.4915021e-04 2.2757533e-03 4.2732613e-03 7.0082461e-03 1.0612860e-02 1.5240805e-02 2.1045861e-02 2.8244051e-02 3.7167624e-02 4.7922136e-02 6.1054476e-02 7.6597063e-02 9.4160049e-02 1.1378932e-01 1.3381251e-01 1.5257030e-01 1.7157728e-01 1.8863774e-01 2.0503679e-01 2.1827493e-01 2.2777429e-01 2.2751714e-01 2.2092362e-01 2.1131085e-01 2.0250814e-01 1.9406150e-01 1.8478314e-01 1.7606655e-01 1.6800513e-01 1.5949158e-01 1.5049185e-01 1.4133642e-01 1.3226687e-01 1.2329971e-01 1.1460045e-01 1.0607769e-01 9.7899004e-02 9.0208049e-02 8.2982981e-02 7.6073631e-02 7.0071612e-02
-1.4183414e-03 -1.3615149e-03 -1.3016630e-03 -1.2315327e-03 -1.1197257e-03 -9.0472462e-04 -4.7871942e-04 2.9685917e-04 1.5495256e-03 3.4415635e-03 6.1126541e-03 9.6662675e-03 1.4291121e-02 1.9999853e-02 2.7039506e-02 3.5498353e-02 4.5564774e-02 5.7471035e-02 7.1012761e-02 8.6993888e-02 1.0515942e-01 1.2470243e-01 1.4493248e-01 1.6358752e-01 1.7996567e-01 1.9557744e-01 2.0855249e-01 2.1868300e-01 2.2283499e-01 2.2529573e-01 2.2119700e-01 2.1119075e-01 2.0110899e-01 1.8989806e-01 1.8010661e-01 1.7101553e-01 1.6193310e-01 1.5287477e-01 1.4355418e-01 1.3434784e-01 1.2506889e-01 1.1604084e-01 1.0701561e-01 9.8078030e-02 8.9421476e-02 8.1052206e-02 7.2984363e-02 6.5382071e-02 5.8359745e-02 5.2373674e-02
-1.2384193e-03 -1.1817263e-03 -1.1170715e-03 -1.0094704e-03 -7.7984590e-04 -3.0374147e-04 5.9976414e-04 2.1303081e-03 4.4682892e-03 7.8496462e-03 1.2377883e-02 1.8138868e-02 2.5281697e-02 3.3758497e-02 4.3823235e-02 5.5451829e-02 6.8508559e-02 8.3278541e-02 9.9580748e-02 1.1797080e-01 1.3798308e-01 1.5785748e-01 1.7576897e-01 1.9091445e-01 2.0304501e-01 2.1185057e-01 2.1873603e-01 2.2385529e-01 2.2214804e-01 2.2003037e-01 2.1343498e-01 2.0242672e-01 1.8900076e-01 1.7576248e-01 1.6522791e-01 1.5608790e-01 1.4670107e-01 1.3708006e-01 1.2730161e-01 1.1762718e-01 1.0807711e-01 9.8956580e-02 8.9939070e-02 8.0934439e-02 7.2180132e-02 6.3650998e-02 5.5401632e-02 4.7712677e-02 4.1059424e-02 3.5117004e-02
-1.0606535e-03 -1.0046006e-03 -9.0692935e-04 -6.7915874e-04 -1.7724378e-04 8.0709163e-04 2.5446203e-03 5.2838954e-03 9.2670275e-03 1.4747774e-02 2.1744490e-02 3.0299274e-02 4.0574073e-02 5.2421047e-02 6.5822712e-02 8.0548804e-02 9.6405061e-02 1.1354125e-01 1.3197343e-01 1.5192946e-01 1.7170487e-01 1.8928189e-01 2.0339923e-01 2.1448936e-01 2.2098545e-01 2.2235225e-01 2.2415636e-01 2.2326756e-01 2.1704475e-01 2.1112564e-01 2.0326170e-01 1.9164689e-01 1.7477890e-01 1.5987577e-01 1.4974847e-01 1.4061419e-01 1.3082276e-01 1.2066707e-01 1.1024569e-01 1.0006229e-01 9.0599969e-02 8.1397202e-02 7.2302228e-02 6.3316439e-02 5.4480779e-02 4.5916845e-02 3.7847799e-02 3.0366154e-02 2.3801175e-02 1.7670584e-02
