visualization/geoclaw_output/chile2010/eta_0007.asc
ncols     360
nrows     360
xllcorner -1.199166666650000e+02
yllcorner -5.991666666500000e+01
cellsize  1.666666700000000e-01
nodata_value       -9999
[rows 198 to 219 of 360, columns 300 to 349 of 360]
4.0237617e+03 4.0455816e+03 4.1650032e+03 3.1306090e+03 1.9886261e+03 1.4389370e+03 1.0919124e+03 8.2898181e+02 6.8055200e+02 6.4061855e+02 6.2108575e+02 6.0543570e+02 5.8477142e+02 5.5675630e+02 5.2526990e+02 4.8971538e+02 4.6528797e+02 5.0045464e+02 6.1425039e+02 6.6726461e+02 6.1226713e+02 6.6850442e+02 1.1812891e+03 1.3583140e+03 1.0697948e+03 9.6753301e+02 9.2150616e+02 9.6948105e+02 9.6124139e+02 1.0157927e+03 9.3729667e+02 6.8450979e+02 5.5875766e+02 4.7951105e+02 4.0875782e+02 3.3825434e+02 2.8275276e+02 2.3900190e+02 1.9975213e+02 1.6650221e+02 1.4025229e+02 1.2525213e+02 1.1800032e+02 1.0850063e+02 1.0275071e+02 9.8999684e+01 9.5999368e+01 9.2749921e+01 8.7999368e+01 9.3501737e+01
3.9062506e+03 3.9968336e+03 3.8705146e+03 2.6684788e+03 1.7115086e+03 1.2691324e+03 1.0055816e+03 8.4729022e+02 7.3972447e+02 6.7160096e+02 6.1646017e+02 5.9157544e+02 5.7278861e+02 5.5181662e+02 5.2168791e+02 4.9095866e+02 4.6858001e+02 5.2545791e+02 6.1424960e+02 5.7776375e+02 5.2301112e+02 6.3050763e+02 9.2954069e+02 1.0210428e+03 8.6701939e+02 7.9927026e+02 8.5226581e+02 9.4102813e+02 8.8503290e+02 7.9327773e+02 7.1902241e+02 6.1001383e+02 4.9951113e+02 4.1301001e+02 3.5475930e+02 3.1100429e+02 2.6550270e+02 2.2225342e+02 1.8675199e+02 1.5675087e+02 1.3200032e+02 1.1650064e+02 1.1175167e+02 1.0500048e+02 1.0649809e+02 1.0999682e+02 1.1024611e+02 1.0499619e+02 9.7997457e+01 9.3498252e+01
4.0039821e+03 4.3590429e+03 3.7330361e+03 2.3380653e+03 1.3941406e+03 1.0449540e+03 9.0872534e+02 8.8961276e+02 8.9112005e+02 7.7322968e+02 6.4878837e+02 5.8735587e+02 5.5879334e+02 5.3952895e+02 5.1236084e+02 4.8631116e+02 4.6890812e+02 5.2004412e+02 5.6826511e+02 4.9026415e+02 4.5001216e+02 5.6801232e+02 7.5251567e+02 8.3676591e+02 7.6901184e+02 6.9176399e+02 7.2777391e+02 7.4828335e+02 7.0127567e+02 6.5201727e+02 5.8701967e+02 5.1351695e+02 4.2651216e+02 3.5450864e+02 3.0825552e+02 2.9125200e+02 2.5175168e+02 2.0125328e+02 1.7475184e+02 1.5150080e+02 1.2950048e+02 1.1549968e+02 1.0949904e+02 1.0724880e+02 1.1349968e+02 1.1825056e+02 1.1850128e+02 1.1375104e+02 1.0674976e+02 1.0149920e+02
3.9708653e+03 4.1777407e+03 3.8751767e+03 2.6393902e+03 1.3101838e+03 9.4693813e+02 9.1610111e+02 1.0265904e+03 1.0512239e+03 8.9459156e+02 7.1481713e+02 6.0134988e+02 5.5271012e+02 5.2805573e+02 5.0611905e+02 4.8316166e+02 4.6793486e+02 4.7558531e+02 4.7551465e+02 4.2725604e+02 4.1274976e+02 5.1800370e+02 6.7625877e+02 7.4601320e+02 6.8876392e+02 6.1426086e+02 5.9951722e+02 5.7602189e+02 5.5177229e+02 5.2552334e+02 4.7251706e+02 4.2151255e+02 3.6000917e+02 3.0375765e+02 2.7025668e+02 2.6700579e+02 2.3625330e+02 1.8775105e+02 1.6525121e+02 1.4725056e+02 1.3249855e+02 1.2349775e+02 1.1699855e+02 1.1499871e+02 1.1774895e+02 1.1699984e+02 1.1400016e+02 1.1000016e+02 1.0725008e+02 1.0400000e+02
3.5221246e+03 3.4086099e+03 3.4151231e+03 2.7044464e+03 1.4020011e+03 9.8716941e+02 1.0445922e+03 1.1773471e+03 1.1065169e+03 9.1396010e+02 7.3921007e+02 6.2091910e+02 5.5998100e+02 5.2322892e+02 4.9803408e+02 4.7545055e+02 4.5945762e+02 4.4572730e+02 4.3099968e+02 4.1474798e+02 4.1974798e+02 5.1374765e+02 6.5399838e+02 6.9400356e+02 6.3000502e+02 5.6950356e+02 5.2725607e+02 4.8550729e+02 4.5600858e+02 4.2600875e+02 3.9000956e+02 3.5400923e+02 3.1150648e+02 2.6550470e+02 2.3625429e+02 2.3250535e+02 2.1400389e+02 1.8050130e+02 1.5875089e+02 1.4300081e+02 1.3575040e+02 1.3074992e+02 1.2249968e+02 1.1825024e+02 1.2000032e+02 1.1924943e+02 1.1300016e+02 1.0550130e+02 1.0125186e+02 1.0200065e+02
3.3303111e+03 3.4536626e+03 3.3666189e+03 2.9163564e+03 1.7014770e+03 1.1177698e+03 1.1772759e+03 1.2783025e+03 1.1532454e+03 9.1869652e+02 7.3605467e+02 6.3358894e+02 5.6895345e+02 5.2304580e+02 4.8964615e+02 4.6461415e+02 4.4846508e+02 4.3494564e+02 4.2425253e+02 4.1275269e+02 4.8148191e+02 5.7998077e+02 6.2601076e+02 6.3251646e+02 5.9000799e+02 5.4275513e+02 4.9775350e+02 4.5475269e+02 4.1700407e+02 3.8250538e+02 3.4675448e+02 3.1425367e+02 2.8100342e+02 2.4450212e+02 2.1725187e+02 2.0575334e+02 1.9150342e+02 1.6900244e+02 1.5075171e+02 1.3800081e+02 1.3275057e+02 1.2925057e+02 1.2250033e+02 1.1450098e+02 1.1375171e+02 1.1675139e+02 1.1025073e+02 1.0125008e+02 9.5250082e+01 9.3502119e+01
3.5770428e+03 3.7603758e+03 3.4801537e+03 3.1175920e+03 2.0237209e+03 1.3393567e+03 1.3240237e+03 1.3095841e+03 1.1525780e+03 9.1941382e+02 7.2538615e+02 6.2904631e+02 5.6178663e+02 5.1495049e+02 4.8402884e+02 4.6108589e+02 4.4340836e+02 4.2746353e+02 4.1175156e+02 4.1874533e+02 5.3974910e+02 6.2075599e+02 5.8000426e+02 5.5850771e+02 5.3850886e+02 5.0650672e+02 4.6800623e+02 4.2875582e+02 3.9125435e+02 3.5450377e+02 3.2150377e+02 2.9225353e+02 2.6200279e+02 2.3375139e+02 2.0850098e+02 1.8600312e+02 1.6850410e+02 1.5500213e+02 1.4350066e+02 1.3550000e+02 1.3249951e+02 1.2799984e+02 1.2100016e+02 1.1274959e+02 1.0899984e+02 1.0950098e+02 1.0500098e+02 9.6251558e+01 8.6752706e+01 7.9502460e+01
3.6274934e+03 3.7137782e+03 3.4610975e+03 2.8694574e+03 1.9849326e+03 1.5886298e+03 1.5441240e+03 1.3676555e+03 1.0742487e+03 8.6442319e+02 7.1070628e+02 6.1727245e+02 5.5179726e+02 5.0917575e+02 4.8355844e+02 4.6359357e+02 4.4225620e+02 4.2131583e+02 4.0500066e+02 4.3100066e+02 5.4274992e+02 6.0499917e+02 5.5425421e+02 5.1150776e+02 4.9225635e+02 4.6825586e+02 4.3325520e+02 3.9475536e+02 3.6275503e+02 3.3150380e+02 3.0050314e+02 2.7250297e+02 2.4600248e+02 2.2350198e+02 2.0125140e+02 1.7575025e+02 1.5600000e+02 1.4550099e+02 1.3775124e+02 1.3100149e+02 1.2775206e+02 1.2475124e+02 1.1975025e+02 1.1050116e+02 1.0275223e+02 1.0025206e+02 9.5752063e+01 8.8500990e+01 7.8749917e+01 7.2000000e+01
3.5055490e+03 3.2705238e+03 3.2436603e+03 2.7060152e+03 1.8934718e+03 1.6924941e+03 1.6337761e+03 1.3903432e+03 1.0195799e+03 8.1108110e+02 6.7843807e+02 5.9353555e+02 5.4508348e+02 5.1258129e+02 4.8732163e+02 4.6506215e+02 4.4048416e+02 4.1746170e+02 3.9875141e+02 4.3199900e+02 5.6249352e+02 6.2449435e+02 5.3800116e+02 4.7425457e+02 4.5875473e+02 4.3550498e+02 4.0375457e+02 3.7000282e+02 3.3875291e+02 3.0600465e+02 2.7550515e+02 2.4925473e+02 2.2575424e+02 2.0425440e+02 1.8500399e+02 1.6850216e+02 1.5225125e+02 1.4000083e+02 1.3375008e+02 1.2674992e+02 1.2224975e+02 1.2000033e+02 1.1550116e+02 1.0675008e+02 9.6749751e+01 9.2500498e+01 8.9000166e+01 8.5749917e+01 8.1999004e+01 7.5748754e+01
3.3625941e+03 3.1217905e+03 2.6811064e+03 2.2080174e+03 1.7281598e+03 1.5735493e+03 1.5484209e+03 1.3475765e+03 9.9682215e+02 7.8031103e+02 6.3920729e+02 5.6734632e+02 5.3556518e+02 5.0957706e+02 4.8541817e+02 4.6158172e+02 4.3656881e+02 4.1528622e+02 3.9649933e+02 4.1425694e+02 5.1702173e+02 5.6802457e+02 5.0475994e+02 4.5675125e+02 4.3475326e+02 4.1150301e+02 3.8350217e+02 3.5775125e+02 3.2900033e+02 2.8950084e+02 2.5475175e+02 2.3075142e+02 2.0875142e+02 1.8625159e+02 1.6925125e+02 1.5725159e+02 1.4500117e+02 1.3750000e+02 1.3325008e+02 1.2749983e+02 1.2424958e+02 1.2049950e+02 1.1399933e+02 1.0699983e+02 9.7000167e+01 8.8250919e+01 8.3751588e+01 8.2251253e+01 8.2500836e+01 7.9000167e+01
3.0736485e+03 3.0935773e+03 2.4133942e+03 1.8995978e+03 1.6314560e+03 1.4929610e+03 1.4655600e+03 1.3451447e+03 1.0475716e+03 7.9545475e+02 6.4913157e+02 5.7341271e+02 5.2679172e+02 4.9897711e+02 4.7897938e+02 4.5725926e+02 4.3471821e+02 4.1597560e+02 3.9949966e+02 3.9050101e+02 4.2101043e+02 4.5726253e+02 4.5950521e+02 4.4175378e+02 4.1500336e+02 3.9225345e+02 3.6775311e+02 3.4275378e+02 3.1600404e+02 2.8100202e+02 2.4575126e+02 2.2400084e+02 2.0425008e+02 1.8174992e+02 1.6475025e+02 1.5274992e+02 1.4324941e+02 1.3725008e+02 1.3300000e+02 1.2924958e+02 1.2500017e+02 1.1950084e+02 1.1450050e+02 1.0750000e+02 9.8999159e+01 9.0748234e+01 8.5997646e+01 8.3998150e+01 8.4998318e+01 8.3498318e+01
2.8784079e+03 2.5199239e+03 1.9999767e+03 1.7322800e+03 1.5530844e+03 1.4197146e+03 1.3649829e+03 1.3300452e+03 1.2096041e+03 9.3958189e+02 6.7890677e+02 5.6475800e+02 5.1100665e+02 4.8323883e+02 4.6721927e+02 4.4881789e+02 4.2956671e+02 4.1165083e+02 3.9650135e+02 3.8400118e+02 3.8075313e+02 4.0175618e+02 4.2200745e+02 4.1450541e+02 3.9425364e+02 3.7225330e+02 3.4825347e+02 3.2525212e+02 3.0075110e+02 2.7200102e+02 2.4799797e+02 2.2799780e+02 2.0325025e+02 1.8025059e+02 1.6075110e+02 1.4900135e+02 1.4300068e+02 1.3500068e+02 1.3075076e+02 1.2850068e+02 1.2350034e+02 1.1650017e+02 1.1125059e+02 1.0675025e+02 1.0224975e+02 9.7749408e+01 1.0024755e+02 9.9996447e+01 9.4998308e+01 8.9499662e+01
2.5790866e+03 1.9882572e+03 1.6012653e+03 1.4500922e+03 1.3766360e+03 1.3274291e+03 1.3037826e+03 1.3054066e+03 1.3494979e+03 1.1538591e+03 7.7249549e+02 5.6565362e+02 4.9680224e+02 4.5992688e+02 4.4559867e+02 4.3081492e+02 4.1466570e+02 4.0055404e+02 3.9075060e+02 3.7950034e+02 3.6600187e+02 3.7300358e+02 3.8725434e+02 3.8550443e+02 3.7525281e+02 3.6025077e+02 3.4099898e+02 3.2274872e+02 2.9874957e+02 2.7099932e+02 2.5075111e+02 2.2975162e+02 2.0000085e+02 1.7375162e+02 1.5375128e+02 1.4350051e+02 1.3975043e+02 1.2900136e+02 1.2125247e+02 1.1750306e+02 1.1425281e+02 1.0900238e+02 1.0475162e+02 1.0300102e+02 1.0050085e+02 9.7250766e+01 1.0000255e+02 1.0100323e+02 9.4501873e+01 8.8000851e+01
2.5422295e+03 1.9372120e+03 1.5150997e+03 1.3995254e+03 1.3542779e+03 1.3388933e+03 1.3393977e+03 1.3752406e+03 1.4287677e+03 1.2621658e+03 8.9552791e+02 6.2703517e+02 5.2561789e+02 4.6076887e+02 4.2164059e+02 4.0984039e+02 3.9982956e+02 3.9086461e+02 3.8500137e+02 3.7600086e+02 3.6025009e+02 3.5875128e+02 3.7050137e+02 3.6925111e+02 3.5875283e+02 3.5300171e+02 3.4150086e+02 3.2425077e+02 3.0474837e+02 2.8524580e+02 2.6249486e+02 2.3149777e+02 1.9774991e+02 1.7074940e+02 1.5299897e+02 1.4050051e+02 1.3225214e+02 1.1950188e+02 1.0800206e+02 1.0225214e+02 9.9502227e+01 9.8251285e+01 9.9750086e+01 1.0000000e+02 9.7250257e+01 9.3000685e+01 8.9001199e+01 8.7001542e+01 8.5751114e+01 8.4750257e+01
2.7100935e+03 1.9315239e+03 1.4887986e+03 1.3745757e+03 1.3459469e+03 1.3550908e+03 1.4612847e+03 1.5986617e+03 1.6867011e+03 1.5388121e+03 1.1109215e+03 7.3534214e+02 5.8261746e+02 4.8324381e+02 4.1093948e+02 3.9207162e+02 3.8627487e+02 3.8102636e+02 3.7700138e+02 3.7000121e+02 3.5775078e+02 3.5574974e+02 3.6450069e+02 3.6275112e+02 3.5249931e+02 3.4575078e+02 3.3875009e+02 3.2374940e+02 3.0750069e+02 2.9525078e+02 2.7375129e+02 2.3400138e+02 1.9375147e+02 1.7399948e+02 1.6299759e+02 1.4274871e+02 1.2774940e+02 1.1499966e+02 1.0150017e+02 9.6999655e+01 9.3749741e+01 9.5249741e+01 9.8750259e+01 9.5751465e+01 9.1251810e+01 8.7501207e+01 8.3000862e+01 8.0000862e+01 7.9251120e+01 8.0501207e+01
2.4801791e+03 1.9810655e+03 1.6378197e+03 1.4027506e+03 1.3453053e+03 1.3677178e+03 1.5627152e+03 1.8324283e+03 2.1027176e+03 1.9577893e+03 1.3601363e+03 8.7511568e+02 6.5840380e+02 5.3282653e+02 4.2941522e+02 3.8181930e+02 3.7166565e+02 3.6747363e+02 3.6400312e+02 3.5825286e+02 3.5025182e+02 3.5150173e+02 3.5700191e+02 3.5675095e+02 3.5375026e+02 3.4225043e+02 3.3475130e+02 3.2250104e+02 3.0799913e+02 2.9599896e+02 2.6775078e+02 2.2850052e+02 1.9474818e+02 1.8249757e+02 1.7324887e+02 1.4699983e+02 1.2575130e+02 1.1300104e+02 1.0174974e+02 9.6750434e+01 9.0501388e+01 9.2251301e+01 9.6500520e+01 9.1250087e+01 8.7499480e+01 8.6249220e+01 8.0999827e+01 7.8499653e+01 7.8998959e+01 7.9749046e+01
2.2008606e+03 2.0236316e+03 1.8263334e+03 1.6369480e+03 1.4547252e+03 1.3828607e+03 1.6186294e+03 1.8992536e+03 2.1286311e+03 1.8986185e+03 1.3295618e+03 9.5835933e+02 7.4076121e+02 6.0304145e+02 4.7875487e+02 3.9477072e+02 3.5974651e+02 3.5375616e+02 3.4950192e+02 3.4425201e+02 3.4100140e+02 3.4450070e+02 3.4975061e+02 3.5250052e+02 3.5275009e+02 3.5149634e+02 3.3624817e+02 3.1475166e+02 3.0425218e+02 2.8875358e+02 2.5975201e+02 2.2300140e+02 2.0024991e+02 1.9274887e+02 1.7600017e+02 1.4725009e+02 1.2299965e+02 1.1049983e+02 1.0374956e+02 9.5749913e+01 8.6999825e+01 8.7750262e+01 9.1501222e+01 8.8250960e+01 8.5751134e+01 8.5001222e+01 8.1749913e+01 8.0999476e+01 8.2999651e+01 8.3749564e+01
2.0223809e+03 1.9760222e+03 2.0074454e+03 2.0431867e+03 1.6297728e+03 1.4056701e+03 1.6157826e+03 1.8712891e+03 1.9005654e+03 1.5873786e+03 1.1836486e+03 9.4184270e+02 7.7397694e+02 6.4623415e+02 5.2902580e+02 4.3330529e+02 3.6640438e+02 3.4085027e+02 3.3625272e+02 3.3175237e+02 3.2975255e+02 3.3550246e+02 3.4250193e+02 3.4600176e+02 3.4800158e+02 3.5125377e+02 3.3275307e+02 3.0750088e+02 2.9375149e+02 2.7475132e+02 2.5699895e+02 2.2549772e+02 2.0149965e+02 1.9125167e+02 1.6900228e+02 1.4450088e+02 1.2624921e+02 1.1249947e+02 1.0400035e+02 9.7499473e+01 8.9749210e+01 8.8499473e+01 8.9749385e+01 8.7749210e+01 8.2749912e+01 8.1250088e+01 8.3999298e+01 8.3749561e+01 8.2750439e+01 8.3500527e+01
2.0050162e+03 1.7275975e+03 1.9230333e+03 2.0598721e+03 1.6318055e+03 1.4325167e+03 1.5440343e+03 1.7226500e+03 1.6415105e+03 1.3714610e+03 1.1142513e+03 9.0291132e+02 7.6740979e+02 6.5991902e+02 5.6270147e+02 4.6696013e+02 3.7247622e+02 3.2584446e+02 3.2125256e+02 3.1950194e+02 3.1875132e+02 3.2500124e+02 3.3275150e+02 3.3500212e+02 3.3625256e+02 3.2375592e+02 3.0525662e+02 2.9875221e+02 2.8850035e+02 2.6850088e+02 2.4950371e+02 2.2475256e+02 2.0150035e+02 1.7850283e+02 1.5550247e+02 1.4075044e+02 1.3174885e+02 1.1874832e+02 1.0474938e+02 9.9999647e+01 9.3499470e+01 9.2249205e+01 9.4748852e+01 9.3998587e+01 9.0247438e+01 8.9247085e+01 9.1997880e+01 9.0747968e+01 8.6998057e+01 8.7747968e+01
2.0976855e+03 1.5477216e+03 1.6243291e+03 1.8790533e+03 1.7908036e+03 1.7263026e+03 1.6382519e+03 1.5302560e+03 1.3882491e+03 1.2124922e+03 1.0357705e+03 8.8264578e+02 7.6641688e+02 6.7051251e+02 5.8587321e+02 4.8675992e+02 3.7168848e+02 3.1250994e+02 3.0600284e+02 3.0675258e+02 3.0900213e+02 3.1575204e+02 3.2325187e+02 3.2625098e+02 3.2500142e+02 3.1324778e+02 2.9824582e+02 2.9225009e+02 2.8350142e+02 2.6150160e+02 2.3800036e+02 2.2474742e+02 2.1249573e+02 1.7549822e+02 1.4974956e+02 1.4574778e+02 1.4049804e+02 1.2999769e+02 1.1649645e+02 1.0899716e+02 1.0224742e+02 1.0149751e+02 1.0374796e+02 1.0399787e+02 1.0399769e+02 1.0549716e+02 1.0624707e+02 1.0424725e+02 9.9747423e+01 9.9747778e+01
2.2078839e+03 1.5349407e+03 1.4174775e+03 1.8457347e+03 2.0688538e+03 1.9043631e+03 1.5815241e+03 1.3488590e+03 1.2543190e+03 1.1291669e+03 9.6724083e+02 8.5198291e+02 7.5927159e+02 6.7047785e+02 5.8856896e+02 4.9856879e+02 3.7907652e+02 3.0464673e+02 2.9600072e+02 2.9850036e+02 3.0399964e+02 3.1099964e+02 3.1725027e+02 3.1650250e+02 3.1275295e+02 3.1775063e+02 3.1374866e+02 2.9050054e+02 2.7475170e+02 2.5774973e+02 2.2850304e+02 2.1975438e+02 2.1250429e+02 1.7875063e+02 1.6049660e+02 1.5449911e+02 1.4525027e+02 1.3924902e+02 1.3074848e+02 1.2074866e+02 1.1374848e+02 1.1124902e+02 1.1074955e+02 1.1099964e+02 1.1324902e+02 1.1674884e+02 1.1774884e+02 1.1549875e+02 1.1049875e+02 1.0874902e+02
1.8831611e+03 1.4471695e+03 1.4109927e+03 1.7706141e+03 1.8664005e+03 1.5863120e+03 1.3040301e+03 1.1727273e+03 1.1053539e+03 1.0114627e+03 9.0041428e+02 8.0628750e+02 7.2825839e+02 6.4370461e+02 5.5975765e+02 4.8511961e+02 3.8033369e+02 2.9972420e+02 2.8850198e+02 2.9200198e+02 2.9800252e+02 3.0600216e+02 3.0925261e+02 3.0525153e+02 3.0724901e+02 3.1749946e+02 3.3424397e+02 3.0949262e+02 2.8449478e+02 2.7874271e+02 2.3374505e+02 2.1749640e+02 2.1349532e+02 1.8199820e+02 1.6400216e+02 1.4850306e+02 1.3675279e+02 1.3650198e+02 1.3175117e+02 1.2499982e+02 1.2074901e+02 1.1749874e+02 1.1299964e+02 1.0950090e+02 1.1100180e+02 1.1375225e+02 1.1450234e+02 1.1575117e+02 1.1474973e+02 1.1324937e+02
