visualization/geoclaw_output/chile2010/eta_0008.asc
ncols     360
nrows     360
xllcorner -1.199166666650000e+02
yllcorner -5.991666666500000e+01
cellsize  1.666666700000000e-01
nodata_value       -9999
[rows 0 to 21 of 360, columns 200 to 249 of 360]
0.0000000e+00 0.0000000e+00 0.0000000e+00 0.0000000e+00 0.0000000e+00 0.0000000e+00 0.0000000e+00 0.0000000e+00 0.0000000e+00 0.0000000e+00 0.0000000e+00 0.0000000e+00 0.0000000e+00 0.0000000e+00 0.0000000e+00 0.0000000e+00 0.0000000e+00 0.0000000e+00 0.0000000e+00 0.0000000e+00 0.0000000e+00 0.0000000e+00 0.0000000e+00 0.0000000e+00 0.0000000e+00 0.0000000e+00 0.0000000e+00 0.0000000e+00 0.0000000e+00 0.0000000e+00 0.0000000e+00 0.0000000e+00 0.0000000e+00 0.0000000e+00 0.0000000e+00 -2.2737368e-13 -2.8421709e-14 1.8474111e-13 4.6499943e+01 2.1799993e+02 3.0624998e+02 2.8700000e+02 2.5724999e+02 2.7074998e+02 3.9299998e+02 6.5225000e+02 1.1519999e+03 2.0514998e+03 2.7572499e+03 2.6652500e+03
0.0000000e+00 0.0000000e+00 0.0000000e+00 0.0000000e+00 0.0000000e+00 0.0000000e+00 0.0000000e+00 0.0000000e+00 0.0000000e+00 0.0000000e+00 0.0000000e+00 0.0000000e+00 0.0000000e+00 0.0000000e+00 0.0000000e+00 0.0000000e+00 0.0000000e+00 0.0000000e+00 0.0000000e+00 0.0000000e+00 0.0000000e+00 0.0000000e+00 2.2737368e-13 0.0000000e+00 0.0000000e+00 0.0000000e+00 0.0000000e+00 0.0000000e+00 0.0000000e+00 0.0000000e+00 0.0000000e+00 0.0000000e+00 0.0000000e+00 0.0000000e+00 1.1368684e-13 -4.5474735e-13 -1.2789769e-13 2.2749863e+01 1.8299988e+02 2.9900004e+02 3.1500005e+02 2.7300002e+02 2.6725000e+02 3.0150000e+02 4.2899999e+02 7.0299988e+02 1.2487500e+03 2.4239999e+03 2.9939999e+03 2.8354997e+03
0.0000000e+00 0.0000000e+00 0.0000000e+00 0.0000000e+00 0.0000000e+00 0.0000000e+00 0.0000000e+00 0.0000000e+00 0.0000000e+00 0.0000000e+00 0.0000000e+00 0.0000000e+00 0.0000000e+00 0.0000000e+00 0.0000000e+00 0.0000000e+00 0.0000000e+00 0.0000000e+00 0.0000000e+00 0.0000000e+00 0.0000000e+00 0.0000000e+00 2.2737368e-13 0.0000000e+00 0.0000000e+00 0.0000000e+00 0.0000000e+00 0.0000000e+00 0.0000000e+00 0.0000000e+00 0.0000000e+00 0.0000000e+00 0.0000000e+00 0.0000000e+00 1.1368684e-13 -1.1368684e-13 6.3948846e-14 8.5250008e+01 2.3575001e+02 2.8724997e+02 2.7225006e+02 2.2400014e+02 2.1550018e+02 2.4250020e+02 5.4149961e+02 1.1872485e+03 1.6802485e+03 2.6782492e+03 3.3399989e+03 3.3567487e+03
0.0000000e+00 0.0000000e+00 0.0000000e+00 0.0000000e+00 0.0000000e+00 0.0000000e+00 0.0000000e+00 0.0000000e+00 0.0000000e+00 0.0000000e+00 0.0000000e+00 0.0000000e+00 0.0000000e+00 0.0000000e+00 0.0000000e+00 0.0000000e+00 0.0000000e+00 0.0000000e+00 0.0000000e+00 0.0000000e+00 0.0000000e+00 -2.2737368e-13 0.0000000e+00 0.0000000e+00 0.0000000e+00 0.0000000e+00 0.0000000e+00 0.0000000e+00 0.0000000e+00 0.0000000e+00 0.0000000e+00 0.0000000e+00 0.0000000e+00 0.0000000e+00 1.7053026e-13 -1.5631940e-13 8.5265128e-14 4.3500195e+01 1.3750047e+02 2.2250036e+02 2.2525014e+02 1.6950008e+02 1.4575009e+02 2.1599985e+02 5.8800031e+02 1.5392504e+03 2.3504988e+03 3.0867491e+03 3.6864998e+03 3.8187496e+03
0.0000000e+00 0.0000000e+00 0.0000000e+00 0.0000000e+00 0.0000000e+00 0.0000000e+00 0.0000000e+00 0.0000000e+00 0.0000000e+00 0.0000000e+00 0.0000000e+00 0.0000000e+00 0.0000000e+00 0.0000000e+00 0.0000000e+00 0.0000000e+00 0.0000000e+00 0.0000000e+00 2.2737368e-13 0.0000000e+00 0.0000000e+00 -2.2737368e-13 2.2737368e-13 0.0000000e+00 0.0000000e+00 0.0000000e+00 0.0000000e+00 0.0000000e+00 0.0000000e+00 0.0000000e+00 0.0000000e+00 0.0000000e+00 0.0000000e+00 0.0000000e+00 1.1368684e-13 -1.5631940e-13 -3.1974423e-14 4.0249770e+01 7.6749783e+01 1.4525002e+02 1.6250021e+02 1.2950015e+02 1.2125004e+02 1.9625032e+02 4.9000022e+02 1.6827486e+03 3.0634970e+03 3.3709994e+03 3.5075014e+03 3.7772508e+03
0.0000000e+00 0.0000000e+00 0.0000000e+00 0.0000000e+00 0.0000000e+00 0.0000000e+00 0.0000000e+00 0.0000000e+00 0.0000000e+00 0.0000000e+00 0.0000000e+00 0.0000000e+00 0.0000000e+00 0.0000000e+00 0.0000000e+00 0.0000000e+00 0.0000000e+00 -2.2737368e-13 0.0000000e+00 -2.2737368e-13 0.0000000e+00 -2.2737368e-13 0.0000000e+00 0.0000000e+00 0.0000000e+00 0.0000000e+00 -2.2737368e-13 0.0000000e+00 0.0000000e+00 0.0000000e+00 0.0000000e+00 0.0000000e+00 0.0000000e+00 0.0000000e+00 0.0000000e+00 9.9992904e+00 4.0499651e+01 9.9249824e+01 1.7524950e+02 1.9974955e+02 1.5399981e+02 1.2424985e+02 1.1000004e+02 1.7599977e+02 5.3574938e+02 1.9389997e+03 3.5634998e+03 3.5129997e+03 3.3074998e+03 3.6674999e+03
2.2737368e-13 0.0000000e+00 0.0000000e+00 0.0000000e+00 0.0000000e+00 0.0000000e+00 0.0000000e+00 0.0000000e+00 0.0000000e+00 0.0000000e+00 0.0000000e+00 0.0000000e+00 0.0000000e+00 2.2737368e-13 0.0000000e+00 -2.2737368e-13 0.0000000e+00 -2.2737368e-13 2.2737368e-13 0.0000000e+00 0.0000000e+00 -2.2737368e-13 2.2737368e-13 0.0000000e+00 0.0000000e+00 0.0000000e+00 0.0000000e+00 0.0000000e+00 0.0000000e+00 0.0000000e+00 0.0000000e+00 0.0000000e+00 0.0000000e+00 0.0000000e+00 -1.2256862e-13 1.2674977e+02 1.7624917e+02 1.8674941e+02 2.1075026e+02 2.0725047e+02 1.3775038e+02 1.0825032e+02 9.4750094e+01 2.4574964e+02 6.4999969e+02 1.9130006e+03 3.5002509e+03 3.6759989e+03 3.4104992e+03 3.6342505e+03
0.0000000e+00 0.0000000e+00 0.0000000e+00 0.0000000e+00 0.0000000e+00 0.0000000e+00 0.0000000e+00 0.0000000e+00 0.0000000e+00 0.0000000e+00 0.0000000e+00 0.0000000e+00 0.0000000e+00 0.0000000e+00 0.0000000e+00 0.0000000e+00 0.0000000e+00 0.0000000e+00 2.2737368e-13 -2.2737368e-13 0.0000000e+00 -2.2737368e-13 0.0000000e+00 0.0000000e+00 0.0000000e+00 0.0000000e+00 0.0000000e+00 0.0000000e+00 0.0000000e+00 0.0000000e+00 0.0000000e+00 0.0000000e+00 0.0000000e+00 -5.6843419e-14 3.5527137e-15 1.5200000e+02 3.3124932e+02 2.9574953e+02 1.8474997e+02 1.3775020e+02 8.5500116e+01 6.8500053e+01 1.0974973e+02 3.5824923e+02 9.0774763e+02 2.3064952e+03 3.6422475e+03 3.6322517e+03 3.1130040e+03 3.1410047e+03
0.0000000e+00 0.0000000e+00 0.0000000e+00 0.0000000e+00 0.0000000e+00 0.0000000e+00 0.0000000e+00 0.0000000e+00 0.0000000e+00 0.0000000e+00 0.0000000e+00 0.0000000e+00 0.0000000e+00 0.0000000e+00 0.0000000e+00 0.0000000e+00 0.0000000e+00 -2.2737368e-13 0.0000000e+00 0.0000000e+00 0.0000000e+00 0.0000000e+00 0.0000000e+00 0.0000000e+00 0.0000000e+00 0.0000000e+00 0.0000000e+00 0.0000000e+00 0.0000000e+00 0.0000000e+00 0.0000000e+00 0.0000000e+00 0.0000000e+00 8.5265128e-14 3.5527137e-14 1.3475021e+02 3.8375014e+02 3.3425007e+02 1.6900022e+02 1.0775013e+02 6.4250123e+01 5.6750081e+01 1.5824972e+02 4.0175035e+02 1.0892505e+03 2.6575013e+03 3.9564991e+03 3.9249946e+03 3.0302464e+03 2.9307472e+03
0.0000000e+00 0.0000000e+00 0.0000000e+00 0.0000000e+00 0.0000000e+00 0.0000000e+00 0.0000000e+00 0.0000000e+00 0.0000000e+00 0.0000000e+00 0.0000000e+00 0.0000000e+00 0.0000000e+00 0.0000000e+00 0.0000000e+00 0.0000000e+00 0.0000000e+00 -2.2737368e-13 0.0000000e+00 0.0000000e+00 0.0000000e+00 0.0000000e+00 0.0000000e+00 0.0000000e+00 0.0000000e+00 0.0000000e+00 0.0000000e+00 0.0000000e+00 0.0000000e+00 0.0000000e+00 0.0000000e+00 0.0000000e+00 2.2737368e-13 3.6948222e-13 2.9132252e-13 1.2949984e+02 3.1700074e+02 2.9100050e+02 1.7324970e+02 9.0250084e+01 4.4750124e+01 4.2250104e+01 1.3425063e+02 3.0875085e+02 9.1450177e+02 2.2315043e+03 3.6480052e+03 3.8642569e+03 3.2222514e+03 3.1595000e+03
0.0000000e+00 0.0000000e+00 0.0000000e+00 0.0000000e+00 0.0000000e+00 0.0000000e+00 0.0000000e+00 0.0000000e+00 0.0000000e+00 0.0000000e+00 0.0000000e+00 0.0000000e+00 0.0000000e+00 0.0000000e+00 0.0000000e+00 -2.2737368e-13 0.0000000e+00 -2.2737368e-13 0.0000000e+00 0.0000000e+00 0.0000000e+00 0.0000000e+00 0.0000000e+00 0.0000000e+00 0.0000000e+00 0.0000000e+00 0.0000000e+00 0.0000000e+00 4.5474735e-13 9.0949470e-13 9.0949470e-13 0.0000000e+00 0.0000000e+00 2.8421709e-14 2.8421709e-14 1.1650037e+02 3.2074913e+02 2.9674936e+02 1.5150066e+02 7.0250204e+01 3.2750041e+01 3.1000052e+01 6.6500304e+01 1.7525103e+02 6.4900197e+02 1.8430010e+03 3.2587500e+03 3.4634983e+03 3.3727462e+03 3.2442487e+03
0.0000000e+00 0.0000000e+00 0.0000000e+00 0.0000000e+00 0.0000000e+00 0.0000000e+00 0.0000000e+00 0.0000000e+00 0.0000000e+00 0.0000000e+00 0.0000000e+00 0.0000000e+00 0.0000000e+00 0.0000000e+00 0.0000000e+00 0.0000000e+00 0.0000000e+00 0.0000000e+00 0.0000000e+00 0.0000000e+00 0.0000000e+00 0.0000000e+00 0.0000000e+00 0.0000000e+00 0.0000000e+00 9.0949470e-13 1.3642421e-12 2.7284841e-12 2.7284841e-12 2.7284841e-12 2.2737368e-12 1.3642421e-12 3.4106051e-13 -1.1368684e-13 -9.9475983e-14 5.8750531e+01 2.5225206e+02 2.8775085e+02 1.6049913e+02 8.0249615e+01 3.8999854e+01 2.5000041e+01 5.3999870e+01 1.3199957e+02 5.2949978e+02 1.6222525e+03 3.1242521e+03 3.6477489e+03 3.6457497e+03 3.3447498e+03
0.0000000e+00 0.0000000e+00 0.0000000e+00 0.0000000e+00 0.0000000e+00 0.0000000e+00 0.0000000e+00 0.0000000e+00 0.0000000e+00 0.0000000e+00 0.0000000e+00 0.0000000e+00 0.0000000e+00 0.0000000e+00 0.0000000e+00 0.0000000e+00 0.0000000e+00 0.0000000e+00 0.0000000e+00 0.0000000e+00 0.0000000e+00 0.0000000e+00 9.0949470e-13 1.8189894e-12 3.1832315e-12 5.4569682e-12 5.9117156e-12 6.8212103e-12 6.3664629e-12 5.4569682e-12 5.0022209e-12 4.5474735e-12 2.7284841e-12 4.8316906e-13 1.4210855e-14 4.8999594e+01 1.2450001e+02 2.1125043e+02 2.0750011e+02 1.2324966e+02 6.3499727e+01 2.9999868e+01 8.3749616e+01 1.8399955e+02 4.3400192e+02 1.4322506e+03 2.8225030e+03 3.5725026e+03 3.7639982e+03 3.3222506e+03
0.0000000e+00 0.0000000e+00 0.0000000e+00 0.0000000e+00 0.0000000e+00 0.0000000e+00 0.0000000e+00 0.0000000e+00 0.0000000e+00 0.0000000e+00 0.0000000e+00 0.0000000e+00 0.0000000e+00 0.0000000e+00 0.0000000e+00 0.0000000e+00 0.0000000e+00 0.0000000e+00 0.0000000e+00 4.5474735e-13 1.8189894e-12 4.0927262e-12 6.3664629e-12 9.5496944e-12 1.1368684e-11 1.1368684e-11 9.5496944e-12 8.1854523e-12 6.8212103e-12 6.3664629e-12 5.9117156e-12 5.9117156e-12 5.4569682e-12 1.2221335e-12 -6.2883032e-13 4.2250567e+01 9.1250624e+01 1.5600059e+02 1.5775082e+02 9.2500952e+01 4.1500714e+01 6.6499448e+01 1.7499868e+02 2.7899868e+02 4.5824746e+02 1.4464990e+03 2.8374965e+03 3.6402459e+03 3.7942513e+03 3.2317510e+03
0.0000000e+00 0.0000000e+00 0.0000000e+00 0.0000000e+00 0.0000000e+00 0.0000000e+00 0.0000000e+00 0.0000000e+00 0.0000000e+00 0.0000000e+00 0.0000000e+00 0.0000000e+00 0.0000000e+00 0.0000000e+00 0.0000000e+00 0.0000000e+00 9.0949470e-13 9.0949470e-13 2.2737368e-12 5.4569682e-12 9.5496944e-12 1.3187673e-11 1.6370905e-11 2.0008883e-11 1.8189894e-11 1.3187673e-11 9.5496944e-12 6.3664629e-12 3.6379788e-12 2.7284841e-12 3.6379788e-12 6.3664629e-12 7.0485839e-12 5.0022209e-12 -2.4868996e-13 -3.7836401e-13 6.5999846e+01 1.2649997e+02 8.1750670e+01 2.2500409e+01 3.0000205e+00 7.9250332e+01 1.9200107e+02 2.8125138e+02 7.2874719e+02 1.7964939e+03 3.0797488e+03 3.7115029e+03 3.6492515e+03 3.0730021e+03
0.0000000e+00 0.0000000e+00 0.0000000e+00 0.0000000e+00 0.0000000e+00 0.0000000e+00 0.0000000e+00 0.0000000e+00 0.0000000e+00 0.0000000e+00 0.0000000e+00 0.0000000e+00 4.5474735e-13 9.0949470e-13 2.2737368e-12 4.0927262e-12 7.7307050e-12 1.3187673e-11 1.8189894e-11 2.2282620e-11 2.5011104e-11 2.8649083e-11 3.2287062e-11 3.4106051e-11 2.0008883e-11 9.0949470e-12 -5.9117156e-12 -2.7284841e-11 -4.7293724e-11 -4.8203219e-11 -2.6375346e-11 -4.5474735e-13 9.0949470e-12 7.8443918e-12 1.8616220e-12 -2.1316282e-14 2.5251055e+01 6.4251394e+01 2.8000459e+01 2.0000109e+00 1.7500055e+00 3.9750509e+01 2.9824653e+02 8.5348601e+02 1.9377266e+03 2.9169820e+03 3.2757470e+03 3.3540047e+03 3.4220033e+03 2.8052536e+03
0.0000000e+00 0.0000000e+00 0.0000000e+00 -4.5474735e-13 0.0000000e+00 0.0000000e+00 0.0000000e+00 0.0000000e+00 9.0949470e-13 1.8189894e-12 3.1832315e-12 5.4569682e-12 1.0913936e-11 2.0918378e-11 3.9108272e-11 5.9571903e-11 7.5033313e-11 7.6397555e-11 6.4119376e-11 5.8207661e-11 6.0936145e-11 6.9576345e-11 9.2768460e-11 4.6384230e-11 2.2737368e-12 -7.3669071e-11 -2.0600055e-10 -3.9426595e-10 -5.9208105e-10 -5.4797056e-10 -2.9467628e-10 -6.9121597e-11 9.3223207e-12 9.6633812e-12 3.6379788e-12 -3.2684966e-13 -2.0961011e-13 -1.6697754e-13 3.2500873e+00 2.4999767e+00 0.0000000e+00 2.2499860e+01 6.7924482e+02 2.1917337e+03 3.3812413e+03 3.3985079e+03 3.0545084e+03 2.9137552e+03 2.8855089e+03 2.1737609e+03
0.0000000e+00 0.0000000e+00 0.0000000e+00 0.0000000e+00 0.0000000e+00 0.0000000e+00 9.0949470e-13 3.6379788e-12 9.5496944e-12 2.1373125e-11 4.5019988e-11 8.6856744e-11 1.4051693e-10 1.9508661e-10 2.3555913e-10 2.5102054e-10 2.4192559e-10 2.1009328e-10 1.8144419e-10 1.6962076e-10 1.9963409e-10 2.6875568e-10 2.4647306e-10 2.8649083e-11 -3.2650860e-10 -1.0572876e-09 -2.2855602e-09 -3.9799488e-09 -5.8244041e-09 -4.9717528e-09 -2.3669600e-09 -5.2477844e-10 -2.7284841e-11 9.8907549e-12 7.1906925e-12 2.7000624e-13 1.4210855e-13 2.0961011e-13 1.3249660e+01 1.2499778e+01 0.0000000e+00 1.0874802e+02 1.1082449e+03 2.9372488e+03 3.6712520e+03 3.0899992e+03 2.6685007e+03 2.6767503e+03 2.4122522e+03 1.5595036e+03
0.0000000e+00 0.0000000e+00 0.0000000e+00 0.0000000e+00 2.2737368e-12 7.7307050e-12 2.3192115e-11 6.0936145e-11 1.3915269e-10 2.4647306e-10 3.5834091e-10 4.5247361e-10 5.1750249e-10 5.4251359e-10 5.3614713e-10 5.0386006e-10 4.6475179e-10 4.6884452e-10 5.5433702e-10 7.3896445e-10 9.6451913e-10 1.2364580e-09 3.6970960e-10 -1.0795702e-09 -4.5147317e-09 -1.1432348e-08 -2.2861514e-08 -3.6592155e-08 -5.0854396e-08 -3.9632141e-08 -1.6532795e-08 -1.8399078e-09 -9.5724317e-11 5.4569682e-12 8.2422957e-12 9.9475983e-13 -1.5631940e-13 -4.2632564e-14 4.5005875e+00 5.2504244e+00 1.7999478e+01 4.4649328e+02 1.8417362e+03 3.1592454e+03 3.1515114e+03 2.8727565e+03 2.8872436e+03 2.8152461e+03 2.2210027e+03 1.2735036e+03
-4.5474735e-13 0.0000000e+00 1.3642421e-12 1.1823431e-11 4.5474735e-11 1.3687895e-10 3.0922820e-10 5.2614268e-10 7.2441253e-10 8.7175067e-10 9.4996722e-10 9.6679287e-10 9.2995833e-10 8.4628482e-10 7.5169737e-10 6.9076123e-10 7.0713213e-10 9.1677066e-10 1.3619683e-09 1.9849722e-09 2.5270310e-09 2.4124347e-09 -2.4192559e-09 -1.7848834e-08 -5.3079020e-08 -1.1713701e-07 -2.1273945e-07 -3.0921638e-07 -3.9585348e-07 -2.8294016e-07 -1.0811573e-07 -4.7680260e-09 2.2737368e-11 -6.5938366e-12 6.0254024e-12 2.1316282e-12 -4.9737992e-14 -3.5527137e-14 -9.7699626e-14 -3.1841196e-13 4.5749787e+01 4.9775568e+02 1.6167707e+03 2.2602796e+03 2.3982587e+03 2.7879955e+03 2.8882567e+03 2.6000101e+03 1.8800066e+03 1.0835014e+03
1.8189894e-12 1.3642421e-11 6.1390892e-11 2.2009772e-10 5.3660187e-10 9.2131813e-10 1.2510100e-09 1.4752004e-09 1.5679689e-09 1.5511432e-09 1.4324542e-09 1.2619239e-09 1.0786607e-09 9.1495167e-10 7.9762685e-10 7.3805495e-10 8.7493390e-10 1.3892532e-09 2.2218956e-09 3.1755008e-09 4.4947228e-09 -1.8253559e-09 -6.2021172e-08 -2.3230132e-07 -5.7037596e-07 -1.1074162e-06 -1.8101582e-06 -2.4627070e-06 -2.8319873e-06 -1.9052004e-06 -7.0208171e-07 -2.6863518e-08 2.3558187e-09 4.2012971e-10 -4.6611603e-12 8.1712415e-13 9.2370556e-14 2.1316282e-14 1.2249428e+01 3.4499146e+01 1.5874695e+02 9.0773216e+02 1.8939702e+03 1.9169788e+03 2.2287458e+03 2.7322563e+03 2.5837517e+03 2.1845014e+03 1.4310061e+03 9.9075122e+02
8.3218765e-11 2.9695002e-10 7.8080120e-10 1.4219950e-09 1.9845174e-09 2.3401299e-09 2.4510882e-09 2.3569555e-09 2.0945663e-09 1.7907951e-09 1.5184014e-09 1.2723831e-09 1.0381882e-09 8.1308826e-10 6.2664185e-10 5.2523319e-10 7.9535312e-10 1.5274964e-09 3.0127012e-09 4.1800376e-09 -1.1158590e-08 -2.0531434e-07 -9.0925278e-07 -2.5298368e-06 -5.5076566e-06 -9.9410036e-06 -1.4483835e-05 -1.8060491e-05 -1.8330550e-05 -1.2642772e-05 -5.1061002e-06 -3.6598840e-07 6.0367256e-08 6.4914616e-09 2.3135271e-11 -2.0534685e-12 1.9748702e+01 4.5748763e+01 6.2499074e+01 1.1474846e+02 2.6849986e+02 1.1285120e+03 2.2112716e+03 2.5855019e+03 2.7334891e+03 2.3952536e+03 2.0392647e+03 1.8965073e+03 1.3624957e+03 1.0069982e+03
