visualization/geoclaw_output/chile2010/eta_0003.asc
ncols     360
nrows     360
xllcorner -1.199166666650000e+02
yllcorner -5.991666666500000e+01
cellsize  1.666666700000000e-01
nodata_value       -9999
[rows 132 to 153 of 360, columns 250 to 299 of 360]
-3.6824986e-03 -3.7272052e-03 -3.7682557e-03 -3.8071859e-03 -3.8415415e-03 -3.8730543e-03 -3.9001936e-03 -3.9277880e-03 -3.9531576e-03 -3.9780538e-03 -4.0127314e-03 -4.0568289e-03 -4.1042894e-03 -4.1636163e-03 -4.2377190e-03 -4.3207659e-03 -4.4096538e-03 -4.5053711e-03 -4.6044284e-03 -4.7049905e-03 -4.8083073e-03 -4.9150621e-03 -5.0134248e-03 -5.1140591e-03 -5.2226769e-03 -5.3304049e-03 -5.4388741e-03 -5.5601051e-03 -5.7006620e-03 -5.8326899e-03 -5.9737499e-03 -6.1085693e-03 -6.2381381e-03 -6.3926768e-03 -6.5374558e-03 -6.6615061e-03 -6.7872076e-03 -6.8922287e-03 -6.9811098e-03 -7.0757837e-03 -7.1667813e-03 -7.2921868e-03 -7.4337261e-03 -7.6474629e-03 -7.9750537e-03 -8.3800381e-03 -8.9862394e-03 -9.4283335e-03 1.8073176e+02 1.2912522e+03
-3.7000912e-03 -3.7402287e-03 -3.7798935e-03 -3.8185963e-03 -3.8544229e-03 -3.8879424e-03 -3.9180515e-03 -3.9516642e-03 -3.9854791e-03 -4.0240131e-03 -4.0703234e-03 -4.1267026e-03 -4.1850644e-03 -4.2574219e-03 -4.3469664e-03 -4.4385001e-03 -4.5297467e-03 -4.6256237e-03 -4.7222964e-03 -4.8181947e-03 -4.9191006e-03 -5.0209772e-03 -5.1113543e-03 -5.2042418e-03 -5.2985358e-03 -5.3983375e-03 -5.5072475e-03 -5.6268060e-03 -5.7504128e-03 -5.8659375e-03 -5.9980203e-03 -6.1315986e-03 -6.2597065e-03 -6.3955782e-03 -6.5069607e-03 -6.5995150e-03 -6.7039801e-03 -6.7618478e-03 -6.8164645e-03 -6.8837891e-03 -6.9726243e-03 -7.0748284e-03 -7.1791285e-03 -7.3888009e-03 -7.7205790e-03 -8.1217152e-03 -8.7086698e-03 -9.1480568e-03 3.9797531e+02 1.4554652e+03
-3.7076088e-03 -3.7510712e-03 -3.7935165e-03 -3.8345656e-03 -3.8722663e-03 -3.9086813e-03 -3.9442593e-03 -3.9834427e-03 -4.0247850e-03 -4.0744714e-03 -4.1287615e-03 -4.1923267e-03 -4.2609811e-03 -4.3397540e-03 -4.4334344e-03 -4.5221524e-03 -4.6001987e-03 -4.6908198e-03 -4.7875691e-03 -4.8802010e-03 -4.9761574e-03 -5.0689659e-03 -5.1516042e-03 -5.2370607e-03 -5.3266217e-03 -5.4252615e-03 -5.5329986e-03 -5.6444023e-03 -5.7563401e-03 -5.8690847e-03 -5.9892455e-03 -6.1084318e-03 -6.2173402e-03 -6.3122848e-03 -6.3624953e-03 -6.3929421e-03 -6.3998473e-03 -6.3776539e-03 -6.3528834e-03 -6.3155720e-03 -6.3187872e-03 -6.3905189e-03 -6.5350447e-03 -6.7624171e-03 -7.1182536e-03 -7.5942322e-03 -8.2159682e-03 -8.9033309e-03 5.3049840e+02 1.5982565e+03
-3.7142620e-03 -3.7611294e-03 -3.8077459e-03 -3.8507195e-03 -3.8910297e-03 -3.9287469e-03 -3.9672414e-03 -4.0069911e-03 -4.0518911e-03 -4.1057773e-03 -4.1642968e-03 -4.2305776e-03 -4.3038715e-03 -4.3821663e-03 -4.4697095e-03 -4.5515732e-03 -4.6275681e-03 -4.7147059e-03 -4.8067542e-03 -4.8984895e-03 -4.9883175e-03 -5.0694678e-03 -5.1508686e-03 -5.2433523e-03 -5.3424735e-03 -5.4429320e-03 -5.5429474e-03 -5.6443937e-03 -5.7440583e-03 -5.8359127e-03 -5.9275522e-03 -6.0025566e-03 -6.0359997e-03 -6.0135752e-03 -5.9333422e-03 -5.8012985e-03 -5.6275565e-03 -5.4710892e-03 -5.3467888e-03 -5.2604208e-03 -5.2529814e-03 -5.3548004e-03 -5.5754687e-03 -5.8840408e-03 -6.2775720e-03 -6.8102043e-03 -7.4592549e-03 -8.6248989e-03 4.0377717e+02 1.2733089e+03
-3.7284432e-03 -3.7735194e-03 -3.8183969e-03 -3.8604560e-03 -3.9000294e-03 -3.9367674e-03 -3.9747683e-03 -4.0146413e-03 -4.0605783e-03 -4.1152729e-03 -4.1735055e-03 -4.2405366e-03 -4.3157474e-03 -4.3923394e-03 -4.4716015e-03 -4.5512088e-03 -4.6320515e-03 -4.7208101e-03 -4.8097048e-03 -4.8925886e-03 -4.9733818e-03 -5.0425552e-03 -5.1140913e-03 -5.1911666e-03 -5.2774615e-03 -5.3671872e-03 -5.4552446e-03 -5.5215650e-03 -5.5451603e-03 -5.5519544e-03 -5.5627470e-03 -5.5388934e-03 -5.4102018e-03 -5.2062077e-03 -4.9374640e-03 -4.6559817e-03 -4.3805796e-03 -4.1458108e-03 -3.9649019e-03 -3.8554219e-03 -3.8221171e-03 -3.9496775e-03 -4.1904414e-03 -4.6121875e-03 -5.1161187e-03 -5.7797352e-03 -6.5557121e-03 -8.1375435e-03 3.7547835e+02 1.1132231e+03
-3.7344934e-03 -3.7782088e-03 -3.8217311e-03 -3.8622074e-03 -3.9009146e-03 -3.9367315e-03 -3.9736641e-03 -4.0143808e-03 -4.0612158e-03 -4.1153828e-03 -4.1741698e-03 -4.2403104e-03 -4.3124397e-03 -4.3854398e-03 -4.4592371e-03 -4.5316256e-03 -4.6048994e-03 -4.6920934e-03 -4.7852237e-03 -4.8680243e-03 -4.9252439e-03 -4.9627539e-03 -5.0171843e-03 -5.0374079e-03 -5.0133203e-03 -4.9679492e-03 -4.9278627e-03 -4.8849350e-03 -4.8077738e-03 -4.6888987e-03 -4.5283590e-03 -4.2735723e-03 -3.9860943e-03 -3.6375562e-03 -3.2495745e-03 -2.9095536e-03 -2.5746478e-03 -2.2745271e-03 -2.0489509e-03 -1.9178112e-03 -1.8712327e-03 -2.0089705e-03 -2.2809519e-03 -2.8282867e-03 -3.4564571e-03 -4.3444783e-03 -5.5573862e-03 -8.3057719e-03 4.6425364e+02 1.2192554e+03
-3.7306866e-03 -3.7741492e-03 -3.8179432e-03 -3.8576344e-03 -3.8917443e-03 -3.9230279e-03 -3.9575365e-03 -3.9973953e-03 -4.0419450e-03 -4.0928874e-03 -4.1484002e-03 -4.2093123e-03 -4.2721030e-03 -4.3271048e-03 -4.3763020e-03 -4.4282978e-03 -4.4808515e-03 -4.5208614e-03 -4.5391110e-03 -4.5493131e-03 -4.5366236e-03 -4.4900804e-03 -4.4339720e-03 -4.3095249e-03 -4.1497597e-03 -3.9805707e-03 -3.7945817e-03 -3.5825333e-03 -3.3093391e-03 -2.9900805e-03 -2.6331488e-03 -2.1962397e-03 -1.7379030e-03 -1.2889382e-03 -8.2012624e-04 -3.7920576e-04 1.4727654e-05 3.5141097e-04 6.2844359e-04 8.1158369e-04 7.7369005e-04 6.1485160e-04 2.6947465e-04 -4.1070270e-04 -1.1572725e-03 -2.0717694e-03 -3.6805040e-03 1.0146508e+02 5.7072433e+02 1.2097465e+03
-3.7210386e-03 -3.7569367e-03 -3.7879513e-03 -3.8082681e-03 -3.8257612e-03 -3.8433593e-03 -3.8642985e-03 -3.8912293e-03 -3.9229349e-03 -3.9594348e-03 -3.9951098e-03 -4.0242949e-03 -4.0390148e-03 -4.0330966e-03 -4.0119490e-03 -3.9787869e-03 -3.9270975e-03 -3.8605165e-03 -3.7911876e-03 -3.7190936e-03 -3.6282947e-03 -3.4851587e-03 -3.2249718e-03 -2.8660691e-03 -2.5244190e-03 -2.1748424e-03 -1.7735472e-03 -1.3038844e-03 -7.4687809e-04 -1.6547680e-04 4.0644026e-04 1.0016125e-03 1.6060808e-03 2.1270181e-03 2.6599036e-03 3.1976576e-03 3.6444655e-03 4.0250416e-03 4.3584657e-03 4.5896629e-03 4.4178162e-03 4.1445496e-03 3.6420236e-03 2.7599766e-03 1.7455852e-03 5.5951619e-04 -1.6135657e-03 3.1499073e+02 7.9397938e+02 1.2354981e+03
-3.6663991e-03 -3.6831000e-03 -3.6938382e-03 -3.6974434e-03 -3.6994172e-03 -3.6986225e-03 -3.6973077e-03 -3.6954094e-03 -3.6935932e-03 -3.6897297e-03 -3.6665667e-03 -3.6139154e-03 -3.5211593e-03 -3.3863583e-03 -3.2086597e-03 -2.9994448e-03 -2.7614362e-03 -2.5251737e-03 -2.3121550e-03 -2.1066122e-03 -1.8954987e-03 -1.6449411e-03 -1.1584504e-03 -4.9009026e-04 1.2226585e-04 7.6504773e-04 1.4725634e-03 2.3368257e-03 3.3119027e-03 4.1987184e-03 5.0131839e-03 5.7646381e-03 6.4761966e-03 7.0933744e-03 7.6475749e-03 8.1758483e-03 8.6472504e-03 9.0231595e-03 9.3391718e-03 9.4507664e-03 9.1344386e-03 8.6672501e-03 7.9283477e-03 6.8029150e-03 5.4425520e-03 4.0413189e-03 1.2545057e-03 3.9249307e+02 8.7750325e+02 1.0582891e+03
-3.5596942e-03 -3.5550891e-03 -3.5456686e-03 -3.5282366e-03 -3.5022900e-03 -3.4648549e-03 -3.4160831e-03 -3.3515702e-03 -3.2675724e-03 -3.1593824e-03 -3.0028288e-03 -2.7838291e-03 -2.4937898e-03 -2.1283230e-03 -1.6766914e-03 -1.1714378e-03 -6.6030920e-04 -1.5748319e-04 3.1636870e-04 7.4425547e-04 1.1693607e-03 1.5824505e-03 2.4053135e-03 3.4144848e-03 4.3680163e-03 5.4314709e-03 6.5848180e-03 7.9064080e-03 9.2765403e-03 1.0523987e-02 1.1623400e-02 1.2546606e-02 1.3327060e-02 1.4004238e-02 1.4519989e-02 1.4917665e-02 1.5308824e-02 1.5567497e-02 1.5764511e-02 1.5596519e-02 1.5161300e-02 1.4447822e-02 1.3367695e-02 1.1905273e-02 1.0079576e-02 8.3676112e-03 4.7157621e-03 3.3626889e+02 8.3950476e+02 9.2723831e+02
-3.4069280e-03 -3.3769892e-03 -3.3354621e-03 -3.2750076e-03 -3.1877337e-03 -3.0667640e-03 -2.9030405e-03 -2.6887870e-03 -2.4197869e-03 -2.0867562e-03 -1.6661526e-03 -1.1444647e-03 -5.1187105e-04 2.1902129e-04 1.0715143e-03 2.0191431e-03 2.9075178e-03 3.7789368e-03 4.6298779e-03 5.4240940e-03 6.2796421e-03 7.2819776e-03 8.4971865e-03 9.5896127e-03 1.0850322e-02 1.2408189e-02 1.4152170e-02 1.5982898e-02 1.7682897e-02 1.9263412e-02 2.0625348e-02 2.1646318e-02 2.2429483e-02 2.3051310e-02 2.3441418e-02 2.3665057e-02 2.3840695e-02 2.3887905e-02 2.3852740e-02 2.3390218e-02 2.2765905e-02 2.1750897e-02 2.0272697e-02 1.8403900e-02 1.5982206e-02 1.3710495e-02 8.6973399e-03 3.6072573e+02 8.0450267e+02 9.7125240e+02
-3.1897054e-03 -3.1176025e-03 -3.0140714e-03 -2.8625795e-03 -2.6400924e-03 -2.3301051e-03 -1.9168574e-03 -1.3986027e-03 -7.7202548e-04 -2.2470401e-05 8.4981220e-04 1.8456601e-03 2.9753557e-03 4.2468255e-03 5.6325886e-03 7.0946427e-03 8.4846811e-03 9.8508720e-03 1.1202857e-02 1.2533393e-02 1.4051415e-02 1.5701257e-02 1.7172020e-02 1.8526609e-02 2.0245951e-02 2.2314950e-02 2.4795317e-02 2.7185422e-02 2.9007373e-02 3.0758082e-02 3.2175171e-02 3.3138591e-02 3.3828127e-02 3.4287441e-02 3.4511917e-02 3.4499216e-02 3.4450304e-02 3.4210398e-02 3.3855196e-02 3.3074331e-02 3.2155725e-02 3.0794577e-02 2.8876914e-02 2.6634826e-02 2.3565554e-02 2.0530081e-02 1.3504755e-02 5.9472415e+02 1.0029546e+03 1.1689551e+03
-2.8699228e-03 -2.7121938e-03 -2.4792973e-03 -2.1352826e-03 -1.6409820e-03 -9.6537867e-04 -9.4750933e-05 9.6205325e-04 2.1893167e-03 3.5867756e-03 5.1335124e-03 6.8118370e-03 8.6245698e-03 1.0599922e-02 1.2613233e-02 1.4661936e-02 1.6725149e-02 1.8653473e-02 2.0535733e-02 2.2522646e-02 2.4707341e-02 2.6831269e-02 2.8788310e-02 3.0810163e-02 3.3259162e-02 3.5895676e-02 3.8847554e-02 4.1438702e-02 4.3342656e-02 4.4979795e-02 4.6226301e-02 4.7072596e-02 4.7548241e-02 4.7795200e-02 4.7821234e-02 4.7573547e-02 4.7292634e-02 4.6655387e-02 4.5927471e-02 4.4746892e-02 4.3503799e-02 4.1895855e-02 3.9503876e-02 3.6948361e-02 3.3131983e-02 2.8839930e-02 1.9218816e-02 7.8573467e+02 1.2594901e+03 1.3190128e+03
-2.3513800e-03 -2.0130778e-03 -1.5192619e-03 -8.1182627e-04 1.6392682e-04 1.4555259e-03 3.0451618e-03 4.9054410e-03 7.0180370e-03 9.3384739e-03 1.1808543e-02 1.4418016e-02 1.7139460e-02 1.9970202e-02 2.2746545e-02 2.5443116e-02 2.8279743e-02 3.0861694e-02 3.3275900e-02 3.6006253e-02 3.8815671e-02 4.1549071e-02 4.4279146e-02 4.7109033e-02 5.0327410e-02 5.3600880e-02 5.6527413e-02 5.8933050e-02 6.0626589e-02 6.1849069e-02 6.2821796e-02 6.3382530e-02 6.3603704e-02 6.3644873e-02 6.3377039e-02 6.2819320e-02 6.2234134e-02 6.1283630e-02 6.0130939e-02 5.8423817e-02 5.6859037e-02 5.5111121e-02 5.2445800e-02 4.9686217e-02 4.5412890e-02 3.9649815e-02 2.6772368e-02 1.1594338e+03 1.6704202e+03 1.4297129e+03
-1.4282917e-03 -7.3356462e-04 2.3520237e-04 1.5611531e-03 3.3065922e-03 5.5164334e-03 8.1182066e-03 1.1057099e-02 1.4324429e-02 1.7872129e-02 2.1542963e-02 2.5309794e-02 2.9164241e-02 3.2942607e-02 3.6564609e-02 3.9978303e-02 4.3412569e-02 4.6718767e-02 4.9756142e-02 5.3098885e-02 5.6670826e-02 6.0270945e-02 6.4079158e-02 6.7711170e-02 7.1698201e-02 7.5553050e-02 7.8042672e-02 7.9619973e-02 8.0885387e-02 8.1381207e-02 8.1869331e-02 8.2028564e-02 8.1821638e-02 8.1590868e-02 8.1002002e-02 8.0087455e-02 7.9074588e-02 7.7888325e-02 7.6383452e-02 7.4241946e-02 7.2353436e-02 7.0464409e-02 6.7845267e-02 6.5355346e-02 6.2379947e-02 5.5528127e-02 9.6196902e+01 1.6089678e+03 2.1329787e+03 1.8479453e+03
2.8965160e-04 1.5959540e-03 3.3474336e-03 5.6314863e-03 8.4883515e-03 1.1924548e-02 1.5816873e-02 2.0077339e-02 2.4712673e-02 2.9707262e-02 3.4809600e-02 3.9865170e-02 4.4858214e-02 4.9523814e-02 5.4017604e-02 5.8173804e-02 6.1917763e-02 6.6044535e-02 7.0036357e-02 7.3903159e-02 7.8471838e-02 8.3294437e-02 8.7957426e-02 9.2223172e-02 9.6241835e-02 9.9968500e-02 1.0147429e-01 1.0233556e-01 1.0348949e-01 1.0316827e-01 1.0304361e-01 1.0275889e-01 1.0193012e-01 1.0124179e-01 1.0049817e-01 9.9296577e-02 9.7859682e-02 9.6333224e-02 9.4508182e-02 9.2173526e-02 8.9945655e-02 8.7722168e-02 8.4911284e-02 8.2414663e-02 7.9650145e-02 7.2791984e-02 3.7899079e+02 1.8177362e+03 2.2020062e+03 2.1724831e+03
3.4113466e-03 5.6778643e-03 8.5770920e-03 1.2162806e-02 1.6472713e-02 2.1418932e-02 2.6827952e-02 3.2645338e-02 3.8849661e-02 4.5398276e-02 5.1956375e-02 5.8217614e-02 6.4150484e-02 6.9633121e-02 7.4856907e-02 7.9837997e-02 8.3979061e-02 8.8746327e-02 9.4067555e-02 9.8704148e-02 1.0422348e-01 1.0988194e-01 1.1474965e-01 1.1929381e-01 1.2288850e-01 1.2543120e-01 1.2596268e-01 1.2622520e-01 1.2722112e-01 1.2656418e-01 1.2572520e-01 1.2503447e-01 1.2358711e-01 1.2235176e-01 1.2159150e-01 1.2020607e-01 1.1836594e-01 1.1651971e-01 1.1438229e-01 1.1195086e-01 1.0958689e-01 1.0693864e-01 1.0364374e-01 1.0113088e-01 9.8057001e-02 9.0907723e-02 2.4828850e+02 1.7095381e+03 2.1390078e+03 2.2402518e+03
8.7208756e-03 1.2333867e-02 1.6751887e-02 2.1972859e-02 2.7979261e-02 3.4597837e-02 4.1729780e-02 4.9320259e-02 5.7182510e-02 6.5296819e-02 7.3132863e-02 8.0349039e-02 8.6904615e-02 9.3053746e-02 9.8890846e-02 1.0458716e-01 1.0929935e-01 1.1465780e-01 1.2094941e-01 1.2668844e-01 1.3299832e-01 1.3842666e-01 1.4321215e-01 1.4743297e-01 1.4953626e-01 1.5095792e-01 1.5141042e-01 1.5109267e-01 1.5143745e-01 1.5074935e-01 1.4928556e-01 1.4800978e-01 1.4621996e-01 1.4443784e-01 1.4378450e-01 1.4213653e-01 1.4002378e-01 1.3794880e-01 1.3570043e-01 1.3306414e-01 1.3059849e-01 1.2770212e-01 1.2360023e-01 1.2069305e-01 1.1458226e-01 1.0876172e-01 9.2069981e-02 1.1700831e+03 2.0522617e+03 2.2050061e+03
1.7143932e-02 2.2518138e-02 2.8815305e-02 3.5970690e-02 4.3774688e-02 5.2149468e-02 6.1231023e-02 7.0725444e-02 8.0028149e-02 8.9212785e-02 9.7970734e-02 1.0590643e-01 1.1286400e-01 1.1940763e-01 1.2591206e-01 1.3186164e-01 1.3723930e-01 1.4354987e-01 1.5007715e-01 1.5662503e-01 1.6285339e-01 1.6715771e-01 1.7151887e-01 1.7446409e-01 1.7548163e-01 1.7617730e-01 1.7717738e-01 1.7644914e-01 1.7559203e-01 1.7478173e-01 1.7297944e-01 1.7130202e-01 1.6929870e-01 1.6741536e-01 1.6662387e-01 1.6459435e-01 1.6205843e-01 1.6018575e-01 1.5795367e-01 1.5521259e-01 1.5253672e-01 1.4971620e-01 1.4578189e-01 1.4268829e-01 1.3643817e-01 1.2942156e-01 1.0712292e-01 7.3151577e+02 1.8257897e+03 1.9765457e+03
2.9639384e-02 3.7189157e-02 4.5640486e-02 5.4840715e-02 6.4481795e-02 7.4362525e-02 8.5109161e-02 9.6241027e-02 1.0644774e-01 1.1634103e-01 1.2573595e-01 1.3405902e-01 1.4114298e-01 1.4794413e-01 1.5496346e-01 1.6072906e-01 1.6659293e-01 1.7380167e-01 1.8026645e-01 1.8587800e-01 1.9099804e-01 1.9396071e-01 1.9701760e-01 1.9898673e-01 1.9922074e-01 1.9921969e-01 1.9977789e-01 1.9903704e-01 1.9784127e-01 1.9657887e-01 1.9524203e-01 1.9402846e-01 1.9250393e-01 1.9053228e-01 1.8919546e-01 1.8693105e-01 1.8418861e-01 1.8224045e-01 1.7965684e-01 1.7708304e-01 1.7444757e-01 1.7199919e-01 1.6894119e-01 1.6582538e-01 1.6027907e-01 1.5180317e-01 1.2027085e-01 6.0301349e+02 1.5165308e+03 1.7425074e+03
4.7087766e-02 5.7076722e-02 6.7742523e-02 7.8730304e-02 8.9978935e-02 1.0115761e-01 1.1295700e-01 1.2486171e-01 1.3542974e-01 1.4531722e-01 1.5462393e-01 1.6284739e-01 1.6999943e-01 1.7719218e-01 1.8428740e-01 1.9006601e-01 1.9640820e-01 2.0288777e-01 2.0774403e-01 2.1163305e-01 2.1435122e-01 2.1617701e-01 2.1764313e-01 2.1885846e-01 2.1856623e-01 2.1789534e-01 2.1763660e-01 2.1705964e-01 2.1619713e-01 2.1494130e-01 2.1406673e-01 2.1378761e-01 2.1308129e-01 2.1157609e-01 2.0957509e-01 2.0770122e-01 2.0543331e-01 2.0272021e-01 1.9992562e-01 1.9759796e-01 1.9547024e-01 1.9355521e-01 1.9159300e-01 1.8904147e-01 1.8564810e-01 1.7700485e-01 1.4027126e-01 6.0198664e+02 1.2652769e+03 1.6335176e+03
6.9780219e-02 8.2139786e-02 9.4626887e-02 1.0690045e-01 1.1922051e-01 1.3146122e-01 1.4349155e-01 1.5519055e-01 1.6581579e-01 1.7509531e-01 1.8330412e-01 1.9063461e-01 1.9740737e-01 2.0410425e-01 2.0994252e-01 2.1562148e-01 2.2161473e-01 2.2582922e-01 2.2875727e-01 2.3048282e-01 2.3126970e-01 2.3229407e-01 2.3247274e-01 2.3257248e-01 2.3208340e-01 2.3082877e-01 2.2998072e-01 2.2960582e-01 2.2897297e-01 2.2791689e-01 2.2769204e-01 2.2823090e-01 2.2813886e-01 2.2727606e-01 2.2558450e-01 2.2449413e-01 2.2330908e-01 2.2067178e-01 2.1805688e-01 2.1656949e-01 2.1523308e-01 2.1488924e-01 2.1380623e-01 2.1371046e-01 2.1795506e-01 2.0528020e-01 2.5572383e+02 6.9199257e+02 1.0590208e+03 1.4517744e+03
