visualization/geoclaw_output/chile2010/eta_0007.asc
ncols     360
nrows     360
xllcorner -1.199166666650000e+02
yllcorner -5.991666666500000e+01
cellsize  1.666666700000000e-01
nodata_value       -9999
[rows 132 to 153 of 360, columns 100 to 149 of 360]
0.0000000e+00 0.0000000e+00 0.0000000e+00 0.0000000e+00 0.0000000e+00 -4.5474735e-13 -9.0949470e-13 -1.3642421e-12 -1.3642421e-12 2.2737368e-12 7.5488060e-11 7.7488949e-10 2.7175702e-09 5.0695235e-09 6.2882464e-09 5.9967533e-09 -1.5887963e-08 -2.8758313e-07 -1.3338158e-06 -3.0367237e-06 -4.7166559e-06 -5.4570451e-06 -5.2714313e-06 -2.6281486e-07 2.0136165e-05 5.5186782e-05 9.9464396e-05 1.4666991e-04 1.9137414e-04 2.3043855e-04 2.6504258e-04 3.0080995e-04 3.4743212e-04 4.1454578e-04 5.1075993e-04 6.4037619e-04 8.0234700e-04 9.8909461e-04 1.1823694e-03 1.3761568e-03 1.5632874e-03 1.7336079e-03 1.8829307e-03 2.0041433e-03 2.0887827e-03 2.1329503e-03 2.1602437e-03 2.1614683e-03 2.1353181e-03 2.1062507e-03
0.0000000e+00 0.0000000e+00 0.0000000e+00 0.0000000e+00 0.0000000e+00 -4.5474735e-13 -4.5474735e-13 -9.0949470e-13 0.0000000e+00 1.5461410e-11 2.2828317e-10 1.3278623e-09 3.2300704e-09 4.7948561e-09 5.0549716e-09 -6.5028871e-11 -8.5075953e-08 -6.4618007e-07 -1.8750948e-06 -3.3818260e-06 -4.4203211e-06 -4.5245993e-06 -2.9461753e-06 9.9467793e-06 3.9246992e-05 8.0400501e-05 1.2781053e-04 1.7572887e-04 2.2004930e-04 2.5983008e-04 2.9892902e-04 3.4553762e-04 4.1067411e-04 5.0273055e-04 6.2775189e-04 7.8634117e-04 9.7529521e-04 1.1814591e-03 1.3846573e-03 1.5813046e-03 1.7646177e-03 1.9271656e-03 2.0652310e-03 2.1685124e-03 2.2271276e-03 2.2578963e-03 2.2717986e-03 2.2475069e-03 2.2067483e-03 2.1866115e-03
0.0000000e+00 0.0000000e+00 0.0000000e+00 -4.5474735e-13 -4.5474735e-13 -4.5474735e-13 0.0000000e+00 -4.5474735e-13 2.7284841e-12 5.0476956e-11 5.0704330e-10 1.7935236e-09 3.2996468e-09 3.8844519e-09 3.0399860e-09 -2.0381776e-08 -2.5797044e-07 -1.0472554e-06 -2.2588074e-06 -3.3814258e-06 -3.7301529e-06 -3.4103900e-06 2.4691599e-06 2.4344701e-05 6.0709601e-05 1.0635112e-04 1.5584975e-04 2.0449370e-04 2.4982098e-04 2.9335063e-04 3.4175819e-04 4.0506318e-04 4.9359705e-04 6.1390498e-04 7.6744430e-04 9.5349578e-04 1.1656498e-03 1.3830452e-03 1.5913723e-03 1.7890291e-03 1.9634434e-03 2.1149469e-03 2.2366802e-03 2.3154394e-03 2.3533098e-03 2.3769251e-03 2.3659477e-03 2.3208811e-03 2.2812090e-03 2.2762943e-03
0.0000000e+00 0.0000000e+00 0.0000000e+00 0.0000000e+00 0.0000000e+00 0.0000000e+00 0.0000000e+00 -4.5474735e-13 9.5496944e-12 1.3824319e-10 8.2036422e-10 1.9822437e-09 2.8230716e-09 2.8458089e-09 -2.5379450e-09 -7.9343408e-08 -5.1123334e-07 -1.3820618e-06 -2.3872781e-06 -2.9914504e-06 -3.0091760e-06 -1.3002027e-06 1.2078246e-05 4.1951175e-05 8.4016005e-05 1.3322172e-04 1.8443534e-04 2.3440789e-04 2.8289751e-04 3.3439055e-04 3.9726266e-04 4.8169727e-04 5.9683484e-04 7.4632335e-04 9.2966353e-04 1.1422289e-03 1.3716055e-03 1.5916507e-03 1.8001713e-03 1.9918898e-03 2.1536983e-03 2.2927891e-03 2.3953840e-03 2.4488811e-03 2.4768674e-03 2.4857399e-03 2.4476533e-03 2.3930560e-03 2.3723535e-03 2.3948823e-03
0.0000000e+00 0.0000000e+00 0.0000000e+00 0.0000000e+00 0.0000000e+00 0.0000000e+00 0.0000000e+00 1.3642421e-12 2.9103830e-11 2.9103830e-10 1.0422809e-09 1.8703759e-09 2.1254891e-09 1.1327757e-09 -1.8571427e-08 -2.0504240e-07 -7.6817241e-07 -1.5782825e-06 -2.2770782e-06 -2.4598430e-06 -2.1151309e-06 3.5586227e-06 2.5252693e-05 6.1839435e-05 1.0851787e-04 1.6057278e-04 2.1397791e-04 2.6716243e-04 3.2229250e-04 3.8633705e-04 4.6869337e-04 5.7875915e-04 7.2336974e-04 9.0317481e-04 1.1152307e-03 1.3456901e-03 1.5806688e-03 1.8004072e-03 2.0026226e-03 2.1863249e-03 2.3385602e-03 2.4638880e-03 2.5439886e-03 2.5799560e-03 2.6018385e-03 2.5837056e-03 2.5263109e-03 2.4818385e-03 2.4803813e-03 2.7287073e-03
0.0000000e+00 0.0000000e+00 0.0000000e+00 0.0000000e+00 0.0000000e+00 -4.5474735e-13 0.0000000e+00 5.0022209e-12 7.5942808e-11 4.5429260e-10 1.0986696e-09 1.4883881e-09 1.4056241e-09 -2.7735041e-09 -5.8967998e-08 -3.7109658e-07 -9.6934355e-07 -1.6249305e-06 -1.9628487e-06 -1.9508448e-06 -5.1647612e-07 1.1887495e-05 4.1173100e-05 8.3477903e-05 1.3426055e-04 1.8928653e-04 2.4597072e-04 3.0493247e-04 3.7065957e-04 4.5177724e-04 5.5846327e-04 6.9815300e-04 8.7433242e-04 1.0827715e-03 1.3152898e-03 1.5536862e-03 1.7917563e-03 2.0094458e-03 2.2037372e-03 2.3811099e-03 2.5249069e-03 2.6324218e-03 2.6888680e-03 2.7160449e-03 2.7236587e-03 2.6765430e-03 2.6129625e-03 2.5953761e-03 2.6441851e-03 3.8997922e-03
0.0000000e+00 0.0000000e+00 0.0000000e+00 0.0000000e+00 0.0000000e+00 0.0000000e+00 9.0949470e-13 1.4551915e-11 1.5688784e-10 5.5979399e-10 9.8498276e-10 1.0854819e-09 3.6925485e-10 -1.1741577e-08 -1.3575436e-07 -5.3078656e-07 -1.0819999e-06 -1.5255628e-06 -1.6284043e-06 -1.3841354e-06 2.8924173e-06 2.3067399e-05 5.9414535e-05 1.0718930e-04 1.6194987e-04 2.2053189e-04 2.8208771e-04 3.4968075e-04 4.3012131e-04 5.3317856e-04 6.6796348e-04 8.3852180e-04 1.0430301e-03 1.2728308e-03 1.5196054e-03 1.7698665e-03 2.0129868e-03 2.2257498e-03 2.4128572e-03 2.5789704e-03 2.7104278e-03 2.7987457e-03 2.8390824e-03 2.8604062e-03 2.8392501e-03 2.7711538e-03 2.7220906e-03 2.7218322e-03 3.1151255e-03 6.8942491e-03
0.0000000e+00 0.0000000e+00 0.0000000e+00 0.0000000e+00 0.0000000e+00 4.5474735e-13 2.7284841e-12 3.9108272e-11 2.3919711e-10 5.7980287e-10 7.7079676e-10 7.0303940e-10 -1.6107151e-09 -3.0801402e-08 -2.3394568e-07 -6.5320864e-07 -1.1099896e-06 -1.3360714e-06 -1.3339227e-06 -5.1015104e-07 8.7596845e-06 3.6792855e-05 7.9918643e-05 1.3297538e-04 1.9186116e-04 2.5485761e-04 3.2350954e-04 4.0313321e-04 5.0234410e-04 6.3167642e-04 7.9712669e-04 9.9790039e-04 1.2290972e-03 1.4771929e-03 1.7355235e-03 1.9942876e-03 2.2282856e-03 2.4370521e-03 2.6247014e-03 2.7814091e-03 2.9011973e-03 2.9684609e-03 3.0008673e-03 3.0047895e-03 2.9478447e-03 2.8740995e-03 2.8514469e-03 2.9421949e-03 4.7191539e-03 1.2205561e-02
0.0000000e+00 0.0000000e+00 0.0000000e+00 0.0000000e+00 0.0000000e+00 9.0949470e-13 7.7307050e-12 7.7761797e-11 2.9103830e-10 5.1659299e-10 5.7207217e-10 2.2146196e-10 -5.3314579e-09 -6.7753717e-08 -3.2857270e-07 -7.3061256e-07 -1.0656800e-06 -1.1496991e-06 -1.0380454e-06 1.0884060e-06 1.7236257e-05 5.2979152e-05 1.0315928e-04 1.6169271e-04 2.2507804e-04 2.9361565e-04 3.7163822e-04 4.6640686e-04 5.8855023e-04 7.4740671e-04 9.4414774e-04 1.1738624e-03 1.4274468e-03 1.6923108e-03 1.9618059e-03 2.2234545e-03 2.4521524e-03 2.6602635e-03 2.8465912e-03 2.9904295e-03 3.0917747e-03 3.1410036e-03 3.1672885e-03 3.1333432e-03 3.0505596e-03 2.9962085e-03 3.0006201e-03 3.6681337e-03 8.5108904e-03 1.9845675e-02
0.0000000e+00 0.0000000e+00 0.0000000e+00 0.0000000e+00 0.0000000e+00 9.0949470e-13 1.5916157e-11 1.1823431e-10 3.0831870e-10 4.2246029e-10 4.0517989e-10 -5.0158633e-10 -1.1690190e-08 -1.1711836e-07 -4.0974737e-07 -7.6858169e-07 -9.7740576e-07 -9.9543377e-07 -6.4856886e-07 4.2407214e-06 2.8217853e-05 7.1745552e-05 1.2893711e-04 1.9321900e-04 2.6187496e-04 3.3757829e-04 4.2749028e-04 5.4170265e-04 6.9054079e-04 8.7950621e-04 1.1065482e-03 1.3633519e-03 1.6387356e-03 1.9224460e-03 2.2061729e-03 2.4706731e-03 2.6975074e-03 2.9020175e-03 3.0798263e-03 3.2058406e-03 3.2800706e-03 3.3202466e-03 3.3201428e-03 3.2474689e-03 3.1648212e-03 3.1409299e-03 3.3780535e-03 6.1344996e-03 1.4882407e-02 2.9836942e-02
0.0000000e+00 0.0000000e+00 0.0000000e+00 0.0000000e+00 4.5474735e-13 2.2737368e-12 2.9103830e-11 1.4642865e-10 2.9604053e-10 3.4469849e-10 2.5147529e-10 -1.4611032e-09 -2.0897005e-08 -1.6649437e-07 -4.6828472e-07 -7.7514642e-07 -8.8941442e-07 -8.6555474e-07 -5.8882961e-08 9.1253141e-06 4.1627189e-05 9.3491376e-05 1.5745806e-04 2.2714713e-04 3.0180321e-04 3.8717897e-04 4.9372673e-04 6.3252483e-04 8.1255172e-04 1.0358751e-03 1.2956725e-03 1.5822646e-03 1.8840300e-03 2.1923248e-03 2.4816685e-03 2.7388610e-03 2.9581880e-03 3.1540681e-03 3.3195417e-03 3.4211436e-03 3.4753434e-03 3.4994673e-03 3.4525253e-03 3.3581807e-03 3.3078323e-03 3.3658487e-03 4.8069511e-03 1.1206447e-02 2.3779096e-02 4.2369210e-02
0.0000000e+00 0.0000000e+00 0.0000000e+00 0.0000000e+00 4.5474735e-13 3.6379788e-12 4.2746251e-11 1.6098056e-10 2.7148417e-10 2.9058356e-10 1.0686563e-10 -2.5338522e-09 -3.3121523e-08 -2.0785410e-07 -5.0657445e-07 -7.5730577e-07 -8.1644021e-07 -7.3279170e-07 8.4285011e-07 1.6112491e-05 5.7927774e-05 1.1828987e-04 1.8849696e-04 2.6363609e-04 3.4634881e-04 4.4577053e-04 5.7476461e-04 7.4385642e-04 9.5978772e-04 1.2225010e-03 1.5211905e-03 1.8427711e-03 2.1684648e-03 2.4842764e-03 2.7695857e-03 3.0240303e-03 3.2456939e-03 3.4357542e-03 3.5720621e-03 3.6366107e-03 3.6730174e-03 3.6525332e-03 3.5635927e-03 3.4862294e-03 3.4814518e-03 4.1520094e-03 8.6362381e-03 1.8982059e-02 3.5310818e-02 5.7703834e-02
0.0000000e+00 4.5474735e-13 4.5474735e-13 0.0000000e+00 0.0000000e+00 4.5474735e-12 5.4114935e-11 1.6780177e-10 2.4874680e-10 2.5329427e-10 -1.7280399e-11 -3.6152414e-09 -4.5718934e-08 -2.4303336e-07 -5.3631402e-07 -7.3001183e-07 -7.5400339e-07 -5.4719158e-07 2.6033149e-06 2.6008129e-05 7.7309088e-05 1.4439242e-04 2.2012562e-04 3.0331832e-04 3.9883919e-04 5.1824491e-04 6.7567333e-04 8.8281641e-04 1.1435320e-03 1.4522789e-03 1.7897547e-03 2.1435769e-03 2.4927303e-03 2.8158860e-03 3.1026237e-03 3.3518669e-03 3.5671710e-03 3.7277226e-03 3.8162738e-03 3.8460802e-03 3.8451421e-03 3.7712026e-03 3.6731925e-03 3.6445121e-03 3.9318409e-03 6.8007739e-03 1.5212108e-02 2.9455018e-02 4.9541414e-02 7.5415424e-02
0.0000000e+00 0.0000000e+00 0.0000000e+00 0.0000000e+00 4.5474735e-13 6.8212103e-12 6.3209882e-11 1.7053026e-10 2.3055691e-10 2.2600943e-10 -1.2687451e-10 -4.9135451e-09 -6.0540970e-08 -2.7386932e-07 -5.5297050e-07 -6.9341331e-07 -6.9362750e-07 -2.5055760e-07 6.0292627e-06 3.7967146e-05 9.7686135e-05 1.7236289e-04 2.5609753e-04 3.5048258e-04 4.6358828e-04 6.0978256e-04 8.0544086e-04 1.0608708e-03 1.3765445e-03 1.7387833e-03 2.1166503e-03 2.5021107e-03 2.8737581e-03 3.1968551e-03 3.4738160e-03 3.7103573e-03 3.8937241e-03 4.0028994e-03 4.0352566e-03 4.0264053e-03 3.9633023e-03 3.8655318e-03 3.8016680e-03 3.8897602e-03 5.5366864e-03 1.2012113e-02 2.4188691e-02 4.2226029e-02 6.6108263e-02 9.5279217e-02
0.0000000e+00 0.0000000e+00 0.0000000e+00 0.0000000e+00 9.0949470e-13 1.0004442e-11 7.0940587e-11 1.6916601e-10 2.1145752e-10 1.9826984e-10 -3.0877345e-10 -7.1086106e-09 -8.0463451e-08 -3.0467481e-07 -5.6032468e-07 -6.5345284e-07 -6.3133712e-07 3.4147797e-07 1.2096942e-05 5.3052268e-05 1.1965293e-04 2.0262395e-04 2.9830627e-04 4.1029828e-04 5.4837889e-04 7.3053928e-04 9.7699341e-04 1.2942753e-03 1.6759511e-03 2.0917057e-03 2.5033555e-03 2.9165189e-03 3.2978075e-03 3.5953829e-03 3.8443053e-03 4.0561251e-03 4.1775898e-03 4.2291267e-03 4.2119741e-03 4.1378076e-03 4.0264770e-03 3.9539019e-03 3.9275467e-03 4.5725265e-03 9.1814880e-03 1.9623713e-02 3.5772771e-02 5.7691416e-02 8.5013032e-02 1.1630399e-01
0.0000000e+00 0.0000000e+00 0.0000000e+00 0.0000000e+00 9.0949470e-13 1.4097168e-11 7.6397555e-11 1.5916157e-10 1.8644641e-10 1.5097612e-10 -8.3537088e-10 -1.1762950e-08 -1.0632675e-07 -3.3352126e-07 -5.5608780e-07 -6.2294657e-07 -5.3690064e-07 1.8009964e-06 2.2261909e-05 7.2777307e-05 1.4691865e-04 2.3892034e-04 3.4861763e-04 4.8387133e-04 6.5818621e-04 8.8900989e-04 1.1990500e-03 1.5878736e-03 2.0367907e-03 2.5032292e-03 2.9333610e-03 3.3569397e-03 3.7279726e-03 3.9800937e-03 4.1742169e-03 4.3054220e-03 4.3872819e-03 4.3756475e-03 4.3133992e-03 4.1934458e-03 4.0886976e-03 4.0437110e-03 4.1527330e-03 6.5749740e-03 1.5227853e-02 2.9741925e-02 4.9818634e-02 7.5419387e-02 1.0582272e-01 1.3845362e-01
0.0000000e+00 0.0000000e+00 0.0000000e+00 0.0000000e+00 1.8189894e-12 2.0008883e-11 7.5033313e-11 1.3187673e-10 1.4688339e-10 -9.6861186e-11 -2.7857823e-09 -2.1565029e-08 -1.3540466e-07 -3.5477569e-07 -5.5080000e-07 -6.1559149e-07 4.9617938e-08 7.2251278e-06 3.8469439e-05 9.7716641e-05 1.8009896e-04 2.8139288e-04 4.0755447e-04 5.7651505e-04 8.0390480e-04 1.0997830e-03 1.4811289e-03 1.9395911e-03 2.4481600e-03 2.9573637e-03 3.4031318e-03 3.8273658e-03 4.1727879e-03 4.3813065e-03 4.4874375e-03 4.4904193e-03 4.5113290e-03 4.4352726e-03 4.3350335e-03 4.1984569e-03 4.1140160e-03 4.0933101e-03 4.5967512e-03 1.0077150e-02 2.3146020e-02 4.1934921e-02 6.6244527e-02 9.5759951e-02 1.2851757e-01 1.6065327e-01
0.0000000e+00 0.0000000e+00 0.0000000e+00 4.5474735e-13 4.0927262e-12 2.4556357e-11 6.2300387e-11 8.7311491e-11 1.8189894e-12 -1.4447323e-09 -8.3855412e-09 -3.8204234e-08 -1.6096965e-07 -3.7212658e-07 -4.9910659e-07 2.6831412e-07 5.8707242e-06 2.4395139e-05 6.5927023e-05 1.3447488e-04 2.2561631e-04 3.3832087e-04 4.8681712e-04 7.0610413e-04 1.0094952e-03 1.3931198e-03 1.8802033e-03 2.4183599e-03 2.9546640e-03 3.4751219e-03 3.9341557e-03 4.3313750e-03 4.5794574e-03 4.7795603e-03 4.8394341e-03 4.7107879e-03 4.6120633e-03 4.4950355e-03 4.3364375e-03 4.1917249e-03 4.1002239e-03 4.1595875e-03 6.2113884e-03 1.6741168e-02 3.4782515e-02 5.8105895e-02 8.6688805e-02 1.1935858e-01 1.5202173e-01 1.8224810e-01
0.0000000e+00 0.0000000e+00 0.0000000e+00 1.3642421e-12 7.7307050e-12 2.3646862e-11 3.7744030e-11 2.4101610e-11 -7.3077899e-10 -5.8125806e-09 -1.9007075e-08 -5.4874363e-08 -1.5137130e-07 -2.5910686e-07 4.8410584e-08 5.9994049e-06 2.2964757e-05 5.3432495e-05 1.0355064e-04 1.8006188e-04 2.7770836e-04 4.0898816e-04 6.2813570e-04 9.5468986e-04 1.3630795e-03 1.8291887e-03 2.4020546e-03 3.0946639e-03 3.7375369e-03 4.2471547e-03 4.6143288e-03 4.7679295e-03 4.8092056e-03 4.8732972e-03 4.8274601e-03 4.7230546e-03 4.5700332e-03 4.4449373e-03 4.3075008e-03 4.1659709e-03 4.0580959e-03 4.5850161e-03 1.0812592e-02 2.6604096e-02 4.8821128e-02 7.6126049e-02 1.0821641e-01 1.4319443e-01 1.7605532e-01 2.0413659e-01
0.0000000e+00 0.0000000e+00 0.0000000e+00 3.1832315e-12 9.5496944e-12 1.6825652e-11 1.9554136e-11 -2.0372681e-10 -3.3010110e-09 -1.4300440e-08 -3.4124241e-08 -5.8419573e-08 -6.9864655e-08 1.4904663e-07 3.6938652e-06 2.2456394e-05 5.6765947e-05 1.0754906e-04 1.8176878e-04 2.8554813e-04 4.2157337e-04 6.2070254e-04 9.5083630e-04 1.4408477e-03 1.9951446e-03 2.5252561e-03 3.1989963e-03 3.9316949e-03 4.4810905e-03 4.7524526e-03 4.8852191e-03 4.9073645e-03 4.8704601e-03 4.8745238e-03 4.7630311e-03 4.5736249e-03 4.3862457e-03 4.2043816e-03 4.0785344e-03 4.0105304e-03 4.0476021e-03 5.9413231e-03 1.6895093e-02 3.6783050e-02 6.3862611e-02 9.6182432e-02 1.3187816e-01 1.6773991e-01 1.9902623e-01 2.2208897e-01
0.0000000e+00 0.0000000e+00 1.3642421e-12 5.4569682e-12 1.0004442e-11 1.3642421e-11 -3.8198777e-11 -1.0531949e-09 -8.3337000e-09 -2.5031113e-08 -4.0977284e-08 -4.2739430e-08 4.9525170e-08 1.2603541e-06 1.2346665e-05 4.4106674e-05 9.5666174e-05 1.7045427e-04 2.7861594e-04 4.3254119e-04 6.5358889e-04 9.7986497e-04 1.4348213e-03 2.0142645e-03 2.6487127e-03 3.2232969e-03 3.9438001e-03 4.4983750e-03 4.7849097e-03 4.9096543e-03 4.9545971e-03 4.9475302e-03 4.8843853e-03 4.8469171e-03 4.6990713e-03 4.4978890e-03 4.2734836e-03 4.0805002e-03 3.9836778e-03 3.9653428e-03 4.3982805e-03 9.8961937e-03 2.6487947e-02 5.1822346e-02 8.4307312e-02 1.2085286e-01 1.5761477e-01 1.9187367e-01 2.2037707e-01 2.3571417e-01
0.0000000e+00 4.5474735e-13 2.7284841e-12 7.7307050e-12 1.0913936e-11 4.5474735e-13 -3.5652192e-10 -3.3246579e-09 -1.3709723e-08 -3.1134277e-08 -4.2765805e-08 -3.7995051e-08 1.3722911e-07 2.3291700e-06 2.0384456e-05 6.4666951e-05 1.3680060e-04 2.4898225e-04 4.1393078e-04 6.4769094e-04 9.7359388e-04 1.4202716e-03 1.9796224e-03 2.5995412e-03 3.2558061e-03 4.0007097e-03 4.6462147e-03 4.8647814e-03 4.9699727e-03 4.9726934e-03 4.9490024e-03 4.8860084e-03 4.7752485e-03 4.6598849e-03 4.4976192e-03 4.3327989e-03 4.1649345e-03 4.0353757e-03 3.9665606e-03 4.1842526e-03 7.4378256e-03 1.9756807e-02 4.2129834e-02 7.3638383e-02 1.1038842e-01 1.4812440e-01 1.8248783e-01 2.1228407e-01 2.3256140e-01 2.4110432e-01
