visualization/geoclaw_output/chile2010/eta_0009.asc
ncols     360
nrows     360
xllcorner -1.199166666650000e+02
yllcorner -5.991666666500000e+01
cellsize  1.666666700000000e-01
nodata_value       -9999
[rows 242 to 263 of 360, columns 250 to 299 of 360]
-2.1928053e-02 -2.0931400e-02 -1.9932260e-02 -1.8909007e-02 -1.7905329e-02 -1.6910834e-02 -1.5905519e-02 -1.4908652e-02 -1.3943203e-02 -1.3017711e-02 -1.2152142e-02 -1.1381326e-02 -1.0719719e-02 -1.0192196e-02 -9.8195553e-03 -9.6922546e-03 -9.7996761e-03 -1.0398168e-02 -1.1337763e-02 -1.2705003e-02 -1.4882343e-02 -1.8366826e-02 -2.3775396e-02 -3.1965268e-02 -4.4655328e-02 -6.6482855e-02 -1.0868960e-01 1.3202436e+02 2.9427405e+02 1.6949339e+02 8.0749071e+01 9.0244530e+01 1.1148390e+02 2.0849979e+02 3.0398968e+02 5.9064503e+02 8.7554430e+02 8.0028945e+02 8.6562191e+02 1.1987456e+03 1.3677557e+03 1.2609699e+03 1.2073036e+03 1.1518052e+03 9.3899360e+02 7.5973441e+02 7.7226951e+02 8.1256668e+02 7.5930790e+02 8.1224370e+02
-2.0386053e-02 -1.9563188e-02 -1.8740311e-02 -1.7905611e-02 -1.7098753e-02 -1.6304616e-02 -1.5507241e-02 -1.4716481e-02 -1.3953921e-02 -1.3200980e-02 -1.2496158e-02 -1.1859878e-02 -1.1302374e-02 -1.0871179e-02 -1.0592130e-02 -1.0538864e-02 -1.0694983e-02 -1.1345641e-02 -1.2298148e-02 -1.3686546e-02 -1.5934834e-02 -1.9643063e-02 -2.5512238e-02 -3.4728139e-02 -5.0887792e-02 -8.1065700e-02 -1.3495636e-01 1.8170484e+02 3.3071065e+02 2.1398816e+02 1.1648609e+02 1.0649875e+02 1.5249917e+02 2.1174886e+02 2.8601786e+02 5.5487054e+02 9.0344550e+02 1.0188712e+03 1.1020307e+03 1.1585212e+03 1.3262615e+03 1.2735251e+03 9.9628374e+02 9.2253966e+02 8.8527876e+02 8.2948671e+02 8.2520837e+02 8.7215812e+02 7.5794227e+02 8.5523848e+02
-1.8741221e-02 -1.8138273e-02 -1.7524481e-02 -1.6907061e-02 -1.6296623e-02 -1.5688254e-02 -1.5077034e-02 -1.4461011e-02 -1.3889666e-02 -1.3325504e-02 -1.2785957e-02 -1.2271139e-02 -1.1807052e-02 -1.1438546e-02 -1.1204554e-02 -1.1182573e-02 -1.1366537e-02 -1.1899865e-02 -1.2794165e-02 -1.4066661e-02 -1.6153388e-02 -1.9806725e-02 -2.5631526e-02 -3.4077396e-02 -4.5397507e-02 -6.3935705e-02 1.8717520e+01 3.3823005e+02 3.9476285e+02 2.4349958e+02 1.7573924e+02 1.3224050e+02 1.5200104e+02 2.2399603e+02 2.6649018e+02 4.1718619e+02 6.2766844e+02 8.7518807e+02 1.0972211e+03 1.0257842e+03 1.1975422e+03 1.2987142e+03 1.1191647e+03 1.0114229e+03 9.8967742e+02 9.4671439e+02 9.5123924e+02 1.0967486e+03 9.7371794e+02 9.8870582e+02
-1.7151471e-02 -1.6779141e-02 -1.6376550e-02 -1.5967301e-02 -1.5542425e-02 -1.5110445e-02 -1.4683629e-02 -1.4250999e-02 -1.3837417e-02 -1.3433909e-02 -1.3012506e-02 -1.2602623e-02 -1.2210521e-02 -1.1862488e-02 -1.1610171e-02 -1.1468356e-02 -1.1453133e-02 -1.1612377e-02 -1.2012078e-02 -1.2782003e-02 -1.3931176e-02 -1.6577189e-02 -2.1092443e-02 -2.7605345e-02 -3.8475053e-02 -5.0475910e-02 1.3573351e+02 3.7925284e+02 3.3376271e+02 2.6249244e+02 2.2898844e+02 1.8423771e+02 1.2700945e+02 1.8052227e+02 3.5772153e+02 7.2693403e+02 8.8247500e+02 9.0155126e+02 1.0950300e+03 1.0701969e+03 1.0285286e+03 1.1176122e+03 1.1180864e+03 1.0835473e+03 1.1265155e+03 1.0327497e+03 1.0064876e+03 1.1152436e+03 1.0854853e+03 1.0837545e+03
-1.5696731e-02 -1.5518692e-02 -1.5300063e-02 -1.5072105e-02 -1.4825822e-02 -1.4560893e-02 -1.4298086e-02 -1.4031260e-02 -1.3757547e-02 -1.3444597e-02 -1.3103388e-02 -1.2741489e-02 -1.2355219e-02 -1.1971336e-02 -1.1632959e-02 -1.1375144e-02 -1.1182610e-02 -1.1089873e-02 -1.1237966e-02 -1.1494445e-02 -1.1799901e-02 -1.2736231e-02 -1.4368446e-02 -1.6549991e-02 -2.0914161e-02 -1.6984549e-02 1.4726173e+02 3.1252536e+02 2.6426659e+02 2.8849662e+02 2.6774524e+02 1.8926025e+02 8.2759193e+01 9.1265322e+01 3.2629195e+02 7.7704523e+02 1.0327116e+03 9.5842434e+02 1.2321618e+03 1.3831711e+03 1.1681622e+03 1.0534142e+03 9.1674820e+02 9.7274926e+02 1.0870011e+03 1.0225046e+03 9.8327230e+02 1.0215461e+03 1.0150446e+03 1.0667526e+03
-1.4406386e-02 -1.4394670e-02 -1.4345308e-02 -1.4278054e-02 -1.4197208e-02 -1.4093241e-02 -1.3981186e-02 -1.3862728e-02 -1.3717716e-02 -1.3527574e-02 -1.3277866e-02 -1.2974907e-02 -1.2603776e-02 -1.2177933e-02 -1.1731233e-02 -1.1226146e-02 -1.0662521e-02 -1.0109182e-02 -9.5664284e-03 -8.6162181e-03 -7.3050388e-03 -4.8491002e-03 -1.0753454e-03 3.2112559e-03 9.7352215e-03 4.1009585e-02 5.1279018e+01 2.1551573e+02 2.6623246e+02 2.7176052e+02 2.0977944e+02 1.3951084e+02 1.0897959e+02 2.5266592e+02 4.5740200e+02 6.9948746e+02 9.6056930e+02 1.0357933e+03 1.2825674e+03 1.3465950e+03 1.1975759e+03 1.2719934e+03 1.1741423e+03 1.0889513e+03 1.1297308e+03 1.0967138e+03 1.0282084e+03 1.0244524e+03 1.0439428e+03 1.1224736e+03
-1.3313203e-02 -1.3436714e-02 -1.3530035e-02 -1.3599604e-02 -1.3656245e-02 -1.3693560e-02 -1.3709078e-02 -1.3701294e-02 -1.3637245e-02 -1.3505520e-02 -1.3292125e-02 -1.3005855e-02 -1.2630761e-02 -1.2182204e-02 -1.1676303e-02 -1.1087262e-02 -1.0365213e-02 -9.5468947e-03 -8.4641145e-03 -6.5740044e-03 -3.0115831e-03 2.8236837e-03 1.4385030e-02 3.6727815e-02 8.1479196e-02 1.6591115e-01 3.2955530e-01 1.0253250e+02 1.7905496e+02 1.3579758e+02 7.2529082e+01 7.9014968e+01 1.0652160e+02 3.1780677e+02 6.1778004e+02 6.0280399e+02 7.5951625e+02 1.0734403e+03 1.0525306e+03 9.2233586e+02 9.5002951e+02 1.3717140e+03 1.5634418e+03 1.3054564e+03 1.2032379e+03 1.2032409e+03 1.1534882e+03 1.2532001e+03 1.3861612e+03 1.3114457e+03
-1.2405391e-02 -1.2641496e-02 -1.2852984e-02 -1.3040041e-02 -1.3211580e-02 -1.3372316e-02 -1.3494771e-02 -1.3566418e-02 -1.3570750e-02 -1.3476947e-02 -1.3279136e-02 -1.2989062e-02 -1.2577476e-02 -1.2065719e-02 -1.1466424e-02 -1.0733135e-02 -9.8081296e-03 -8.6961117e-03 -7.0520859e-03 -3.9569755e-03 1.6545949e-03 1.3098856e-02 3.6608952e-02 7.9538482e-02 1.4170209e-01 2.4443429e-01 3.6852150e-01 1.1756345e+01 3.4007098e+01 2.2500860e+01 6.0226017e+01 7.0488600e+01 5.5127778e-02 5.5055924e+01 4.3729743e+02 3.8628882e+02 4.1313271e+02 8.6839831e+02 9.6875527e+02 9.8138815e+02 9.9445117e+02 1.2498387e+03 1.5285736e+03 1.5174527e+03 1.4321636e+03 1.2724794e+03 1.1410172e+03 1.3175226e+03 1.4920439e+03 1.3362940e+03
-1.1625855e-02 -1.1958646e-02 -1.2276292e-02 -1.2574831e-02 -1.2857737e-02 -1.3122017e-02 -1.3338361e-02 -1.3477251e-02 -1.3528650e-02 -1.3438679e-02 -1.3242291e-02 -1.2949345e-02 -1.2466060e-02 -1.1864134e-02 -1.1174236e-02 -1.0325534e-02 -9.2601289e-03 -7.9522266e-03 -5.8907182e-03 -2.3080998e-03 4.4161411e-03 1.8880099e-02 4.7208011e-02 9.4811908e-02 1.5922605e-01 3.1430725e-01 4.4642099e-01 4.4967546e+00 1.4751190e+01 5.0067070e+00 4.5780398e+01 5.3768715e+01 6.5447467e-02 8.9678710e+01 5.2991216e+02 6.4609844e+02 5.1182367e+02 5.8647274e+02 9.0002445e+02 1.1452916e+03 9.5606577e+02 1.0362531e+03 1.3367590e+03 1.4313349e+03 1.4460809e+03 1.2665234e+03 1.1582252e+03 1.2527553e+03 1.3272772e+03 1.1782741e+03
-1.0971290e-02 -1.1390489e-02 -1.1796115e-02 -1.2188892e-02 -1.2557389e-02 -1.2868443e-02 -1.3116971e-02 -1.3277252e-02 -1.3335613e-02 -1.3262089e-02 -1.3110139e-02 -1.2773952e-02 -1.2267400e-02 -1.1681693e-02 -1.0982590e-02 -1.0095630e-02 -8.9916752e-03 -7.5769162e-03 -5.3275129e-03 -1.5365122e-03 5.9685562e-03 2.3457293e-02 5.5154458e-02 1.0373648e-01 1.7444003e-01 3.1578852e-01 5.8984113e+01 3.6239445e+01 6.7522851e+00 6.9241336e-02 6.6093491e-02 6.5309946e-02 6.3255827e-02 1.1306159e+02 4.4712448e+02 9.5951610e+02 1.2733459e+03 9.1488444e+02 6.9831322e+02 9.0731170e+02 8.1324597e+02 8.5807443e+02 1.0431188e+03 1.0980596e+03 1.1640413e+03 1.0958008e+03 1.1315366e+03 1.1585357e+03 1.1463015e+03 1.0377869e+03
-1.0395498e-02 -1.0896087e-02 -1.1364952e-02 -1.1812739e-02 -1.2240012e-02 -1.2573862e-02 -1.2839732e-02 -1.3018881e-02 -1.3045378e-02 -1.2990375e-02 -1.2804684e-02 -1.2412488e-02 -1.1902964e-02 -1.1274528e-02 -1.0468088e-02 -9.5132922e-03 -8.3780448e-03 -6.9908014e-03 -4.9168413e-03 -1.5702916e-03 5.0493464e-03 2.1775336e-02 5.6644743e-02 1.1013263e-01 1.6065528e-01 6.6721652e+01 1.2798577e+02 4.7005910e+01 1.3994527e+01 6.4896301e-02 6.1314052e-02 5.9897864e-02 5.5925251e-02 5.9370454e-02 1.0352517e+02 7.4782651e+02 1.4663206e+03 1.3311840e+03 9.7006733e+02 9.5041901e+02 8.2949694e+02 8.2144111e+02 7.9723807e+02 9.0177594e+02 1.0125247e+03 9.1802671e+02 9.2780243e+02 1.0834969e+03 1.1709374e+03 1.0187212e+03
-9.8406826e-03 -1.0402584e-02 -1.0908670e-02 -1.1380756e-02 -1.1823035e-02 -1.2168191e-02 -1.2428209e-02 -1.2560147e-02 -1.2597367e-02 -1.2512842e-02 -1.2252401e-02 -1.1828956e-02 -1.1316968e-02 -1.0715124e-02 -9.9740612e-03 -9.1028536e-03 -8.0524955e-03 -6.7067467e-03 -4.8425710e-03 -1.8039340e-03 4.2425562e-03 1.8128401e-02 5.6314921e-02 1.0397355e-01 1.6695822e-01 2.1671246e+02 3.0393681e+02 1.0072038e+02 1.9003303e+01 5.2072910e-02 4.5930050e-02 4.2706434e-02 4.2202763e-02 5.2847650e-02 1.7569286e+02 4.8503875e+02 1.0536108e+03 1.3660511e+03 1.3835018e+03 1.2551973e+03 1.0901383e+03 9.4650418e+02 7.6102796e+02 7.5253963e+02 8.9827543e+02 8.7674130e+02 7.4677697e+02 9.3431881e+02 1.1925535e+03 1.1497213e+03
-9.2322746e-03 -9.8315529e-03 -1.0361668e-02 -1.0831055e-02 -1.1255125e-02 -1.1588712e-02 -1.1773001e-02 -1.1906844e-02 -1.1906657e-02 -1.1749611e-02 -1.1444021e-02 -1.1010322e-02 -1.0506894e-02 -9.9319156e-03 -9.2424042e-03 -8.5116092e-03 -7.6575337e-03 -6.5695638e-03 -5.1873980e-03 -2.8590756e-03 2.9965280e-03 1.5476223e-02 4.5423265e-02 8.1631921e-02 1.0478577e-01 2.7101373e+02 3.8877602e+02 1.7174834e+02 7.0019933e+00 1.4348171e-02 7.8882745e-03 1.2950893e-02 1.7587217e-02 1.0655094e+02 3.6772243e+02 4.6846833e+02 5.6160653e+02 1.1372999e+03 1.3030339e+03 1.2652986e+03 1.2115587e+03 8.3679441e+02 9.6987929e+02 9.9460283e+02 9.1121866e+02 8.9650000e+02 7.9020360e+02 8.9919629e+02 1.1179792e+03 1.1862627e+03
-8.5215456e-03 -9.1334078e-03 -9.6762722e-03 -1.0132681e-02 -1.0518723e-02 -1.0771620e-02 -1.0920422e-02 -1.1000326e-02 -1.0916968e-02 -1.0669757e-02 -1.0307185e-02 -9.8560054e-03 -9.3758380e-03 -8.8525381e-03 -8.2828220e-03 -7.7232033e-03 -7.0919040e-03 -6.4160826e-03 -5.4693854e-03 -3.7769484e-03 2.9661118e-04 4.7924000e-03 1.7775225e-02 2.8607077e-02 -9.5531485e-02 1.7502896e+02 2.6952696e+02 1.3126972e+02 1.6991888e-02 -2.2758567e-02 -2.5503551e-02 -2.0141785e-02 -1.2848370e-02 1.4018372e+02 4.8097728e+02 6.7468996e+02 7.3406588e+02 1.1624385e+03 1.1545321e+03 9.2210404e+02 1.0145287e+03 9.9613427e+02 1.2622412e+03 1.2055541e+03 9.1003208e+02 8.9100245e+02 8.2877952e+02 8.4982608e+02 9.0461607e+02 8.6113211e+02
-7.5637995e-03 -8.1709485e-03 -8.7123551e-03 -9.1649802e-03 -9.4834226e-03 -9.6997594e-03 -9.8512896e-03 -9.8783347e-03 -9.7534908e-03 -9.4850513e-03 -9.1301339e-03 -8.7001851e-03 -8.2412538e-03 -7.7297026e-03 -7.2341429e-03 -6.6939850e-03 -6.1366500e-03 -5.5873223e-03 -5.0139213e-03 -4.3701672e-03 -2.3783238e-03 -9.3518458e-04 -1.1872970e-03 -1.6023538e-02 -1.8229030e-01 1.0725123e+02 1.5627364e+02 5.0016582e+01 1.7458546e+00 -5.7547140e-02 -5.2111407e-02 -4.7172201e-02 -4.1972365e-02 2.7025840e+02 7.8063852e+02 1.1323552e+03 1.2057239e+03 1.3019993e+03 1.1122367e+03 7.1323891e+02 1.0089736e+03 1.2714931e+03 1.1925401e+03 1.0100332e+03 9.1046751e+02 9.5871717e+02 8.5245967e+02 8.6666586e+02 8.9513740e+02 9.0984516e+02
-6.4444737e-03 -7.0359565e-03 -7.5550909e-03 -7.9766945e-03 -8.2137455e-03 -8.3989242e-03 -8.4946431e-03 -8.4338852e-03 -8.2211169e-03 -7.8810344e-03 -7.4690356e-03 -6.9916943e-03 -6.4995544e-03 -6.0128350e-03 -5.6297809e-03 -5.2752481e-03 -5.0309101e-03 -4.9165122e-03 -5.2132967e-03 -6.3167265e-03 -9.1029937e-03 -1.6435190e-02 -3.8458451e-02 -8.1069696e-02 -3.5957429e-01 1.1149684e+02 1.4598084e+02 6.0978363e+01 4.5029301e+00 -5.6949780e-02 -5.7282232e-02 -5.8005574e-02 -6.1481646e-02 1.8877829e+02 7.1639121e+02 1.1026591e+03 1.1565485e+03 1.2122911e+03 1.1462481e+03 1.0546072e+03 1.1429662e+03 1.0853409e+03 1.0057938e+03 9.2475507e+02 9.9124628e+02 9.3129542e+02 7.7107731e+02 8.6558520e+02 9.8832134e+02 1.1582938e+03
-5.0624071e-03 -5.6174961e-03 -6.0867452e-03 -6.4520372e-03 -6.6685217e-03 -6.8115873e-03 -6.8765617e-03 -6.7940515e-03 -6.5934822e-03 -6.3045146e-03 -5.9657798e-03 -5.6013037e-03 -5.2636253e-03 -4.9572262e-03 -4.7546932e-03 -4.6165974e-03 -4.4991098e-03 -4.3246087e-03 -3.8809821e-03 -2.2974466e-03 3.7168692e-03 2.2638759e-02 2.3325920e-02 4.7183742e+00 1.2994650e+02 1.9871361e+02 2.4672359e+02 1.3973606e+02 -8.4069748e-02 -5.8856862e-02 -5.7551796e-02 -5.5242457e-02 1.3114719e+02 4.7634108e+02 5.5468119e+02 8.4170817e+02 1.1412082e+03 1.1217497e+03 1.1897322e+03 1.2325630e+03 9.3587798e+02 8.7100567e+02 9.5947688e+02 9.8771633e+02 1.0049975e+03 8.1575669e+02 7.5917757e+02 7.7795398e+02 8.3624717e+02 1.0025265e+03
-3.4924391e-03 -3.9981228e-03 -4.4230158e-03 -4.7412312e-03 -4.9209550e-03 -5.0431009e-03 -5.0497654e-03 -4.9177997e-03 -4.6754944e-03 -4.3434578e-03 -3.9478949e-03 -3.5155424e-03 -3.0874616e-03 -2.7117497e-03 -2.3700863e-03 -2.2399862e-03 -2.2827672e-03 -2.4487293e-03 -2.9736894e-03 -3.9764518e-03 -5.0180172e-03 -6.0406682e-03 -2.1869962e-02 2.3523259e+01 1.2780484e+02 1.9878660e+02 2.1004333e+02 8.7537854e+01 -2.0526465e-02 -1.3914960e-02 -2.2227611e-02 -4.2102646e-02 3.3226174e+02 7.3854036e+02 9.6488211e+02 1.1633953e+03 1.1755265e+03 9.2958802e+02 1.2080096e+03 1.4068570e+03 1.0053395e+03 1.0993901e+03 1.2711311e+03 1.1214729e+03 9.5252645e+02 8.8920975e+02 8.9875924e+02 8.4726471e+02 9.5045074e+02 1.0019735e+03
-1.6854475e-03 -2.1326103e-03 -2.4753424e-03 -2.7313084e-03 -2.8712318e-03 -2.9565424e-03 -2.9525165e-03 -2.8442864e-03 -2.6285978e-03 -2.3409082e-03 -2.0087713e-03 -1.6553474e-03 -1.2980454e-03 -9.6396291e-04 -6.4960809e-04 -4.7308365e-04 -4.3333028e-04 -4.5900012e-04 -5.1446153e-04 -5.8598754e-04 -1.4496876e-03 -8.3765190e-03 -4.2293268e-02 -1.2497325e-01 -1.9002048e-01 4.4034176e+01 4.1283832e+01 -5.6073084e-03 5.9568865e-03 2.4401414e-02 2.5972222e-02 1.7421250e+02 6.4584426e+02 8.7789541e+02 1.1917646e+03 1.2495658e+03 9.8656009e+02 9.6464529e+02 1.2714612e+03 1.4068939e+03 1.1226078e+03 1.1363437e+03 1.4093063e+03 1.1897460e+03 8.7076089e+02 9.9399243e+02 9.2572833e+02 8.4948417e+02 1.0532524e+03 1.0427579e+03
1.8598897e-04 -2.0346260e-04 -4.6521699e-04 -6.4267695e-04 -7.4909616e-04 -7.5485868e-04 -6.7843640e-04 -5.4520285e-04 -3.3481081e-04 -5.8175526e-05 2.5860767e-04 5.8111390e-04 9.1489899e-04 1.2359130e-03 1.4884497e-03 1.5963627e-03 1.5210468e-03 1.4392467e-03 9.4330010e-04 6.5737030e-04 -4.9196925e-03 -2.4716884e-02 -7.0482136e-02 -1.0102229e-01 -1.1411377e-01 -1.0615030e-01 -5.9246165e-02 -2.5470086e-03 3.6706920e-02 6.6238545e-02 6.8925920e-02 8.8077517e+01 5.6819264e+02 8.0538877e+02 1.0887829e+03 9.4707337e+02 6.1985878e+02 9.5660912e+02 1.0476423e+03 1.0270305e+03 1.1053994e+03 1.0449479e+03 1.1050837e+03 1.0355752e+03 8.7673627e+02 1.0010044e+03 9.7774781e+02 8.9474504e+02 9.7953161e+02 9.7152492e+02
2.1590793e-03 1.8574000e-03 1.6617915e-03 1.5454683e-03 1.4849189e-03 1.5001175e-03 1.5745556e-03 1.7367654e-03 1.9294733e-03 2.1771466e-03 2.4714313e-03 2.7895230e-03 3.1326269e-03 3.4778700e-03 3.7771469e-03 3.9925297e-03 4.0969294e-03 4.3182825e-03 4.5442465e-03 5.1796299e-03 1.2635137e-03 -1.5067748e-02 -5.7575420e-02 -7.6072818e-02 -8.8117683e-02 -8.5276424e-02 -4.4780418e-02 1.1462930e-02 4.4206805e-02 6.9014646e-02 9.1715106e-02 1.0159511e-01 1.4600209e+02 4.6251949e+02 9.9625986e+02 8.9794895e+02 5.5841901e+02 9.6988397e+02 1.1795454e+03 1.2631097e+03 1.3424912e+03 1.1175188e+03 9.2424965e+02 9.5271276e+02 1.0591791e+03 1.1044476e+03 1.0047397e+03 9.0749907e+02 9.2299443e+02 9.2274756e+02
4.0995571e-03 3.8769140e-03 3.7305861e-03 3.6779669e-03 3.6688630e-03 3.6860907e-03 3.8067541e-03 3.9576716e-03 4.1172930e-03 4.3147232e-03 4.5624034e-03 4.8551270e-03 5.1843115e-03 5.5501801e-03 5.9061780e-03 6.2618098e-03 6.7334465e-03 7.6723237e-03 9.6707755e-03 1.3588366e-02 1.6805047e-02 1.0542156e-02 -1.1266652e-02 -3.2677706e-02 -6.1879715e-02 -6.0705256e-02 3.7708901e+00 3.5125374e-02 4.1607275e-02 6.0258463e-02 7.5289245e-02 1.1466819e+02 3.1017122e+02 3.7801984e+02 5.4819933e+02 5.4221754e+02 5.5183461e+02 1.0178444e+03 1.3951053e+03 1.5739960e+03 1.3724949e+03 1.0290224e+03 9.4149230e+02 9.7627649e+02 1.0418295e+03 1.0230908e+03 9.4378886e+02 9.2674195e+02 9.4849370e+02 9.6373331e+02
