visualization/geoclaw_output/chile2010/eta_0000.asc
ncols     360
nrows     360
xllcorner -1.199166666650000e+02
yllcorner -5.991666666500000e+01
cellsize  1.666666700000000e-01
nodata_value       -9999
[rows 286 to 307 of 360, columns 250 to 299 of 360]
0.0000000e+00 0.0000000e+00 0.0000000e+00 0.0000000e+00 0.0000000e+00 0.0000000e+00 0.0000000e+00 0.0000000e+00 0.0000000e+00 0.0000000e+00 0.0000000e+00 0.0000000e+00 0.0000000e+00 0.0000000e+00 0.0000000e+00 0.0000000e+00 0.0000000e+00 0.0000000e+00 0.0000000e+00 0.0000000e+00 0.0000000e+00 9.7485322e+01 1.7850854e+02 1.4623866e+02 1.9597064e+02 3.2282726e+02 4.8173858e+02 4.2723351e+02 3.5264598e+02 6.2809874e+02 7.0953843e+02 6.3468342e+02 7.1410149e+02 1.0233487e+03 1.1181578e+03 1.2634044e+03 1.3064572e+03 8.5901521e+02 9.8963618e+02 1.2683340e+03 1.1401647e+03 9.5597278e+02 8.8022772e+02 8.1423946e+02 7.8201468e+02 7.6376721e+02 7.8576348e+02 8.2777388e+02 8.1778403e+02 8.2627709e+02
0.0000000e+00 0.0000000e+00 0.0000000e+00 0.0000000e+00 0.0000000e+00 0.0000000e+00 0.0000000e+00 0.0000000e+00 0.0000000e+00 0.0000000e+00 0.0000000e+00 0.0000000e+00 0.0000000e+00 0.0000000e+00 0.0000000e+00 0.0000000e+00 0.0000000e+00 0.0000000e+00 0.0000000e+00 8.7463761e+00 4.3231612e+01 9.6765166e+01 1.6474879e+02 1.6000403e+02 1.4655610e+02 1.0878718e+02 1.1762214e+01 1.7984699e+01 1.5645839e+02 4.7948040e+02 5.1881375e+02 5.2512590e+02 8.6806684e+02 1.1643266e+03 1.0558763e+03 8.6580812e+02 9.4123752e+02 9.3094604e+02 1.0968070e+03 1.2621705e+03 1.1061042e+03 9.5003060e+02 8.6028315e+02 7.6003973e+02 6.9553168e+02 6.9476973e+02 7.4176007e+02 7.6925738e+02 7.5225094e+02 7.5825926e+02
0.0000000e+00 0.0000000e+00 0.0000000e+00 0.0000000e+00 0.0000000e+00 0.0000000e+00 0.0000000e+00 0.0000000e+00 0.0000000e+00 0.0000000e+00 0.0000000e+00 0.0000000e+00 0.0000000e+00 0.0000000e+00 0.0000000e+00 0.0000000e+00 1.9473809e+01 5.8456259e+01 4.3723404e+01 9.5956529e+01 1.0723393e+02 3.4768226e+01 1.2827093e+02 2.4719883e+02 2.4489038e+02 3.3034285e+02 3.2881639e+02 4.0980370e+02 3.8167021e+02 2.7962771e+02 3.0455157e+02 4.5241252e+02 7.6873636e+02 9.3804509e+02 9.2269478e+02 7.7898839e+02 1.0899322e+03 1.2208977e+03 9.5601863e+02 9.2850864e+02 8.8201620e+02 8.2428713e+02 7.6701701e+02 6.9099730e+02 6.5823825e+02 6.7898866e+02 7.2374959e+02 7.4950324e+02 7.7348758e+02 7.8397678e+02
0.0000000e+00 0.0000000e+00 0.0000000e+00 0.0000000e+00 0.0000000e+00 0.0000000e+00 0.0000000e+00 0.0000000e+00 0.0000000e+00 0.0000000e+00 0.0000000e+00 0.0000000e+00 0.0000000e+00 0.0000000e+00 0.0000000e+00 0.0000000e+00 3.2269419e+01 1.5798995e+02 1.2748126e+02 2.3171999e+02 2.0996035e+02 6.2966322e+01 1.6845709e+02 3.5299402e+02 3.5754916e+02 3.8587806e+02 5.9978762e+02 7.8074606e+02 6.8391608e+02 3.9206029e+02 3.9339978e+02 5.6727567e+02 7.1604237e+02 7.4780799e+02 7.3265888e+02 7.3553531e+02 1.0740769e+03 1.1851225e+03 9.3649185e+02 9.0275530e+02 9.0946877e+02 8.4944894e+02 7.5673846e+02 6.9575014e+02 6.6101032e+02 6.6701793e+02 6.8752010e+02 7.3375530e+02 8.0824362e+02 8.6248072e+02
0.0000000e+00 0.0000000e+00 0.0000000e+00 0.0000000e+00 0.0000000e+00 0.0000000e+00 0.0000000e+00 0.0000000e+00 0.0000000e+00 0.0000000e+00 0.0000000e+00 0.0000000e+00 0.0000000e+00 0.0000000e+00 0.0000000e+00 0.0000000e+00 0.0000000e+00 1.0229057e+02 1.4725806e+02 2.1004207e+02 2.3052868e+02 2.4343525e+02 2.2701120e+02 2.8954071e+02 3.0797760e+02 2.3545328e+02 5.5098880e+02 8.9144345e+02 1.1330890e+03 1.0963060e+03 1.0624851e+03 9.6650591e+02 6.4424659e+02 5.4430286e+02 6.3514332e+02 9.6858704e+02 9.8597077e+02 8.5155901e+02 9.7548689e+02 1.0509137e+03 1.1081728e+03 1.0287034e+03 9.0493061e+02 7.9819386e+02 6.8172828e+02 6.1750902e+02 5.8953333e+02 6.7802513e+02 8.1775123e+02 9.2198689e+02
0.0000000e+00 0.0000000e+00 0.0000000e+00 0.0000000e+00 0.0000000e+00 0.0000000e+00 0.0000000e+00 0.0000000e+00 0.0000000e+00 0.0000000e+00 0.0000000e+00 0.0000000e+00 0.0000000e+00 0.0000000e+00 0.0000000e+00 0.0000000e+00 1.6991756e+01 4.8238871e+01 1.7472678e+02 1.4949093e+02 1.0154204e+02 2.2557502e+02 1.4028641e+02 1.5378366e+02 3.8797857e+02 3.9720809e+02 4.5731279e+02 9.9524986e+02 1.6491284e+03 1.5566922e+03 1.1452212e+03 8.9303620e+02 4.9983285e+02 5.5269216e+02 8.0676305e+02 1.0286311e+03 1.0397499e+03 9.1790410e+02 1.1059415e+03 1.2434810e+03 1.2352578e+03 1.1125008e+03 9.5154424e+02 7.8981114e+02 6.8801841e+02 5.9125536e+02 4.9926608e+02 5.5229383e+02 7.0880867e+02 8.6104672e+02
0.0000000e+00 0.0000000e+00 0.0000000e+00 0.0000000e+00 0.0000000e+00 0.0000000e+00 0.0000000e+00 0.0000000e+00 0.0000000e+00 0.0000000e+00 0.0000000e+00 0.0000000e+00 0.0000000e+00 0.0000000e+00 0.0000000e+00 0.0000000e+00 1.0511886e+01 5.5257325e+01 1.6602819e+02 2.1947042e+02 1.6042509e+02 2.2617412e+02 1.7869209e+02 1.9094555e+02 4.4299115e+02 4.7025180e+02 5.5988004e+02 1.1886432e+03 2.0214165e+03 1.8161647e+03 1.1205409e+03 6.7358319e+02 3.6898894e+02 5.5530680e+02 5.9760255e+02 6.7406413e+02 1.0589895e+03 1.2294243e+03 1.1927609e+03 1.1030967e+03 1.0738314e+03 8.9736817e+02 6.0689608e+02 5.4932145e+02 6.1402239e+02 6.0023963e+02 4.9473632e+02 4.1753041e+02 4.8581427e+02 6.7030846e+02
0.0000000e+00 0.0000000e+00 0.0000000e+00 0.0000000e+00 0.0000000e+00 0.0000000e+00 0.0000000e+00 0.0000000e+00 0.0000000e+00 0.0000000e+00 0.0000000e+00 0.0000000e+00 0.0000000e+00 0.0000000e+00 0.0000000e+00 0.0000000e+00 3.5224281e+01 1.1520927e+02 1.6197386e+02 2.0278906e+02 2.0080297e+02 3.4401084e+02 3.1373318e+02 2.7875598e+02 4.3351418e+02 4.3176960e+02 6.3907674e+02 1.2505731e+03 2.3089241e+03 2.2673348e+03 1.3450856e+03 8.8030297e+02 6.4585709e+02 6.4414337e+02 5.6441520e+02 5.4700612e+02 9.6831103e+02 1.3067832e+03 1.1964869e+03 1.0022087e+03 8.6103642e+02 5.7880825e+02 3.5874096e+02 4.6372567e+02 6.1247831e+02 6.2474680e+02 5.6622400e+02 4.0372706e+02 3.6625181e+02 5.5250667e+02
0.0000000e+00 0.0000000e+00 0.0000000e+00 0.0000000e+00 0.0000000e+00 0.0000000e+00 0.0000000e+00 0.0000000e+00 0.0000000e+00 0.0000000e+00 0.0000000e+00 0.0000000e+00 0.0000000e+00 0.0000000e+00 0.0000000e+00 0.0000000e+00 1.1573084e+02 1.6801147e+02 1.1180440e+02 1.6348266e+02 1.7096336e+02 3.6522721e+02 4.3045162e+02 2.8948797e+02 3.1055454e+02 2.2884383e+02 3.3209453e+02 1.0552857e+03 2.4677376e+03 2.8236050e+03 1.5570451e+03 7.7725434e+02 8.2929125e+02 8.7647735e+02 6.9876021e+02 4.8153048e+02 5.9914515e+02 8.3672962e+02 9.3540928e+02 9.7655594e+02 8.2798182e+02 5.6469924e+02 4.3496644e+02 4.3079293e+02 5.0708083e+02 4.9632509e+02 4.3035222e+02 3.2606656e+02 2.7105146e+02 3.4435977e+02
0.0000000e+00 0.0000000e+00 0.0000000e+00 0.0000000e+00 0.0000000e+00 0.0000000e+00 0.0000000e+00 0.0000000e+00 0.0000000e+00 0.0000000e+00 0.0000000e+00 0.0000000e+00 0.0000000e+00 0.0000000e+00 0.0000000e+00 0.0000000e+00 5.8551483e+01 8.3286151e+01 3.0990716e+01 2.2248425e+02 2.9996427e+02 3.8451210e+02 5.5572820e+02 4.5341982e+02 3.5541982e+02 2.1716209e+02 1.7224480e+02 9.7326027e+02 2.5114879e+03 3.1889404e+03 2.4779379e+03 1.3224387e+03 8.1271779e+02 9.0275802e+02 9.9082530e+02 8.9823471e+02 6.7606053e+02 5.4368375e+02 5.3456527e+02 6.7786183e+02 7.2207793e+02 6.1277405e+02 4.8775408e+02 3.6424423e+02 3.3151744e+02 3.2751941e+02 2.7373523e+02 2.3923185e+02 2.1123185e+02 1.8348003e+02
0.0000000e+00 0.0000000e+00 0.0000000e+00 0.0000000e+00 0.0000000e+00 0.0000000e+00 0.0000000e+00 0.0000000e+00 0.0000000e+00 0.0000000e+00 0.0000000e+00 0.0000000e+00 0.0000000e+00 0.0000000e+00 0.0000000e+00 0.0000000e+00 0.0000000e+00 9.5053767e+00 3.0759480e+01 1.7604216e+02 2.6430617e+02 3.6899660e+02 5.0105292e+02 4.3883900e+02 3.4833475e+02 2.8130221e+02 3.2541850e+02 1.0189638e+03 2.2706486e+03 2.7970320e+03 2.2621865e+03 1.2166234e+03 5.7666611e+02 5.9516611e+02 8.5900059e+02 1.0329409e+03 8.6283504e+02 6.9697991e+02 6.0139643e+02 5.1922722e+02 5.0804273e+02 5.2152745e+02 5.0398670e+02 3.8849208e+02 2.6801839e+02 2.3853085e+02 2.3628608e+02 2.1703085e+02 1.9427787e+02 1.7502490e+02
0.0000000e+00 0.0000000e+00 0.0000000e+00 0.0000000e+00 0.0000000e+00 0.0000000e+00 0.0000000e+00 0.0000000e+00 0.0000000e+00 0.0000000e+00 0.0000000e+00 0.0000000e+00 0.0000000e+00 0.0000000e+00 0.0000000e+00 0.0000000e+00 6.5204881e+01 1.2068125e+02 8.9457016e+01 1.0549772e+02 1.7499431e+02 4.0223449e+02 4.2024274e+02 2.1578743e+02 2.1174246e+02 2.7994819e+02 3.4257230e+02 8.0166026e+02 1.7861264e+03 2.1380914e+03 1.4432769e+03 6.2720972e+02 3.1148377e+02 3.9669577e+02 4.2899260e+02 4.9161614e+02 5.0636742e+02 5.8283526e+02 7.4327348e+02 6.4919890e+02 5.1370374e+02 4.5401082e+02 4.0357060e+02 3.3428886e+02 2.5973619e+02 2.3647011e+02 2.4146072e+02 2.5719606e+02 2.5043994e+02 2.2694535e+02
0.0000000e+00 0.0000000e+00 0.0000000e+00 0.0000000e+00 0.0000000e+00 0.0000000e+00 0.0000000e+00 0.0000000e+00 0.0000000e+00 0.0000000e+00 0.0000000e+00 0.0000000e+00 0.0000000e+00 0.0000000e+00 0.0000000e+00 0.0000000e+00 5.2802544e+01 1.9752520e+02 1.6125215e+02 5.5530925e+01 9.2303116e+01 3.0207302e+02 4.4449341e+02 2.3245275e+02 2.1950315e+02 4.0747910e+02 3.0844674e+02 5.7271979e+02 1.8665766e+03 2.0532066e+03 1.1778750e+03 9.2861785e+02 7.4676692e+02 7.3860869e+02 6.3788775e+02 5.5109895e+02 4.9688718e+02 5.0221034e+02 7.6721263e+02 8.7067455e+02 7.1468142e+02 5.4893471e+02 4.7638718e+02 4.6138804e+02 5.0812158e+02 5.2711356e+02 4.7990293e+02 4.6118743e+02 4.3945218e+02 4.1044989e+02
0.0000000e+00 0.0000000e+00 0.0000000e+00 0.0000000e+00 0.0000000e+00 0.0000000e+00 0.0000000e+00 0.0000000e+00 0.0000000e+00 0.0000000e+00 0.0000000e+00 0.0000000e+00 0.0000000e+00 0.0000000e+00 0.0000000e+00 0.0000000e+00 0.0000000e+00 6.5550694e+01 7.8045798e+01 0.0000000e+00 1.8239199e+01 1.5201296e+02 2.6261147e+02 1.9232071e+02 1.9201267e+02 2.8309275e+02 3.4578212e+02 1.2651313e+03 2.5740168e+03 1.8296725e+03 6.2944025e+02 1.1482565e+03 1.3643787e+03 1.0057383e+03 8.9496486e+02 7.6652794e+02 5.7506855e+02 5.1703140e+02 7.2606135e+02 9.1255185e+02 8.6798070e+02 7.7243692e+02 7.3746313e+02 6.9872595e+02 7.1700893e+02 6.7680113e+02 5.8253860e+02 5.1927952e+02 4.8052448e+02 4.5677376e+02
0.0000000e+00 0.0000000e+00 0.0000000e+00 0.0000000e+00 0.0000000e+00 0.0000000e+00 0.0000000e+00 0.0000000e+00 0.0000000e+00 0.0000000e+00 0.0000000e+00 0.0000000e+00 0.0000000e+00 0.0000000e+00 0.0000000e+00 0.0000000e+00 0.0000000e+00 2.2973633e+01 5.6966100e+01 1.4733629e+01 2.0009851e+01 7.1783465e+01 7.0499131e+01 9.8233340e+01 1.4676347e+02 1.6847305e+02 3.9094147e+02 1.5839364e+03 2.3253790e+03 1.3878324e+03 4.4016815e+02 7.5422194e+02 1.0483054e+03 6.8344862e+02 5.9595876e+02 4.9612865e+02 3.5780693e+02 3.3532374e+02 4.1761706e+02 5.1242979e+02 5.4520659e+02 5.5144167e+02 5.2715907e+02 5.0188835e+02 5.0186575e+02 4.4733156e+02 3.9132200e+02 3.6006258e+02 3.1482142e+02 2.6608663e+02
0.0000000e+00 0.0000000e+00 0.0000000e+00 0.0000000e+00 0.0000000e+00 0.0000000e+00 0.0000000e+00 0.0000000e+00 0.0000000e+00 0.0000000e+00 0.0000000e+00 0.0000000e+00 0.0000000e+00 0.0000000e+00 0.0000000e+00 0.0000000e+00 0.0000000e+00 4.6013116e+01 1.0000904e+02 5.6492131e+01 1.2994171e+01 2.7565579e+00 4.3766468e+01 1.0076530e+02 1.3924082e+02 2.6771925e+02 5.0824053e+02 1.1145860e+03 1.4478801e+03 1.2447504e+03 7.2916387e+02 3.4951253e+02 4.6977987e+02 4.0546211e+02 2.6023557e+02 2.3777113e+02 2.7624024e+02 2.6471692e+02 2.1125248e+02 1.8950729e+02 2.2422916e+02 2.8171430e+02 3.7867641e+02 4.2465571e+02 4.0169185e+02 3.8170613e+02 3.4170643e+02 3.1896094e+02 2.8119768e+02 2.4342597e+02
0.0000000e+00 0.0000000e+00 0.0000000e+00 0.0000000e+00 0.0000000e+00 0.0000000e+00 0.0000000e+00 0.0000000e+00 0.0000000e+00 0.0000000e+00 0.0000000e+00 0.0000000e+00 0.0000000e+00 0.0000000e+00 0.0000000e+00 0.0000000e+00 0.0000000e+00 2.6997948e+01 1.1373285e+02 8.2742524e+01 6.7595288e+00 0.0000000e+00 9.2536649e+00 4.4017885e+01 8.9788262e+01 2.2580556e+02 4.9226891e+02 6.6517709e+02 9.7189821e+02 1.5922956e+03 1.2927561e+03 4.4892905e+02 3.0331758e+02 3.6106421e+02 4.7688741e+02 5.5154462e+02 6.0281822e+02 6.4481030e+02 4.9208273e+02 3.8337891e+02 3.5319532e+02 3.3825279e+02 4.0580820e+02 4.8031230e+02 4.6502140e+02 4.2102111e+02 3.8601788e+02 3.6876012e+02 3.6075601e+02 3.6125542e+02
0.0000000e+00 0.0000000e+00 0.0000000e+00 0.0000000e+00 0.0000000e+00 0.0000000e+00 0.0000000e+00 0.0000000e+00 0.0000000e+00 0.0000000e+00 0.0000000e+00 0.0000000e+00 0.0000000e+00 0.0000000e+00 0.0000000e+00 0.0000000e+00 0.0000000e+00 5.8733336e+01 1.0877020e+02 4.5529494e+01 0.0000000e+00 0.0000000e+00 5.0471981e+01 6.9716820e+01 1.0969971e+02 2.8615842e+02 4.3026755e+02 3.1327935e+02 4.4241325e+02 1.2134294e+03 1.4269165e+03 6.7094042e+02 3.4715606e+02 5.8455343e+02 7.3720974e+02 8.0330825e+02 9.1125103e+02 1.0142230e+03 8.5545399e+02 5.8450324e+02 3.9378112e+02 3.1076342e+02 2.9550649e+02 3.5725988e+02 3.9776814e+02 3.6251327e+02 3.4400678e+02 3.3950708e+02 3.3775752e+02 3.3900767e+02
0.0000000e+00 0.0000000e+00 0.0000000e+00 0.0000000e+00 0.0000000e+00 0.0000000e+00 0.0000000e+00 0.0000000e+00 0.0000000e+00 0.0000000e+00 0.0000000e+00 0.0000000e+00 0.0000000e+00 0.0000000e+00 0.0000000e+00 0.0000000e+00 0.0000000e+00 3.1033229e+01 1.6534416e+01 0.0000000e+00 6.0966177e+01 7.8952233e+01 9.0004747e+01 9.9016021e+01 1.2853946e+02 2.8009583e+02 2.4259375e+02 2.8848517e+02 6.1498313e+02 1.0061906e+03 1.1932211e+03 6.8730029e+02 4.4703531e+02 6.3117030e+02 5.4765309e+02 5.8856883e+02 7.5334272e+02 7.9165932e+02 6.5916288e+02 4.5857150e+02 3.0352225e+02 2.4502552e+02 2.2603471e+02 2.7403946e+02 3.2452522e+02 3.1476498e+02 3.1101276e+02 3.1300860e+02 3.1200771e+02 3.1500653e+02
0.0000000e+00 0.0000000e+00 0.0000000e+00 0.0000000e+00 0.0000000e+00 0.0000000e+00 0.0000000e+00 0.0000000e+00 0.0000000e+00 0.0000000e+00 0.0000000e+00 0.0000000e+00 0.0000000e+00 0.0000000e+00 0.0000000e+00 0.0000000e+00 0.0000000e+00 0.0000000e+00 0.0000000e+00 0.0000000e+00 7.2277309e+01 1.0478268e+02 8.0001194e+01 8.0744777e+01 9.4230749e+01 1.4548388e+02 1.1323284e+02 3.8545702e+02 1.0922337e+03 1.3163764e+03 9.7990654e+02 8.0338002e+02 5.6539375e+02 2.4530895e+02 2.1629372e+02 3.1259551e+02 3.7888028e+02 3.4085879e+02 2.7081790e+02 2.4630477e+02 2.0828447e+02 1.7551582e+02 1.6025433e+02 1.9300866e+02 2.4202388e+02 2.3803074e+02 2.4252806e+02 2.5952328e+02 2.6552000e+02 2.7126955e+02
0.0000000e+00 0.0000000e+00 0.0000000e+00 0.0000000e+00 0.0000000e+00 0.0000000e+00 0.0000000e+00 0.0000000e+00 0.0000000e+00 0.0000000e+00 0.0000000e+00 0.0000000e+00 0.0000000e+00 0.0000000e+00 0.0000000e+00 0.0000000e+00 0.0000000e+00 0.0000000e+00 0.0000000e+00 1.9227932e+01 4.8486789e+01 6.4741143e+01 9.2491293e+01 6.0267564e+01 6.1039331e+01 8.2054343e+01 1.8172613e+02 4.6549520e+02 9.8358166e+02 1.0073084e+03 7.0750600e+02 7.3641108e+02 5.0864111e+02 2.0871262e+02 1.5424324e+02 2.5968560e+02 3.0666218e+02 2.3795226e+02 2.0522103e+02 1.8523154e+02 1.8248078e+02 1.8397898e+02 1.7623604e+02 1.8974324e+02 2.2073874e+02 2.1373364e+02 1.8900390e+02 1.9701411e+02 2.1875796e+02 2.2101051e+02
0.0000000e+00 0.0000000e+00 0.0000000e+00 0.0000000e+00 0.0000000e+00 0.0000000e+00 0.0000000e+00 0.0000000e+00 0.0000000e+00 0.0000000e+00 0.0000000e+00 0.0000000e+00 0.0000000e+00 0.0000000e+00 0.0000000e+00 0.0000000e+00 0.0000000e+00 0.0000000e+00 9.7163233e+00 9.1228707e+01 1.0223082e+02 1.1148067e+02 7.8517216e+01 1.6508759e+01 2.7980368e+01 6.6454695e+01 1.6328519e+02 3.2858759e+02 7.7229546e+02 8.8026797e+02 5.7282536e+02 4.2102839e+02 3.0223263e+02 2.6250513e+02 2.2696285e+02 3.8324018e+02 4.8098309e+02 4.0794533e+02 3.5468884e+02 2.7471451e+02 2.5147765e+02 2.5148037e+02 2.1524049e+02 2.0549728e+02 2.3600211e+02 2.2650876e+02 1.8000151e+02 1.5900876e+02 1.8126465e+02 1.8176314e+02
