visualization/geoclaw_output/chile2010/topo.asc
ncols     360
nrows     360
xllcorner -1.199166666650000e+02
yllcorner -5.991666666500000e+01
cellsize  1.666666700000000e-01
nodata_value       -9999
[rows 198 to 219 of 360, columns 294 to 342 of 360]
1.1556852e+03 7.7285153e+02 1.2540886e+03 2.4479746e+03 3.4594213e+03 4.0663193e+03 4.0238826e+03 4.0456896e+03 4.1650989e+03 3.1306934e+03 1.9887002e+03 1.4390019e+03 1.0919691e+03 8.2903131e+02 6.8059514e+02 6.4065610e+02 6.2111838e+02 6.0546401e+02 5.8479592e+02 5.5677746e+02 5.2528812e+02 4.8973100e+02 4.6530130e+02 5.0046595e+02 6.1425039e+02 6.6726461e+02 6.1226713e+02 6.6850442e+02 1.1812891e+03 1.3583140e+03 1.0697948e+03 9.6753301e+02 9.2150616e+02 9.6948105e+02 9.6124139e+02 1.0157927e+03 9.3729667e+02 6.8450979e+02 5.5875766e+02 4.7951105e+02 4.0875782e+02 3.3825434e+02 2.8275276e+02 2.3900190e+02 1.9975213e+02 1.6650221e+02 1.4025229e+02 1.2525213e+02 1.1800032e+02
1.0291242e+03 6.3560512e+02 1.0443958e+03 1.9429804e+03 3.0865424e+03 3.9510706e+03 3.9063963e+03 3.9969610e+03 3.8706254e+03 2.6685748e+03 1.7115916e+03 1.2692041e+03 1.0056435e+03 8.4734356e+02 7.3977044e+02 6.7164055e+02 6.1649422e+02 5.9160469e+02 5.7281370e+02 5.5183807e+02 5.2170620e+02 4.9097418e+02 4.6859310e+02 5.2546888e+02 6.1424960e+02 5.7776375e+02 5.2301112e+02 6.3050763e+02 9.2954069e+02 1.0210428e+03 8.6701939e+02 7.9927026e+02 8.5226581e+02 9.4102813e+02 8.8503290e+02 7.9327773e+02 7.1902241e+02 6.1001383e+02 4.9951113e+02 4.1301001e+02 3.5475930e+02 3.1100429e+02 2.6550270e+02 2.2225342e+02 1.8675199e+02 1.5675087e+02 1.3200032e+02 1.1650064e+02 1.1175167e+02
6.2435338e+02 5.5733575e+02 8.8136005e+02 1.6026091e+03 2.4879382e+03 3.3366941e+03 4.0041600e+03 4.3591949e+03 3.7331654e+03 2.3381753e+03 1.3942340e+03 1.0450334e+03 9.0879293e+02 8.8967030e+02 8.9116907e+02 7.7327143e+02 6.4882391e+02 5.8738609e+02 5.5881899e+02 5.3955067e+02 5.1237916e+02 4.8632654e+02 4.6892094e+02 5.2005472e+02 5.6826511e+02 4.9026415e+02 4.5001216e+02 5.6801232e+02 7.5251567e+02 8.3676591e+02 7.6901184e+02 6.9176399e+02 7.2777391e+02 7.4828335e+02 7.0127567e+02 6.5201727e+02 5.8701967e+02 5.1351695e+02 4.2651216e+02 3.5450864e+02 3.0825552e+02 2.9125200e+02 2.5175168e+02 2.0125328e+02 1.7475184e+02 1.5150080e+02 1.2950048e+02 1.1549968e+02 1.0949904e+02
3.6305843e+02 5.4451770e+02 8.9777315e+02 1.5301622e+03 2.2916424e+03 3.1915399e+03 3.9710844e+03 4.1779227e+03 3.8753279e+03 2.6395161e+03 1.3102889e+03 9.4702611e+02 9.1617493e+02 1.0266525e+03 1.0512761e+03 8.9463555e+02 7.1485418e+02 6.0138106e+02 5.5273633e+02 5.2807768e+02 5.0613736e+02 4.8317685e+02 4.6794736e+02 4.7559549e+02 4.7551465e+02 4.2725604e+02 4.1274976e+02 5.1800370e+02 6.7625877e+02 7.4601320e+02 6.8876392e+02 6.1426086e+02 5.9951722e+02 5.7602189e+02 5.5177229e+02 5.2552334e+02 4.7251706e+02 4.2151255e+02 3.6000917e+02 3.0375765e+02 2.7025668e+02 2.6700579e+02 2.3625330e+02 1.8775105e+02 1.6525121e+02 1.4725056e+02 1.3249855e+02 1.2349775e+02 1.1699855e+02
4.7717121e+02 4.7402722e+02 1.1049160e+03 1.9915784e+03 2.4041732e+03 2.9443217e+03 3.5223937e+03 3.4088272e+03 3.4152994e+03 2.7045902e+03 1.4021190e+03 9.8726653e+02 1.0446725e+03 1.1774138e+03 1.1065724e+03 9.1400634e+02 7.3924861e+02 6.2095122e+02 5.6000771e+02 5.2325105e+02 4.9805234e+02 4.7546552e+02 4.5946976e+02 4.4573703e+02 4.3099968e+02 4.1474798e+02 4.1974798e+02 5.1374765e+02 6.5399838e+02 6.9400356e+02 6.3000502e+02 5.6950356e+02 5.2725607e+02 4.8550729e+02 4.5600858e+02 4.2600875e+02 3.9000956e+02 3.5400923e+02 3.1150648e+02 2.6550470e+02 2.3625429e+02 2.3250535e+02 2.1400389e+02 1.8050130e+02 1.5875089e+02 1.4300081e+02 1.3575040e+02 1.3074992e+02 1.2249968e+02
8.9207666e+02 7.1718565e+02 1.2560135e+03 2.7032748e+03 2.8927572e+03 2.6122816e+03 3.3306365e+03 3.4539184e+03 3.3668218e+03 2.9165189e+03 1.7016080e+03 1.1178762e+03 1.1773628e+03 1.2783738e+03 1.1533041e+03 9.1874494e+02 7.3609462e+02 6.3362190e+02 5.6898059e+02 5.2306806e+02 4.8966430e+02 4.6462884e+02 4.4847682e+02 4.3495488e+02 4.2425253e+02 4.1275269e+02 4.8148191e+02 5.7998077e+02 6.2601076e+02 6.3251646e+02 5.9000799e+02 5.4275513e+02 4.9775350e+02 4.5475269e+02 4.1700407e+02 3.8250538e+02 3.4675448e+02 3.1425367e+02 2.8100342e+02 2.4450212e+02 2.1725187e+02 2.0575334e+02 1.9150342e+02 1.6900244e+02 1.5075171e+02 1.3800081e+02 1.3275057e+02 1.2925057e+02 1.2250033e+02
9.0943429e+02 7.9427717e+02 1.0638634e+03 2.4105498e+03 3.2480645e+03 3.1199475e+03 3.5774255e+03 3.7606703e+03 3.4803830e+03 3.1177728e+03 2.0238647e+03 1.3394721e+03 1.3241169e+03 1.3096598e+03 1.1526397e+03 9.1946424e+02 7.2542738e+02 6.2908000e+02 5.6181411e+02 5.1497279e+02 4.8404682e+02 4.6110025e+02 4.4341965e+02 4.2747223e+02 4.1175156e+02 4.1874533e+02 5.3974910e+02 6.2075599e+02 5.8000426e+02 5.5850771e+02 5.3850886e+02 5.0650672e+02 4.6800623e+02 4.2875582e+02 3.9125435e+02 3.5450377e+02 3.2150377e+02 2.9225353e+02 2.6200279e+02 2.3375139e+02 2.0850098e+02 1.8600312e+02 1.6850410e+02 1.5500213e+02 1.4350066e+02 1.3550000e+02 1.3249951e+02 1.2799984e+02 1.2100016e+02
4.7492795e+02 5.8729901e+02 1.0715009e+03 2.0908774e+03 2.9639331e+03 3.2608087e+03 3.6279265e+03 3.7141068e+03 3.4613503e+03 2.8696545e+03 1.9850878e+03 1.5887531e+03 1.5442228e+03 1.3677350e+03 1.0743130e+03 8.6447533e+02 7.1074855e+02 6.1730670e+02 5.5182494e+02 5.0919798e+02 4.8357616e+02 4.6360753e+02 4.4226700e+02 4.2132397e+02 4.0500066e+02 4.3100066e+02 5.4274992e+02 6.0499917e+02 5.5425421e+02 5.1150776e+02 4.9225635e+02 4.6825586e+02 4.3325520e+02 3.9475536e+02 3.6275503e+02 3.3150380e+02 3.0050314e+02 2.7250297e+02 2.4600248e+02 2.2350198e+02 2.0125140e+02 1.7575025e+02 1.5600000e+02 1.4550099e+02 1.3775124e+02 1.3100149e+02 1.2775206e+02 1.2475124e+02 1.1975025e+02
4.4976869e+02 7.5081763e+02 1.5661839e+03 2.5410986e+03 2.9929395e+03 3.2952712e+03 3.5060196e+03 3.2708787e+03 3.2439316e+03 2.7062254e+03 1.8936363e+03 1.6926239e+03 1.6338795e+03 1.3904259e+03 1.0196463e+03 8.1113457e+02 6.7848111e+02 5.9357016e+02 5.4511120e+02 5.1260334e+02 4.8733902e+02 4.6507565e+02 4.4049442e+02 4.1746925e+02 3.9875141e+02 4.3199900e+02 5.6249352e+02 6.2449435e+02 5.3800116e+02 4.7425457e+02 4.5875473e+02 4.3550498e+02 4.0375457e+02 3.7000282e+02 3.3875291e+02 3.0600465e+02 2.7550515e+02 2.4925473e+02 2.2575424e+02 2.0425440e+02 1.8500399e+02 1.6850216e+02 1.5225125e+02 1.4000083e+02 1.3375008e+02 1.2674992e+02 1.2224975e+02 1.2000033e+02 1.1550116e+02
5.1727796e+02 1.0127617e+03 2.1909875e+03 3.2263558e+03 3.4288276e+03 3.3011767e+03 3.3630859e+03 3.1221615e+03 2.6813898e+03 2.2082365e+03 1.7283307e+03 1.5736839e+03 1.5485276e+03 1.3476614e+03 9.9689002e+02 7.8036538e+02 6.3925078e+02 5.6738105e+02 5.3559278e+02 5.0959881e+02 4.8543513e+02 4.6159469e+02 4.3657849e+02 4.1529314e+02 3.9649933e+02 4.1425694e+02 5.1702173e+02 5.6802457e+02 5.0475994e+02 4.5675125e+02 4.3475326e+02 4.1150301e+02 3.8350217e+02 3.5775125e+02 3.2900033e+02 2.8950084e+02 2.5475175e+02 2.3075142e+02 2.0875142e+02 1.8625159e+02 1.6925125e+02 1.5725159e+02 1.4500117e+02 1.3750000e+02 1.3325008e+02 1.2749983e+02 1.2424958e+02 1.2049950e+02 1.1399933e+02
6.6575299e+02 1.3106130e+03 2.1087394e+03 3.1652042e+03 3.5231723e+03 2.9996850e+03 3.0741461e+03 3.0939544e+03 2.4136830e+03 1.8998214e+03 1.6316304e+03 1.4930981e+03 1.4656685e+03 1.3452308e+03 1.0476402e+03 7.9550947e+02 6.4917514e+02 5.7344729e+02 5.2681901e+02 4.9899843e+02 4.7899581e+02 4.5727165e+02 4.3472725e+02 4.1598187e+02 3.9949966e+02 3.9050101e+02 4.2101043e+02 4.5726253e+02 4.5950521e+02 4.4175378e+02 4.1500336e+02 3.9225345e+02 3.6775311e+02 3.4275378e+02 3.1600404e+02 2.8100202e+02 2.4575126e+02 2.2400084e+02 2.0425008e+02 1.8174992e+02 1.6475025e+02 1.5274992e+02 1.4324941e+02 1.3725008e+02 1.3300000e+02 1.2924958e+02 1.2500017e+02 1.1950084e+02 1.1450050e+02
8.2563215e+02 1.4825959e+03 2.0122081e+03 2.9532769e+03 3.5059447e+03 3.1260309e+03 2.8788991e+03 2.5202987e+03 2.0002651e+03 1.7325040e+03 1.5532595e+03 1.4198524e+03 1.3650919e+03 1.3301316e+03 1.2096728e+03 9.3963649e+02 6.7895007e+02 5.6479219e+02 5.1103346e+02 4.8325959e+02 4.6723510e+02 4.4882965e+02 4.2957509e+02 4.1165643e+02 3.9650135e+02 3.8400118e+02 3.8075313e+02 4.0175618e+02 4.2200745e+02 4.1450541e+02 3.9425364e+02 3.7225330e+02 3.4825347e+02 3.2525212e+02 3.0075110e+02 2.7200102e+02 2.4799797e+02 2.2799780e+02 2.0325025e+02 1.8025059e+02 1.6075110e+02 1.4900135e+02 1.4300068e+02 1.3500068e+02 1.3075076e+02 1.2850068e+02 1.2350034e+02 1.1650017e+02 1.1125059e+02
1.0780671e+03 1.5550499e+03 2.2276084e+03 2.7996182e+03 3.1348106e+03 3.0677354e+03 2.5795628e+03 1.9886231e+03 1.6015486e+03 1.4503132e+03 1.3768093e+03 1.3275657e+03 1.3038908e+03 1.3054923e+03 1.3495660e+03 1.1539131e+03 7.7253815e+02 5.6568717e+02 4.9682838e+02 4.5994696e+02 4.4561381e+02 4.3082598e+02 4.1467339e+02 4.0055895e+02 3.9075060e+02 3.7950034e+02 3.6600187e+02 3.7300358e+02 3.8725434e+02 3.8550443e+02 3.7525281e+02 3.6025077e+02 3.4099898e+02 3.2274872e+02 2.9874957e+02 2.7099932e+02 2.5075111e+02 2.2975162e+02 2.0000085e+02 1.7375162e+02 1.5375128e+02 1.4350051e+02 1.3975043e+02 1.2900136e+02 1.2125247e+02 1.1750306e+02 1.1425281e+02 1.0900238e+02 1.0475162e+02
1.3533989e+03 1.6783122e+03 2.2468529e+03 2.6150607e+03 2.7675884e+03 2.8754559e+03 2.5426852e+03 1.9375647e+03 1.5153744e+03 1.3997407e+03 1.3544473e+03 1.3390272e+03 1.3395039e+03 1.3753248e+03 1.4288345e+03 1.2622187e+03 8.9556963e+02 6.2706784e+02 5.2564321e+02 4.6078817e+02 4.2165497e+02 4.0985072e+02 3.9983654e+02 3.9086884e+02 3.8500137e+02 3.7600086e+02 3.6025009e+02 3.5875128e+02 3.7050137e+02 3.6925111e+02 3.5875283e+02 3.5300171e+02 3.4150086e+02 3.2425077e+02 3.0474837e+02 2.8524580e+02 2.6249486e+02 2.3149777e+02 1.9774991e+02 1.7074940e+02 1.5299897e+02 1.4050051e+02 1.3225214e+02 1.1950188e+02 1.0800206e+02 1.0225214e+02 9.9502227e+01 9.8251285e+01 9.9750086e+01
1.6704503e+03 2.0877668e+03 2.3960884e+03 2.6323598e+03 2.6926267e+03 2.9512912e+03 2.7105258e+03 1.9318607e+03 1.4890624e+03 1.3747835e+03 1.3461110e+03 1.3552209e+03 1.4613880e+03 1.5987437e+03 1.6867661e+03 1.5388636e+03 1.1109620e+03 7.3537375e+02 5.8264182e+02 4.8326224e+02 4.1095305e+02 3.9208119e+02 3.8628114e+02 3.8102990e+02 3.7700138e+02 3.7000121e+02 3.5775078e+02 3.5574974e+02 3.6450069e+02 3.6275112e+02 3.5249931e+02 3.4575078e+02 3.3875009e+02 3.2374940e+02 3.0750069e+02 2.9525078e+02 2.7375129e+02 2.3400138e+02 1.9375147e+02 1.7399948e+02 1.6299759e+02 1.4274871e+02 1.2774940e+02 1.1499966e+02 1.0150017e+02 9.6999655e+01 9.3749741e+01 9.5249741e+01 9.8750259e+01
1.8987226e+03 2.2076079e+03 2.2806034e+03 2.7429883e+03 2.6405373e+03 2.5934753e+03 2.4805867e+03 1.9813848e+03 1.6380711e+03 1.4029495e+03 1.3454630e+03 1.3678432e+03 1.5628149e+03 1.8325076e+03 2.1027805e+03 1.9578390e+03 1.3601754e+03 8.7514606e+02 6.5842710e+02 5.3284402e+02 4.2942794e+02 3.8182810e+02 3.7167121e+02 3.6747651e+02 3.6400312e+02 3.5825286e+02 3.5025182e+02 3.5150173e+02 3.5700191e+02 3.5675095e+02 3.5375026e+02 3.4225043e+02 3.3475130e+02 3.2250104e+02 3.0799913e+02 2.9599896e+02 2.6775078e+02 2.2850052e+02 1.9474818e+02 1.8249757e+02 1.7324887e+02 1.4699983e+02 1.2575130e+02 1.1300104e+02 1.0174974e+02 9.6750434e+01 9.0501388e+01 9.2251301e+01 9.6500520e+01
1.5472485e+03 1.7675794e+03 2.0798035e+03 2.6960806e+03 2.4901583e+03 2.1468400e+03 2.2012432e+03 2.0239329e+03 1.8265717e+03 1.6371372e+03 1.4548758e+03 1.3829807e+03 1.6187250e+03 1.8993298e+03 2.1286915e+03 1.8986662e+03 1.3295992e+03 9.5838837e+02 7.4078337e+02 6.0305796e+02 4.7876672e+02 3.9477875e+02 3.5975137e+02 3.5375840e+02 3.4950192e+02 3.4425201e+02 3.4100140e+02 3.4450070e+02 3.4975061e+02 3.5250052e+02 3.5275009e+02 3.5149634e+02 3.3624817e+02 3.1475166e+02 3.0425218e+02 2.8875358e+02 2.5975201e+02 2.2300140e+02 2.0024991e+02 1.9274887e+02 1.7600017e+02 1.4725009e+02 1.2299965e+02 1.1049983e+02 1.0374956e+02 9.5749913e+01 8.6999825e+01 8.7750262e+01 9.1501222e+01
1.7341814e+03 1.9911922e+03 2.2114457e+03 2.5492751e+03 2.4419031e+03 1.9984127e+03 2.0227387e+03 1.9763052e+03 2.0076702e+03 2.0433658e+03 1.6299158e+03 1.4057843e+03 1.6158739e+03 1.8713618e+03 1.9006232e+03 1.5874243e+03 1.1836843e+03 9.4187033e+02 7.7399792e+02 6.4624965e+02 5.2903679e+02 4.3331255e+02 3.6640856e+02 3.4085190e+02 3.3625272e+02 3.3175237e+02 3.2975255e+02 3.3550246e+02 3.4250193e+02 3.4600176e+02 3.4800158e+02 3.5125377e+02 3.3275307e+02 3.0750088e+02 2.9375149e+02 2.7475132e+02 2.5699895e+02 2.2549772e+02 2.0149965e+02 1.9125167e+02 1.6900228e+02 1.4450088e+02 1.2624921e+02 1.1249947e+02 1.0400035e+02 9.7499473e+01 8.9749210e+01 8.8499473e+01 8.9749385e+01
2.1298368e+03 2.3550640e+03 2.4693262e+03 2.5122422e+03 2.6424909e+03 2.4225617e+03 2.0053500e+03 1.7278625e+03 1.9232445e+03 2.0600411e+03 1.6319408e+03 1.4326250e+03 1.5441210e+03 1.7227192e+03 1.6415654e+03 1.3715044e+03 1.1142852e+03 9.0293748e+02 7.6742956e+02 6.5993351e+02 5.6271160e+02 4.6696666e+02 3.7247976e+02 3.2584553e+02 3.2125256e+02 3.1950194e+02 3.1875132e+02 3.2500124e+02 3.3275150e+02 3.3500212e+02 3.3625256e+02 3.2375592e+02 3.0525662e+02 2.9875221e+02 2.8850035e+02 2.6850088e+02 2.4950371e+02 2.2475256e+02 2.0150035e+02 1.7850283e+02 1.5550247e+02 1.4075044e+02 1.3174885e+02 1.1874832e+02 1.0474938e+02 9.9999647e+01 9.3499470e+01 9.2249205e+01 9.4748852e+01
1.9753360e+03 2.1703861e+03 2.5132968e+03 2.3745630e+03 2.3959077e+03 2.5501730e+03 2.0979961e+03 1.5479691e+03 1.6245271e+03 1.8792120e+03 1.7909310e+03 1.7264049e+03 1.6383339e+03 1.5303215e+03 1.3883012e+03 1.2125333e+03 1.0358026e+03 8.8267046e+02 7.6643544e+02 6.7052600e+02 5.8588251e+02 4.8676574e+02 3.7169142e+02 3.1251050e+02 3.0600284e+02 3.0675258e+02 3.0900213e+02 3.1575204e+02 3.2325187e+02 3.2625098e+02 3.2500142e+02 3.1324778e+02 2.9824582e+02 2.9225009e+02 2.8350142e+02 2.6150160e+02 2.3800036e+02 2.2474742e+02 2.1249573e+02 1.7549822e+02 1.4974956e+02 1.4574778e+02 1.4049804e+02 1.2999769e+02 1.1649645e+02 1.0899716e+02 1.0224742e+02 1.0149751e+02 1.0374796e+02
1.8999620e+03 2.0847753e+03 2.3626488e+03 2.1591426e+03 1.8557323e+03 2.2274655e+03 2.2081721e+03 1.5351711e+03 1.4176624e+03 1.8458834e+03 2.0689734e+03 1.9044593e+03 1.5816013e+03 1.3489208e+03 1.2543682e+03 1.1292057e+03 9.6727109e+02 8.5200611e+02 7.5928896e+02 6.7049038e+02 5.8857747e+02 4.9857396e+02 3.7907892e+02 3.0464683e+02 2.9600072e+02 2.9850036e+02 3.0399964e+02 3.1099964e+02 3.1725027e+02 3.1650250e+02 3.1275295e+02 3.1775063e+02 3.1374866e+02 2.9050054e+02 2.7475170e+02 2.5774973e+02 2.2850304e+02 2.1975438e+02 2.1250429e+02 1.7875063e+02 1.6049660e+02 1.5449911e+02 1.4525027e+02 1.3924902e+02 1.3074848e+02 1.2074866e+02 1.1374848e+02 1.1124902e+02 1.1074955e+02
1.9553109e+03 2.0859667e+03 2.3760521e+03 2.4146404e+03 2.0875747e+03 1.9842278e+03 1.8834279e+03 1.4473836e+03 1.4111649e+03 1.7707529e+03 1.8665125e+03 1.5864022e+03 1.3041027e+03 1.1727854e+03 1.1054002e+03 1.0114993e+03 9.0044273e+02 8.0630927e+02 7.2827462e+02 6.4371622e+02 5.5976542e+02 4.8512419e+02 3.8033560e+02 2.9972389e+02 2.8850198e+02 2.9200198e+02 2.9800252e+02 3.0600216e+02 3.0925261e+02 3.0525153e+02 3.0724901e+02 3.1749946e+02 3.3424397e+02 3.0949262e+02 2.8449478e+02 2.7874271e+02 2.3374505e+02 2.1749640e+02 2.1349532e+02 1.8199820e+02 1.6400216e+02 1.4850306e+02 1.3675279e+02 1.3650198e+02 1.3175117e+02 1.2499982e+02 1.2074901e+02 1.1749874e+02 1.1299964e+02
