visualization/geoclaw_output/chile2010/topo.asc
ncols     360
nrows     360
xllcorner -1.199166666650000e+02
yllcorner -5.991666666500000e+01
cellsize  1.666666700000000e-01
nodata_value       -9999
[rows 154 to 175 of 360, columns 0 to 48 of 360]
-2.9237802e+03 -2.5867795e+03 -2.7554956e+03 -3.0385006e+03 -2.8111862e+03 -2.8622095e+03 -3.0860341e+03 -3.0220354e+03 -2.9795152e+03 -3.0377582e+03 -3.1202785e+03 -3.1300115e+03 -3.2232406e+03 -3.0232308e+03 -2.7531293e+03 -2.8873672e+03 -2.7449473e+03 -2.4859544e+03 -2.5207241e+03 -2.6654798e+03 -2.7337190e+03 -2.7179809e+03 -2.5954774e+03 -2.4392477e+03 -2.5712674e+03 -2.7652627e+03 -2.9927674e+03 -2.9582777e+03 -2.7240634e+03 -2.9282813e+03 -3.1202411e+03 -3.0622603e+03 -3.0082525e+03 -3.0422584e+03 -3.0680224e+03 -3.0805101e+03 -3.1395115e+03 -3.1437834e+03 -3.0295281e+03 -3.0100109e+03 -2.9615109e+03 -2.9602621e+03 -3.0645319e+03 -2.9457689e+03 -2.7347450e+03 -2.7429936e+03 -2.8687533e+03 -2.7832685e+03 -2.8002539e+03
-2.9764571e+03 -2.6916955e+03 -2.8647287e+03 -3.0889875e+03 -3.0750021e+03 -3.0162545e+03 -2.9050082e+03 -2.7840204e+03 -2.8927551e+03 -3.0099982e+03 -2.9607589e+03 -2.9815234e+03 -3.0200574e+03 -2.8675561e+03 -2.9105846e+03 -3.0585935e+03 -3.0052418e+03 -2.8577084e+03 -2.7854637e+03 -2.6532733e+03 -2.3191290e+03 -2.1658993e+03 -2.2820966e+03 -2.4082596e+03 -2.4780045e+03 -2.6100238e+03 -2.8365193e+03 -2.8979863e+03 -2.6966926e+03 -2.6645306e+03 -2.8193299e+03 -2.9242721e+03 -2.9945007e+03 -3.0299945e+03 -3.0304862e+03 -3.0375000e+03 -3.0457605e+03 -3.0014999e+03 -2.8962531e+03 -2.9265087e+03 -2.9267472e+03 -2.9127490e+03 -2.9187522e+03 -2.8390061e+03 -2.7290064e+03 -2.7635016e+03 -2.8065113e+03 -2.7692346e+03 -2.8917245e+03
-3.2617255e+03 -3.1764398e+03 -3.1599513e+03 -3.2367275e+03 -3.1649765e+03 -3.1342174e+03 -2.9964700e+03 -2.5610324e+03 -2.7680244e+03 -3.0547412e+03 -2.8985058e+03 -2.7732758e+03 -2.6367832e+03 -2.7419733e+03 -2.7274582e+03 -2.6842446e+03 -2.7228253e+03 -2.8580419e+03 -3.0649702e+03 -2.9729007e+03 -2.5708103e+03 -2.2748237e+03 -2.3596342e+03 -2.5811993e+03 -2.6699499e+03 -2.6234728e+03 -2.6450260e+03 -2.8295300e+03 -3.0522235e+03 -2.6787158e+03 -2.4824994e+03 -2.8909856e+03 -2.9007715e+03 -2.8318026e+03 -3.0027705e+03 -3.0417490e+03 -2.9805049e+03 -2.9740066e+03 -2.9737285e+03 -3.0052225e+03 -3.0319778e+03 -2.9539912e+03 -2.8682598e+03 -2.7382677e+03 -2.6540114e+03 -2.7362548e+03 -2.7467528e+03 -2.7860115e+03 -2.8947750e+03
-3.3684992e+03 -3.4082552e+03 -3.3097632e+03 -3.3072558e+03 -3.2667493e+03 -3.2452563e+03 -3.1942330e+03 -2.8581463e+03 -2.9584298e+03 -3.2119713e+03 -3.1236903e+03 -2.9804244e+03 -2.9311462e+03 -3.0492034e+03 -3.0107244e+03 -2.9226984e+03 -2.6196988e+03 -2.4285605e+03 -2.6116384e+03 -2.8983679e+03 -2.9728451e+03 -2.6763317e+03 -2.7162814e+03 -2.9412150e+03 -2.9204906e+03 -2.8464741e+03 -2.6454737e+03 -2.6712576e+03 -3.0015389e+03 -2.8649900e+03 -2.3270378e+03 -2.4213768e+03 -2.6255441e+03 -2.6589883e+03 -2.9065024e+03 -3.0045099e+03 -2.9207594e+03 -2.8455240e+03 -2.9312819e+03 -3.0585149e+03 -3.0532673e+03 -2.8962727e+03 -2.8165025e+03 -2.6892438e+03 -2.6414915e+03 -2.7319962e+03 -2.7399988e+03 -2.7634938e+03 -2.7795024e+03
-3.3802480e+03 -3.3797516e+03 -3.2874921e+03 -3.3332379e+03 -3.2812472e+03 -3.1920065e+03 -3.2110131e+03 -3.2682557e+03 -3.2704955e+03 -3.2825119e+03 -3.3012674e+03 -3.2437627e+03 -3.3042648e+03 -3.2687440e+03 -3.2307228e+03 -3.2452243e+03 -3.0509477e+03 -2.7828537e+03 -2.7640738e+03 -2.8941322e+03 -2.8421856e+03 -2.3444976e+03 -2.0791219e+03 -2.1872169e+03 -2.5880896e+03 -2.9672470e+03 -2.8479777e+03 -2.7982118e+03 -2.8070077e+03 -2.7702829e+03 -2.4576805e+03 -2.2531628e+03 -2.3640185e+03 -2.6535131e+03 -2.8715060e+03 -2.8735216e+03 -2.8752515e+03 -2.8294796e+03 -2.8472381e+03 -2.9225177e+03 -2.8580296e+03 -2.7770059e+03 -2.7672593e+03 -2.6305204e+03 -2.6055172e+03 -2.7132584e+03 -2.7504987e+03 -2.7705046e+03 -2.7340085e+03
-3.3670052e+03 -3.3657518e+03 -3.3559914e+03 -3.3884988e+03 -3.3459871e+03 -3.2579774e+03 -3.2254833e+03 -3.3252304e+03 -3.3804778e+03 -3.3284768e+03 -3.2002570e+03 -3.1095198e+03 -3.1970112e+03 -3.2875015e+03 -3.3005104e+03 -3.1662951e+03 -3.1422805e+03 -3.2887747e+03 -3.3625324e+03 -3.2027938e+03 -3.0900047e+03 -2.8003918e+03 -2.4757809e+03 -2.3569902e+03 -2.6071551e+03 -2.6695752e+03 -2.4866101e+03 -2.5570970e+03 -2.6417823e+03 -2.8734418e+03 -3.0124355e+03 -2.8074534e+03 -2.6334159e+03 -2.6487379e+03 -2.5260778e+03 -2.5970454e+03 -2.7440303e+03 -2.8375186e+03 -2.8867524e+03 -2.7810165e+03 -2.7647428e+03 -2.7937400e+03 -2.7192522e+03 -2.5604965e+03 -2.5557447e+03 -2.7132416e+03 -2.7827435e+03 -2.7629972e+03 -2.7529868e+03
-3.3442503e+03 -3.3497521e+03 -3.3635068e+03 -3.4057470e+03 -3.4232441e+03 -3.4264816e+03 -3.3967250e+03 -3.3542626e+03 -3.3777730e+03 -3.3690134e+03 -3.2014927e+03 -3.1304750e+03 -3.1959890e+03 -3.2125169e+03 -3.2235083e+03 -3.1547074e+03 -3.1107270e+03 -3.1537581e+03 -3.2100046e+03 -3.1209758e+03 -3.0105147e+03 -3.0810404e+03 -3.2695268e+03 -3.3042802e+03 -3.0994753e+03 -2.8138889e+03 -2.5866146e+03 -2.5271595e+03 -2.6749593e+03 -2.9615371e+03 -3.0660519e+03 -2.8435381e+03 -2.4178874e+03 -2.0749024e+03 -2.0795308e+03 -2.3147733e+03 -2.2525896e+03 -2.2356284e+03 -2.5440814e+03 -2.6220222e+03 -2.6697805e+03 -2.7252768e+03 -2.6607620e+03 -2.5615033e+03 -2.5869977e+03 -2.7514991e+03 -2.8047512e+03 -2.7500060e+03 -2.7425159e+03
-3.3102581e+03 -3.3267535e+03 -3.3767398e+03 -3.3985048e+03 -3.4110090e+03 -3.4937520e+03 -3.5482379e+03 -3.3699834e+03 -3.3292387e+03 -3.3367444e+03 -3.2822375e+03 -3.2699909e+03 -3.2225046e+03 -3.1809908e+03 -3.2407374e+03 -3.2950084e+03 -3.0960268e+03 -3.0487677e+03 -3.1822522e+03 -3.2097525e+03 -3.0652218e+03 -3.0444682e+03 -3.2192354e+03 -3.2474835e+03 -3.2137467e+03 -3.2477551e+03 -3.1924873e+03 -2.9239935e+03 -2.8320023e+03 -2.7677603e+03 -2.5538238e+03 -2.6342631e+03 -2.5728234e+03 -2.3755224e+03 -2.5321075e+03 -2.6356475e+03 -2.3913756e+03 -2.2728614e+03 -2.4924307e+03 -2.5122546e+03 -2.6087343e+03 -2.7039782e+03 -2.6462414e+03 -2.6292300e+03 -2.6142456e+03 -2.6810182e+03 -2.7460133e+03 -2.6750124e+03 -2.6287620e+03
-3.2927462e+03 -3.3387435e+03 -3.4502420e+03 -3.4227392e+03 -3.4887217e+03 -3.5407363e+03 -3.4467874e+03 -3.4000093e+03 -3.4629782e+03 -3.3992401e+03 -3.3749896e+03 -3.3919789e+03 -3.3467146e+03 -3.3254735e+03 -3.2667563e+03 -3.2525021e+03 -3.1804520e+03 -3.1989450e+03 -3.2127403e+03 -3.1882528e+03 -3.2424845e+03 -3.2054921e+03 -3.3407346e+03 -3.3902312e+03 -3.1835108e+03 -3.1080295e+03 -3.0862891e+03 -2.8597725e+03 -2.8547420e+03 -2.8387220e+03 -2.5991644e+03 -2.6059938e+03 -2.8491095e+03 -3.0293172e+03 -2.9987778e+03 -2.9747692e+03 -2.9322413e+03 -2.9159802e+03 -2.7829978e+03 -2.6312158e+03 -2.7897209e+03 -2.7597581e+03 -2.6432594e+03 -2.6897551e+03 -2.6050067e+03 -2.6010015e+03 -2.6882509e+03 -2.6322481e+03 -2.5625043e+03
-3.3427413e+03 -3.3937428e+03 -3.5434848e+03 -3.5544780e+03 -3.5262692e+03 -3.4815286e+03 -3.4169698e+03 -3.5344571e+03 -3.5435019e+03 -3.4609945e+03 -3.5249730e+03 -3.5247381e+03 -3.4460109e+03 -3.3425225e+03 -3.2562463e+03 -3.2919880e+03 -3.3202634e+03 -3.3637643e+03 -3.3447268e+03 -3.2479823e+03 -3.2512634e+03 -3.2167552e+03 -3.3200207e+03 -3.3130382e+03 -3.0222794e+03 -2.9622567e+03 -2.9819866e+03 -2.8659758e+03 -2.9697293e+03 -2.9949891e+03 -2.9180066e+03 -2.8149541e+03 -2.7141734e+03 -2.7767453e+03 -2.4656051e+03 -2.3026486e+03 -2.6965677e+03 -2.9725059e+03 -2.8617326e+03 -2.7744986e+03 -2.7695343e+03 -2.6095293e+03 -2.5450151e+03 -2.6724991e+03 -2.6657281e+03 -2.6247426e+03 -2.6852498e+03 -2.6667433e+03 -2.5889890e+03
-3.3077675e+03 -3.3535174e+03 -3.5595113e+03 -3.6157567e+03 -3.5169830e+03 -3.5057151e+03 -3.5579950e+03 -3.6322687e+03 -3.5849877e+03 -3.5774762e+03 -3.5842623e+03 -3.4787736e+03 -3.3835048e+03 -3.3184834e+03 -3.3327345e+03 -3.3729917e+03 -3.3297341e+03 -3.3794816e+03 -3.4527462e+03 -3.3947310e+03 -3.3937006e+03 -3.2719809e+03 -3.1910116e+03 -3.2434790e+03 -3.1076989e+03 -3.0284766e+03 -3.0539953e+03 -3.0232348e+03 -3.0552493e+03 -3.1204794e+03 -3.0209674e+03 -2.9962507e+03 -3.0582406e+03 -2.9452123e+03 -2.5741168e+03 -2.3645847e+03 -2.5454698e+03 -2.5755939e+03 -2.6500708e+03 -2.7462585e+03 -2.5892608e+03 -2.4387634e+03 -2.4440102e+03 -2.6117662e+03 -2.6730202e+03 -2.6307560e+03 -2.6795016e+03 -2.6385138e+03 -2.6222527e+03
-3.2739909e+03 -3.3319880e+03 -3.4697613e+03 -3.4852763e+03 -3.5400113e+03 -3.6305035e+03 -3.5839985e+03 -3.5477526e+03 -3.6297511e+03 -3.6695006e+03 -3.4917611e+03 -3.2802765e+03 -3.2915185e+03 -3.4122430e+03 -3.4537350e+03 -3.4040005e+03 -3.3702558e+03 -3.4340047e+03 -3.3547787e+03 -3.3595281e+03 -3.4937744e+03 -3.3817415e+03 -3.2547222e+03 -3.2102796e+03 -3.2412677e+03 -3.2024795e+03 -3.1224873e+03 -3.1197408e+03 -3.0692472e+03 -3.1167717e+03 -3.1237568e+03 -3.1059715e+03 -3.1449875e+03 -3.1237427e+03 -3.1197460e+03 -3.0384958e+03 -2.8482037e+03 -2.6343905e+03 -2.7386562e+03 -2.7045020e+03 -2.3987874e+03 -2.4142427e+03 -2.4724825e+03 -2.5055106e+03 -2.5277664e+03 -2.5380175e+03 -2.6310106e+03 -2.6857241e+03 -2.7662108e+03
-3.3162484e+03 -3.3502575e+03 -3.3647654e+03 -3.3937469e+03 -3.4677571e+03 -3.5860078e+03 -3.5904999e+03 -3.5372501e+03 -3.6117535e+03 -3.6275101e+03 -3.4355032e+03 -3.3532047e+03 -3.4446923e+03 -3.5187299e+03 -3.5097508e+03 -3.4059990e+03 -3.3947379e+03 -3.4000040e+03 -3.2559963e+03 -3.2679950e+03 -3.4032485e+03 -3.3355204e+03 -3.2795217e+03 -3.2232169e+03 -3.2759733e+03 -3.2807507e+03 -3.1737497e+03 -3.1325060e+03 -3.0727520e+03 -3.0529944e+03 -3.0915014e+03 -3.1947561e+03 -3.1832529e+03 -3.2007377e+03 -3.1964844e+03 -3.0440028e+03 -2.9780135e+03 -2.9877702e+03 -3.0415172e+03 -2.5947760e+03 -2.2287557e+03 -2.4999855e+03 -2.6077331e+03 -2.5642243e+03 -2.4552520e+03 -2.3655264e+03 -2.5610071e+03 -2.8507340e+03 -2.9622395e+03
-3.0390728e+03 -3.0500696e+03 -3.3049999e+03 -3.3735083e+03 -3.4607447e+03 -3.6092362e+03 -3.5932494e+03 -3.5310015e+03 -3.5870028e+03 -3.5805019e+03 -3.4537421e+03 -3.4980085e+03 -3.6027675e+03 -3.5372655e+03 -3.4850055e+03 -3.4027519e+03 -3.4120077e+03 -3.4152421e+03 -3.3114895e+03 -3.2702544e+03 -3.3120249e+03 -3.3159845e+03 -3.2724800e+03 -3.3647470e+03 -3.3792503e+03 -3.2722515e+03 -3.1954947e+03 -3.1264955e+03 -3.1057395e+03 -3.1184888e+03 -3.1407359e+03 -3.1622522e+03 -3.1759990e+03 -3.1917647e+03 -3.1572758e+03 -3.0657416e+03 -2.9799859e+03 -2.9334936e+03 -3.0107406e+03 -2.7484344e+03 -2.4026996e+03 -2.5295071e+03 -2.6627529e+03 -2.6320085e+03 -2.5547225e+03 -2.5429278e+03 -2.7321988e+03 -2.9537397e+03 -2.9882539e+03
-2.9262058e+03 -3.0001928e+03 -3.3754819e+03 -3.4249783e+03 -3.4864987e+03 -3.5437808e+03 -3.4967755e+03 -3.5444950e+03 -3.6627276e+03 -3.5749995e+03 -3.4475096e+03 -3.5469788e+03 -3.6154790e+03 -3.5664768e+03 -3.4784961e+03 -3.3777546e+03 -3.4489827e+03 -3.4607462e+03 -3.3130102e+03 -3.2544996e+03 -3.2859816e+03 -3.4117409e+03 -3.3844912e+03 -3.3345109e+03 -3.3012699e+03 -3.2677497e+03 -3.2439928e+03 -3.1557470e+03 -3.1489994e+03 -3.1792455e+03 -3.1332661e+03 -3.0745204e+03 -3.1607550e+03 -3.1547448e+03 -3.1122357e+03 -3.1627334e+03 -3.1094807e+03 -3.0137357e+03 -3.0282550e+03 -2.9790065e+03 -2.5912520e+03 -2.5164962e+03 -2.6677458e+03 -2.6319915e+03 -2.6427550e+03 -2.7620160e+03 -2.9062565e+03 -2.9447627e+03 -2.9352598e+03
-3.2329646e+03 -3.2509923e+03 -3.3502748e+03 -3.4032775e+03 -3.5037468e+03 -3.5499673e+03 -3.4497365e+03 -3.4835210e+03 -3.6107861e+03 -3.5150162e+03 -3.4497398e+03 -3.6547433e+03 -3.7059975e+03 -3.6280073e+03 -3.5329897e+03 -3.4879667e+03 -3.5634876e+03 -3.4774995e+03 -3.3609772e+03 -3.3279812e+03 -3.4209833e+03 -3.4747428e+03 -3.3350218e+03 -3.2385141e+03 -3.2165021e+03 -3.2645012e+03 -3.2562541e+03 -3.1987419e+03 -3.2037364e+03 -3.1962501e+03 -3.0657514e+03 -3.0017484e+03 -3.1357515e+03 -3.1662523e+03 -3.1345086e+03 -3.1555186e+03 -3.1232658e+03 -3.0557535e+03 -3.0547381e+03 -3.0229820e+03 -2.7114667e+03 -2.5434967e+03 -2.5915241e+03 -2.6260102e+03 -2.6979806e+03 -2.7849779e+03 -2.9017446e+03 -2.9124956e+03 -2.9094969e+03
-3.2932699e+03 -3.2392608e+03 -3.2415035e+03 -3.2810043e+03 -3.4432691e+03 -3.5872731e+03 -3.4730075e+03 -3.4707322e+03 -3.5762227e+03 -3.5157335e+03 -3.4949984e+03 -3.5767772e+03 -3.6657631e+03 -3.6137464e+03 -3.5557544e+03 -3.5205251e+03 -3.5150252e+03 -3.4610049e+03 -3.4025121e+03 -3.3715075e+03 -3.3877755e+03 -3.2615632e+03 -3.1540256e+03 -3.2617297e+03 -3.2779818e+03 -3.3072376e+03 -3.2902369e+03 -3.2599921e+03 -3.2382547e+03 -3.1972497e+03 -3.1709710e+03 -3.1429646e+03 -3.2272245e+03 -3.2002388e+03 -3.0945018e+03 -3.0810008e+03 -3.0160122e+03 -2.9992613e+03 -3.0800054e+03 -3.0974986e+03 -2.9372244e+03 -2.6162342e+03 -2.5634831e+03 -2.7647034e+03 -2.8369831e+03 -2.8732491e+03 -2.9155018e+03 -2.9145039e+03 -2.9437442e+03
-3.2152506e+03 -3.2574843e+03 -3.2529934e+03 -3.2510036e+03 -3.3422575e+03 -3.4240198e+03 -3.4060102e+03 -3.4575214e+03 -3.6002712e+03 -3.5737513e+03 -3.4772563e+03 -3.4150153e+03 -3.5150267e+03 -3.5977579e+03 -3.5427490e+03 -3.4297487e+03 -3.4507416e+03 -3.4347520e+03 -3.3227589e+03 -3.2930132e+03 -3.2555092e+03 -3.1669613e+03 -3.2397016e+03 -3.4019834e+03 -3.3432511e+03 -3.3430030e+03 -3.3754906e+03 -3.3304893e+03 -3.2602395e+03 -3.2314913e+03 -3.2869985e+03 -3.2807493e+03 -3.2852604e+03 -3.2227553e+03 -3.1059951e+03 -3.1127408e+03 -3.0677240e+03 -3.0004882e+03 -3.0327571e+03 -3.0737577e+03 -3.0447474e+03 -2.6907462e+03 -2.5275265e+03 -2.7288065e+03 -2.7925288e+03 -2.8485074e+03 -2.8397682e+03 -2.8937515e+03 -2.9699989e+03
-3.2035025e+03 -3.3112515e+03 -3.3389838e+03 -3.2934851e+03 -3.2630136e+03 -3.3797418e+03 -3.5019642e+03 -3.4822219e+03 -3.4995055e+03 -3.5027676e+03 -3.4632474e+03 -3.3627485e+03 -3.4120005e+03 -3.5385078e+03 -3.4970132e+03 -3.4310009e+03 -3.4035210e+03 -3.3625172e+03 -3.2987474e+03 -3.2632446e+03 -3.2722362e+03 -3.3349943e+03 -3.3285251e+03 -3.3222880e+03 -3.3142566e+03 -3.3342493e+03 -3.2927815e+03 -3.2620290e+03 -3.2705078e+03 -3.2425059e+03 -3.2722554e+03 -3.2555074e+03 -3.2320037e+03 -3.1800060e+03 -3.1289988e+03 -3.1225066e+03 -3.0890205e+03 -3.0482491e+03 -3.0242451e+03 -2.9852658e+03 -3.0527505e+03 -2.7644842e+03 -2.5529665e+03 -2.6774568e+03 -2.6805008e+03 -2.7850094e+03 -2.8667245e+03 -2.8745036e+03 -2.9047684e+03
-3.2894744e+03 -3.3634845e+03 -3.3697581e+03 -3.3475005e+03 -3.3349671e+03 -3.3785086e+03 -3.4203079e+03 -3.4592845e+03 -3.5034934e+03 -3.4245032e+03 -3.3912719e+03 -3.3774976e+03 -3.4387423e+03 -3.4865060e+03 -3.4465003e+03 -3.4172527e+03 -3.3489934e+03 -3.3234932e+03 -3.3417411e+03 -3.3359859e+03 -3.3462440e+03 -3.3060135e+03 -3.2499957e+03 -3.2677264e+03 -3.2997473e+03 -3.3287522e+03 -3.2534788e+03 -3.2347281e+03 -3.2584953e+03 -3.2524914e+03 -3.2549992e+03 -3.2255005e+03 -3.1967557e+03 -3.1057639e+03 -3.0817639e+03 -3.0402653e+03 -2.9722606e+03 -3.0265067e+03 -3.0335024e+03 -3.0047289e+03 -3.0947383e+03 -2.8427450e+03 -2.7132408e+03 -2.7740177e+03 -2.6959950e+03 -2.8337274e+03 -2.9262597e+03 -2.9389791e+03 -2.9294748e+03
-3.4134923e+03 -3.4527416e+03 -3.3914860e+03 -3.3869888e+03 -3.4659978e+03 -3.4152315e+03 -3.3327153e+03 -3.4764606e+03 -3.6147266e+03 -3.4122501e+03 -3.3477397e+03 -3.4122431e+03 -3.4575027e+03 -3.4482542e+03 -3.4347529e+03 -3.4559868e+03 -3.3732501e+03 -3.3312548e+03 -3.3440084e+03 -3.3520098e+03 -3.3607521e+03 -3.2839923e+03 -3.2664999e+03 -3.3485020e+03 -3.3119995e+03 -3.2607661e+03 -3.2832633e+03 -3.2965054e+03 -3.2680022e+03 -3.2597567e+03 -3.2450035e+03 -3.2235000e+03 -3.1737505e+03 -3.1054861e+03 -3.0459957e+03 -2.9907479e+03 -2.9949831e+03 -3.0067486e+03 -3.0262495e+03 -3.0782514e+03 -3.0887634e+03 -2.9087373e+03 -2.7654951e+03 -2.7874786e+03 -2.8469643e+03 -2.8407708e+03 -2.7900270e+03 -3.0032537e+03 -2.9907588e+03
-3.4397506e+03 -3.4485096e+03 -3.4437499e+03 -3.4362479e+03 -3.4210144e+03 -3.4267655e+03 -3.5259825e+03 -3.6609895e+03 -3.5615380e+03 -3.3632632e+03 -3.3400125e+03 -3.4107574e+03 -3.5024851e+03 -3.4105060e+03 -3.3120304e+03 -3.3098030e+03 -3.3000198e+03 -3.3629866e+03 -3.3639862e+03 -3.3194989e+03 -3.3155102e+03 -3.3397426e+03 -3.3539764e+03 -3.3949853e+03 -3.3654860e+03 -3.2912255e+03 -3.3269747e+03 -3.3247369e+03 -3.2824939e+03 -3.2579938e+03 -3.2404977e+03 -3.2274989e+03 -3.1829970e+03 -3.1747452e+03 -3.0734969e+03 -3.0237431e+03 -3.0854924e+03 -3.0212475e+03 -3.0379973e+03 -3.0837471e+03 -3.0692418e+03 -3.0324792e+03 -2.8117423e+03 -2.7767745e+03 -2.8605323e+03 -2.7287594e+03 -2.6752540e+03 -2.8630343e+03 -2.8970166e+03
