visualization/geoclaw_output/chile2010/topo.asc
ncols     360
nrows     360
xllcorner -1.199166666650000e+02
yllcorner -5.991666666500000e+01
cellsize  1.666666700000000e-01
nodata_value       -9999
[rows 286 to 307 of 360, columns 196 to 244 of 360]
-4.3712728e+03 -4.3217619e+03 -4.2922712e+03 -4.2912661e+03 -4.1955355e+03 -4.1372939e+03 -4.1690072e+03 -4.1702587e+03 -4.1645315e+03 -4.1597782e+03 -4.1785531e+03 -4.1718305e+03 -4.1517998e+03 -4.2035139e+03 -4.1315267e+03 -4.0670232e+03 -4.0919987e+03 -4.0825115e+03 -4.1002744e+03 -4.0160283e+03 -3.9597830e+03 -3.9492752e+03 -3.8744861e+03 -3.8056944e+03 -3.7731791e+03 -3.8169400e+03 -3.8757170e+03 -3.9049837e+03 -3.9257266e+03 -3.8742371e+03 -3.8950048e+03 -3.9094896e+03 -3.8829893e+03 -3.8769709e+03 -3.8472165e+03 -3.8104642e+03 -3.8271970e+03 -3.8732405e+03 -3.9188115e+03 -4.0056057e+03 -3.9295382e+03 -3.7479602e+03 -3.6734082e+03 -3.7263930e+03 -3.7886890e+03 -3.7281533e+03 -3.7251191e+03 -3.8116554e+03 -3.8211885e+03
-4.3389944e+03 -4.3072458e+03 -4.2977257e+03 -4.2934826e+03 -4.1769742e+03 -4.0762386e+03 -4.1115236e+03 -4.0927829e+03 -4.0687697e+03 -4.1279887e+03 -4.1492123e+03 -4.0984584e+03 -4.0540024e+03 -4.1037896e+03 -4.1264758e+03 -4.1209477e+03 -4.1304807e+03 -4.0872359e+03 -4.0392582e+03 -3.9714954e+03 -3.9454745e+03 -3.9552214e+03 -3.9634662e+03 -3.8058060e+03 -3.8013062e+03 -3.9939654e+03 -4.0334485e+03 -4.0202045e+03 -4.0092287e+03 -3.9149911e+03 -3.8512687e+03 -3.8765282e+03 -3.8567748e+03 -3.9012662e+03 -3.9459807e+03 -3.9634538e+03 -4.0002104e+03 -4.0359222e+03 -3.9976457e+03 -3.9116940e+03 -3.9339592e+03 -3.9569278e+03 -3.9424479e+03 -3.9397432e+03 -3.9477260e+03 -3.9692179e+03 -3.9705000e+03 -3.9937474e+03 -3.9529911e+03
-4.3954752e+03 -4.2980092e+03 -4.3267588e+03 -4.3579827e+03 -4.2484873e+03 -4.1654633e+03 -4.0974838e+03 -3.9947698e+03 -4.0504900e+03 -4.2204614e+03 -4.2742204e+03 -4.2382164e+03 -4.1169635e+03 -3.9752796e+03 -4.0663068e+03 -4.1670278e+03 -4.1295200e+03 -4.1279922e+03 -4.1117026e+03 -4.0624554e+03 -4.0252326e+03 -4.0372345e+03 -4.0907153e+03 -3.9088879e+03 -3.8806505e+03 -4.0917320e+03 -4.1267515e+03 -4.1079984e+03 -4.0652412e+03 -3.9682302e+03 -3.9119484e+03 -3.9166999e+03 -3.8892075e+03 -3.9869374e+03 -4.0329725e+03 -4.0704887e+03 -4.1614527e+03 -4.1280286e+03 -4.0685667e+03 -4.0125019e+03 -4.0017545e+03 -4.0550197e+03 -4.0130143e+03 -3.9832334e+03 -4.0394746e+03 -4.0417431e+03 -4.0252204e+03 -4.0199884e+03 -3.9615043e+03
-4.4065190e+03 -4.3224775e+03 -4.3005054e+03 -4.3994948e+03 -4.3614514e+03 -4.2587363e+03 -4.1534859e+03 -4.0219652e+03 -4.0622537e+03 -4.1935535e+03 -4.2355508e+03 -4.1605760e+03 -4.0735603e+03 -4.0561763e+03 -4.1513965e+03 -4.2039519e+03 -4.1509682e+03 -4.1727336e+03 -4.1999997e+03 -4.1502471e+03 -4.1134696e+03 -4.1357121e+03 -4.1689924e+03 -4.1387379e+03 -4.0824905e+03 -4.1032618e+03 -4.1332450e+03 -4.1307393e+03 -4.1232273e+03 -4.0749620e+03 -4.0242409e+03 -4.0279900e+03 -4.0174731e+03 -4.1015008e+03 -4.1107355e+03 -4.0810057e+03 -4.1493042e+03 -4.0922406e+03 -4.0317029e+03 -4.0517268e+03 -4.0527178e+03 -4.0559796e+03 -4.0502154e+03 -4.0672211e+03 -4.1007423e+03 -4.0599970e+03 -4.0270288e+03 -4.0132653e+03 -3.9719900e+03
-4.4072305e+03 -4.3974817e+03 -4.3477187e+03 -4.4002548e+03 -4.4305112e+03 -4.3232286e+03 -4.2374683e+03 -4.1184822e+03 -4.0325126e+03 -4.0984981e+03 -4.1634883e+03 -4.0844650e+03 -4.0599467e+03 -4.2137381e+03 -4.3112668e+03 -4.3124891e+03 -4.2769631e+03 -4.2594691e+03 -4.2557198e+03 -4.2244623e+03 -4.2159746e+03 -4.2397313e+03 -4.2392193e+03 -4.2199678e+03 -4.1764582e+03 -4.1507122e+03 -4.1824781e+03 -4.1737373e+03 -4.1537561e+03 -4.1402526e+03 -4.0824773e+03 -4.0782327e+03 -4.0657507e+03 -4.0995003e+03 -4.1097652e+03 -4.0520101e+03 -4.1307056e+03 -4.1744645e+03 -4.1369899e+03 -4.1104913e+03 -4.0972581e+03 -4.0775087e+03 -4.1117512e+03 -4.1354918e+03 -4.1075041e+03 -4.0764940e+03 -3.9987365e+03 -3.9859995e+03 -3.9887510e+03
-4.4707347e+03 -4.4847205e+03 -4.4584706e+03 -4.4039931e+03 -4.4060022e+03 -4.3669975e+03 -4.3234846e+03 -4.2659368e+03 -4.1834044e+03 -4.2079417e+03 -4.2284761e+03 -4.1759849e+03 -4.2052238e+03 -4.2812249e+03 -4.3004890e+03 -4.3752265e+03 -4.4084648e+03 -4.3817139e+03 -4.3994514e+03 -4.3659602e+03 -4.2984802e+03 -4.2984865e+03 -4.3124907e+03 -4.2922427e+03 -4.2989747e+03 -4.2852141e+03 -4.2509843e+03 -4.2127413e+03 -4.1587411e+03 -4.1330014e+03 -4.1175036e+03 -4.1107496e+03 -4.0662490e+03 -4.0570231e+03 -4.1059868e+03 -4.0872205e+03 -4.1307947e+03 -4.1550464e+03 -4.1322628e+03 -4.1297482e+03 -4.0862479e+03 -4.0689959e+03 -4.0910102e+03 -4.1445033e+03 -4.1157413e+03 -4.0635132e+03 -4.0172534e+03 -3.9770055e+03 -3.9352784e+03
-4.4782612e+03 -4.5027698e+03 -4.4935102e+03 -4.4364889e+03 -4.3925053e+03 -4.3849925e+03 -4.3779854e+03 -4.3667579e+03 -4.3934801e+03 -4.3654715e+03 -4.3022333e+03 -4.2679643e+03 -4.2759873e+03 -4.3262504e+03 -4.3612275e+03 -4.4264953e+03 -4.4635050e+03 -4.4190158e+03 -4.4607651e+03 -4.4617371e+03 -4.3694807e+03 -4.3422394e+03 -4.3429925e+03 -4.3279876e+03 -4.3407523e+03 -4.3337593e+03 -4.2862463e+03 -4.2357460e+03 -4.1807468e+03 -4.1364967e+03 -4.1107501e+03 -4.1062529e+03 -4.0822421e+03 -4.0619740e+03 -4.1454914e+03 -4.1724826e+03 -4.1029704e+03 -4.0832430e+03 -4.1072510e+03 -4.1067645e+03 -4.0737590e+03 -4.0685044e+03 -4.0707510e+03 -4.0917758e+03 -4.0655365e+03 -4.0252579e+03 -3.9792676e+03 -3.9412642e+03 -3.8959931e+03
-4.4612482e+03 -4.4660006e+03 -4.4550111e+03 -4.4442568e+03 -4.4162315e+03 -4.3922535e+03 -4.3447832e+03 -4.3317615e+03 -4.3930203e+03 -4.3785214e+03 -4.2877749e+03 -4.2365534e+03 -4.2250411e+03 -4.2215578e+03 -4.2365920e+03 -4.2773377e+03 -4.3882868e+03 -4.4349753e+03 -4.4367482e+03 -4.4460217e+03 -4.4299858e+03 -4.4069747e+03 -4.3717415e+03 -4.3512496e+03 -4.3292540e+03 -4.3045070e+03 -4.2822560e+03 -4.2387524e+03 -4.1855006e+03 -4.1265089e+03 -4.0782679e+03 -4.0752643e+03 -4.0835072e+03 -4.0847635e+03 -4.1275186e+03 -4.1645220e+03 -4.1272663e+03 -4.0890039e+03 -4.0687704e+03 -3.9775573e+03 -3.9687994e+03 -4.0387621e+03 -4.0332699e+03 -4.0085203e+03 -3.9917543e+03 -3.9970078e+03 -3.9539964e+03 -3.8935122e+03 -3.8885111e+03
-4.4267711e+03 -4.4237731e+03 -4.4452443e+03 -4.5022107e+03 -4.5309544e+03 -4.5716461e+03 -4.4641497e+03 -4.3439815e+03 -4.3877325e+03 -4.3499944e+03 -4.2759815e+03 -4.2441920e+03 -4.2956690e+03 -4.3168884e+03 -4.2871290e+03 -4.3148906e+03 -4.4062029e+03 -4.4570126e+03 -4.4080179e+03 -4.3852622e+03 -4.4207694e+03 -4.4192686e+03 -4.3807535e+03 -4.3807339e+03 -4.3792180e+03 -4.3362252e+03 -4.3057308e+03 -4.2744776e+03 -4.2077370e+03 -4.1294894e+03 -4.0892258e+03 -4.1059684e+03 -4.1157247e+03 -4.1014771e+03 -4.1147384e+03 -4.1274986e+03 -4.1172392e+03 -4.1067362e+03 -4.0709782e+03 -3.9739443e+03 -3.9629536e+03 -4.0327412e+03 -4.0144905e+03 -3.9937378e+03 -3.9902465e+03 -3.9542661e+03 -3.9080294e+03 -3.8550092e+03 -3.8582557e+03
-4.4029921e+03 -4.4157313e+03 -4.4557499e+03 -4.5135332e+03 -4.5752710e+03 -4.6600549e+03 -4.5857825e+03 -4.4407141e+03 -4.4417372e+03 -4.4192167e+03 -4.3789606e+03 -4.3687383e+03 -4.3922771e+03 -4.4315478e+03 -4.4352884e+03 -4.4310447e+03 -4.4225383e+03 -4.3785315e+03 -4.3475160e+03 -4.3799907e+03 -4.4199809e+03 -4.4284761e+03 -4.4219733e+03 -4.4219930e+03 -4.4020194e+03 -4.3365248e+03 -4.3040203e+03 -4.2830177e+03 -4.2255031e+03 -4.1742355e+03 -4.1387465e+03 -4.1390132e+03 -4.1445093e+03 -4.1380025e+03 -4.1167605e+03 -4.0992673e+03 -4.1052676e+03 -4.0990183e+03 -4.0910107e+03 -4.0759986e+03 -4.0474992e+03 -4.0322591e+03 -4.0175079e+03 -3.9965107e+03 -3.9722636e+03 -3.9247504e+03 -3.8652445e+03 -3.8387499e+03 -3.8547462e+03
-4.4617247e+03 -4.5372001e+03 -4.4727405e+03 -4.3820410e+03 -4.4428039e+03 -4.4990359e+03 -4.4765291e+03 -4.4500308e+03 -4.4300195e+03 -4.4392722e+03 -4.4247637e+03 -4.3860020e+03 -4.3372538e+03 -4.3367555e+03 -4.3582550e+03 -4.3592456e+03 -4.3684921e+03 -4.3489850e+03 -4.3349909e+03 -4.3560229e+03 -4.3830402e+03 -4.4095348e+03 -4.4265243e+03 -4.4070156e+03 -4.3682496e+03 -4.3199844e+03 -4.2680000e+03 -4.2277634e+03 -4.2177513e+03 -4.2072459e+03 -4.1704856e+03 -4.1092535e+03 -4.1090108e+03 -4.1335000e+03 -4.1037467e+03 -4.0914870e+03 -4.0954878e+03 -4.0912360e+03 -4.0889904e+03 -4.0730031e+03 -4.0372567e+03 -4.0025076e+03 -3.9827617e+03 -3.9585108e+03 -3.9285110e+03 -3.9065099e+03 -3.8715020e+03 -3.8417484e+03 -3.8522552e+03
-4.4345410e+03 -4.3951312e+03 -4.3475808e+03 -4.3217430e+03 -4.3607425e+03 -4.4227573e+03 -4.4387422e+03 -4.4239838e+03 -4.4104915e+03 -4.4077456e+03 -4.3877573e+03 -4.3645102e+03 -4.3324989e+03 -4.3529852e+03 -4.3897271e+03 -4.3779937e+03 -4.3685080e+03 -4.3627573e+03 -4.3470023e+03 -4.3269935e+03 -4.3484792e+03 -4.3839795e+03 -4.3510185e+03 -4.3327766e+03 -4.3460131e+03 -4.3110208e+03 -4.2562567e+03 -4.1857604e+03 -4.1870162e+03 -4.2032564e+03 -4.1650176e+03 -4.1049989e+03 -4.0974957e+03 -4.1135114e+03 -4.1005051e+03 -4.1140003e+03 -4.1194986e+03 -4.1352390e+03 -4.1267382e+03 -4.0767447e+03 -4.0359940e+03 -3.9997439e+03 -3.9707450e+03 -3.9414989e+03 -3.9087501e+03 -3.8835031e+03 -3.8650017e+03 -3.8372541e+03 -3.8155157e+03
-4.2225802e+03 -4.1065332e+03 -4.2457269e+03 -4.2817799e+03 -4.2560676e+03 -4.3218005e+03 -4.4192690e+03 -4.4252656e+03 -4.4427401e+03 -4.4389865e+03 -4.3977370e+03 -4.3817298e+03 -4.3939659e+03 -4.3997381e+03 -4.3810281e+03 -4.3580178e+03 -4.3435063e+03 -4.3552470e+03 -4.3529943e+03 -4.3265069e+03 -4.3230355e+03 -4.3597845e+03 -4.3804645e+03 -4.3839439e+03 -4.3874631e+03 -4.3339659e+03 -4.2799797e+03 -4.2244674e+03 -4.1997264e+03 -4.1969971e+03 -4.1557375e+03 -4.1272384e+03 -4.1199914e+03 -4.1174863e+03 -4.1169854e+03 -4.1284914e+03 -4.1492344e+03 -4.1667430e+03 -4.1305097e+03 -4.0840011e+03 -4.0592427e+03 -4.0232427e+03 -3.9932421e+03 -3.9669865e+03 -3.9317367e+03 -3.9067335e+03 -3.8849868e+03 -3.8497387e+03 -3.7760069e+03
-4.3238609e+03 -4.2551309e+03 -4.3372205e+03 -4.3399363e+03 -4.3303891e+03 -4.3496830e+03 -4.3815026e+03 -4.3892550e+03 -4.4277686e+03 -4.4202743e+03 -4.4027602e+03 -4.3832694e+03 -4.3960331e+03 -4.4120049e+03 -4.3592343e+03 -4.3462389e+03 -4.3297516e+03 -4.3237712e+03 -4.3492579e+03 -4.3419842e+03 -4.3249631e+03 -4.3139916e+03 -4.3418080e+03 -4.3743121e+03 -4.4107738e+03 -4.3835058e+03 -4.3140009e+03 -4.2864971e+03 -4.2417496e+03 -4.2022499e+03 -4.1834965e+03 -4.1607424e+03 -4.1377484e+03 -4.1267585e+03 -4.1340049e+03 -4.1462484e+03 -4.1722524e+03 -4.1785003e+03 -4.1352375e+03 -4.1062360e+03 -4.0842429e+03 -4.0489925e+03 -4.0262389e+03 -4.0014937e+03 -3.9804853e+03 -3.9634839e+03 -3.9297375e+03 -3.9004821e+03 -3.8344594e+03
-4.5727458e+03 -4.4577525e+03 -4.3347811e+03 -4.4187684e+03 -4.5244991e+03 -4.5024788e+03 -4.4754429e+03 -4.4112322e+03 -4.3845064e+03 -4.3904928e+03 -4.3854997e+03 -4.3594942e+03 -4.3669835e+03 -4.4134942e+03 -4.3862501e+03 -4.3382658e+03 -4.3172557e+03 -4.3429675e+03 -4.3717290e+03 -4.3749968e+03 -4.4037415e+03 -4.3822189e+03 -4.3224528e+03 -4.3254658e+03 -4.3617545e+03 -4.3492641e+03 -4.3075029e+03 -4.2762588e+03 -4.2425000e+03 -4.2137435e+03 -4.1997441e+03 -4.1834945e+03 -4.1405000e+03 -4.1182464e+03 -4.1382426e+03 -4.1554962e+03 -4.1622533e+03 -4.1657571e+03 -4.1547513e+03 -4.1312496e+03 -4.0942513e+03 -4.0587519e+03 -4.0375046e+03 -4.0209951e+03 -4.0107472e+03 -3.9812559e+03 -3.9617441e+03 -3.9442426e+03 -3.8967548e+03
-4.5102907e+03 -4.4205192e+03 -4.4011799e+03 -4.4986849e+03 -4.5085102e+03 -4.4565481e+03 -4.4705603e+03 -4.4270087e+03 -4.4037324e+03 -4.3880087e+03 -4.3762557e+03 -4.4109758e+03 -4.4564644e+03 -4.4557312e+03 -4.3992423e+03 -4.3392335e+03 -4.3222414e+03 -4.3905050e+03 -4.4199930e+03 -4.4099828e+03 -4.4334913e+03 -4.4394980e+03 -4.4182417e+03 -4.4024895e+03 -4.3435061e+03 -4.3097589e+03 -4.2982525e+03 -4.2600006e+03 -4.2502455e+03 -4.2344945e+03 -4.2114991e+03 -4.1957484e+03 -4.1654854e+03 -4.1562315e+03 -4.1752359e+03 -4.1747426e+03 -4.1400096e+03 -4.1277650e+03 -4.1340108e+03 -4.1062650e+03 -4.0647659e+03 -4.0352618e+03 -4.0020160e+03 -3.9910224e+03 -3.9950119e+03 -3.9635044e+03 -3.9440163e+03 -3.9245189e+03 -3.8755076e+03
-4.5077106e+03 -4.4557100e+03 -4.5432372e+03 -4.6192449e+03 -4.5599595e+03 -4.3312751e+03 -4.3022880e+03 -4.4424821e+03 -4.4679801e+03 -4.4129765e+03 -4.3889868e+03 -4.4759862e+03 -4.4475410e+03 -4.3498311e+03 -4.3867651e+03 -4.4272150e+03 -4.3859713e+03 -4.3912446e+03 -4.4297513e+03 -4.4332537e+03 -4.4312601e+03 -4.4332557e+03 -4.4250044e+03 -4.4125047e+03 -4.3537378e+03 -4.3219839e+03 -4.2984974e+03 -4.2644968e+03 -4.2637466e+03 -4.2537443e+03 -4.2269918e+03 -4.2017481e+03 -4.1850032e+03 -4.1815038e+03 -4.2002496e+03 -4.1919974e+03 -4.1474859e+03 -4.1182405e+03 -4.0985100e+03 -4.0829985e+03 -4.0532408e+03 -4.0219959e+03 -3.9857434e+03 -3.9729880e+03 -3.9817457e+03 -3.9515026e+03 -3.9072551e+03 -3.8682639e+03 -3.8432613e+03
-4.5572605e+03 -4.5334944e+03 -4.5747442e+03 -4.6207543e+03 -4.5922717e+03 -4.3916891e+03 -4.3431876e+03 -4.4914891e+03 -4.5347307e+03 -4.4867301e+03 -4.4449802e+03 -4.4850086e+03 -4.4457097e+03 -4.3828988e+03 -4.4172168e+03 -4.4752569e+03 -4.4599853e+03 -4.4207381e+03 -4.4097605e+03 -4.4115091e+03 -4.4337384e+03 -4.4524829e+03 -4.4452336e+03 -4.4142442e+03 -4.3762490e+03 -4.3457522e+03 -4.3072475e+03 -4.2787448e+03 -4.2822425e+03 -4.2839879e+03 -4.2649858e+03 -4.2209906e+03 -4.1727540e+03 -4.1782481e+03 -4.2037484e+03 -4.1877552e+03 -4.1507622e+03 -4.1075159e+03 -4.0577640e+03 -4.0455236e+03 -4.0417661e+03 -4.0102611e+03 -3.9772616e+03 -3.9717628e+03 -3.9652640e+03 -3.9285109e+03 -3.8877563e+03 -3.8474982e+03 -3.8262487e+03
-4.5387504e+03 -4.5502457e+03 -4.5837504e+03 -4.5825184e+03 -4.5352620e+03 -4.5017460e+03 -4.4927240e+03 -4.5279893e+03 -4.5520092e+03 -4.5195006e+03 -4.4937410e+03 -4.4052887e+03 -4.3860760e+03 -4.5000323e+03 -4.4892407e+03 -4.4677475e+03 -4.4877484e+03 -4.4255092e+03 -4.3817561e+03 -4.4229840e+03 -4.4220187e+03 -4.4260329e+03 -4.4542611e+03 -4.4170042e+03 -4.3747519e+03 -4.3452481e+03 -4.3002567e+03 -4.2867504e+03 -4.3134890e+03 -4.3069985e+03 -4.2852522e+03 -4.2584872e+03 -4.2164700e+03 -4.2167291e+03 -4.2204917e+03 -4.1692558e+03 -4.1027662e+03 -4.0630104e+03 -4.0215074e+03 -3.9647742e+03 -3.9467902e+03 -3.9632668e+03 -3.9784875e+03 -3.9589947e+03 -3.9232608e+03 -3.8920107e+03 -3.8647573e+03 -3.8519991e+03 -3.8362454e+03
-4.5634848e+03 -4.5952275e+03 -4.6212272e+03 -4.5927254e+03 -4.5439827e+03 -4.5189937e+03 -4.5454946e+03 -4.5617406e+03 -4.5417469e+03 -4.5145024e+03 -4.4922600e+03 -4.3644854e+03 -4.2882319e+03 -4.4015263e+03 -4.4627752e+03 -4.4545104e+03 -4.4757588e+03 -4.4447293e+03 -4.4144743e+03 -4.4437537e+03 -4.4087391e+03 -4.3909878e+03 -4.4125137e+03 -4.3792684e+03 -4.3387695e+03 -4.3287618e+03 -4.3092379e+03 -4.3114848e+03 -4.3280024e+03 -4.3157463e+03 -4.2929931e+03 -4.2817490e+03 -4.2779934e+03 -4.2717382e+03 -4.2732269e+03 -4.1789884e+03 -4.0834952e+03 -4.0882245e+03 -4.0080006e+03 -3.8303060e+03 -3.7390836e+03 -3.8862791e+03 -4.0192382e+03 -3.9645021e+03 -3.9035009e+03 -3.8720012e+03 -3.8450045e+03 -3.8080272e+03 -3.8072719e+03
-4.6069892e+03 -4.6402456e+03 -4.6540033e+03 -4.5992709e+03 -4.5485147e+03 -4.5137595e+03 -4.5147739e+03 -4.5227829e+03 -4.4985291e+03 -4.4605300e+03 -4.4335252e+03 -4.4064895e+03 -4.3722177e+03 -4.3842339e+03 -4.4035102e+03 -4.3997724e+03 -4.4120294e+03 -4.4220345e+03 -4.4147757e+03 -4.4085174e+03 -4.3745315e+03 -4.3777703e+03 -4.3967456e+03 -4.3574946e+03 -4.3012529e+03 -4.2942589e+03 -4.3447408e+03 -4.3629844e+03 -4.3407399e+03 -4.3329934e+03 -4.3222393e+03 -4.3114832e+03 -4.2410288e+03 -4.2412802e+03 -4.2895135e+03 -4.2214862e+03 -4.1652057e+03 -4.1684775e+03 -4.0979454e+03 -3.8821625e+03 -3.7054360e+03 -3.8035204e+03 -3.9403093e+03 -3.9132787e+03 -3.8960036e+03 -3.8872396e+03 -3.8637342e+03 -3.8222141e+03 -3.8142237e+03
-4.6632269e+03 -4.6564946e+03 -4.6465012e+03 -4.5759931e+03 -4.5324949e+03 -4.5064949e+03 -4.5129770e+03 -4.5274641e+03 -4.4127725e+03 -4.3460390e+03 -4.3979961e+03 -4.4447375e+03 -4.4417405e+03 -4.4119994e+03 -4.3772556e+03 -4.3480088e+03 -4.3400139e+03 -4.3080341e+03 -4.2942970e+03 -4.3347770e+03 -4.3607266e+03 -4.3959686e+03 -4.3213000e+03 -4.3115332e+03 -4.3637094e+03 -4.3539550e+03 -4.3859843e+03 -4.3730097e+03 -4.3612477e+03 -4.3534943e+03 -4.3272577e+03 -4.3332538e+03 -4.2654562e+03 -4.2344737e+03 -4.2689988e+03 -4.2629888e+03 -4.2439970e+03 -4.2097477e+03 -4.1660139e+03 -4.0474882e+03 -3.9056934e+03 -3.8262157e+03 -3.8352538e+03 -3.8772429e+03 -3.9029921e+03 -3.8960051e+03 -3.8767580e+03 -3.8740048e+03 -3.8719915e+03
