visualization/geoclaw_output/chile2010/topo.asc
ncols     360
nrows     360
xllcorner -1.199166666650000e+02
yllcorner -5.991666666500000e+01
cellsize  1.666666700000000e-01
nodata_value       -9999
[rows 264 to 285 of 360, columns 147 to 195 of 360]
-4.3641365e+03 -4.3174091e+03 -4.3159735e+03 -4.2518236e+03 -4.2678468e+03 -4.3165829e+03 -4.2945735e+03 -4.2460561e+03 -4.2847879e+03 -4.3042562e+03 -4.3084923e+03 -4.3755143e+03 -4.4220146e+03 -4.4127550e+03 -4.4472405e+03 -4.4352360e+03 -4.3695007e+03 -4.3780169e+03 -4.3595188e+03 -4.3217499e+03 -4.3314991e+03 -4.3169960e+03 -4.3114951e+03 -4.2982384e+03 -4.2639937e+03 -4.2225124e+03 -4.1972374e+03 -4.1962273e+03 -4.1657412e+03 -4.1549847e+03 -4.1497365e+03 -4.1417398e+03 -4.1419944e+03 -4.1217522e+03 -4.1060049e+03 -4.1075021e+03 -4.0900089e+03 -4.0377572e+03 -3.9922494e+03 -3.9487529e+03 -3.9090080e+03 -3.8622579e+03 -3.8274967e+03 -3.8409894e+03 -3.8827029e+03 -3.8386860e+03 -3.7019690e+03 -3.6532400e+03 -3.6549840e+03
-4.4110921e+03 -4.2988502e+03 -4.2145746e+03 -4.0790076e+03 -4.0350125e+03 -4.1130128e+03 -4.1819792e+03 -4.1609837e+03 -4.1880076e+03 -4.2625135e+03 -4.2987624e+03 -4.3310066e+03 -4.3697600e+03 -4.3847581e+03 -4.4107768e+03 -4.3967822e+03 -4.3370146e+03 -4.3220094e+03 -4.3187504e+03 -4.3407411e+03 -4.3479932e+03 -4.3282487e+03 -4.3249986e+03 -4.3177525e+03 -4.2932426e+03 -4.2264856e+03 -4.2175031e+03 -4.2265085e+03 -4.1877485e+03 -4.1894991e+03 -4.1807489e+03 -4.1662487e+03 -4.1510014e+03 -4.1105031e+03 -4.1017470e+03 -4.0932546e+03 -4.0512593e+03 -4.0367433e+03 -4.0094924e+03 -3.9639898e+03 -3.9309816e+03 -3.8827324e+03 -3.8799785e+03 -3.8992331e+03 -3.9690066e+03 -3.9547596e+03 -3.7757463e+03 -3.7042359e+03 -3.7187359e+03
-4.2082537e+03 -4.1164857e+03 -4.0582492e+03 -4.0227691e+03 -4.0022530e+03 -4.0967449e+03 -4.2040105e+03 -4.1615162e+03 -4.1592561e+03 -4.2577387e+03 -4.3019860e+03 -4.4019596e+03 -4.4364582e+03 -4.3655010e+03 -4.3954803e+03 -4.3817247e+03 -4.3234917e+03 -4.3164931e+03 -4.3207487e+03 -4.3400093e+03 -4.3437589e+03 -4.3257525e+03 -4.3095088e+03 -4.3032544e+03 -4.2882599e+03 -4.2407577e+03 -4.2242437e+03 -4.2224933e+03 -4.2012451e+03 -4.1957480e+03 -4.1847492e+03 -4.1647520e+03 -4.1417530e+03 -4.1059990e+03 -4.0932570e+03 -4.0732549e+03 -4.0529898e+03 -4.0559976e+03 -4.0327466e+03 -3.9964948e+03 -3.9642527e+03 -3.9532342e+03 -3.9439912e+03 -3.9350000e+03 -3.9807378e+03 -3.9672344e+03 -3.8607133e+03 -3.8314537e+03 -3.8152183e+03
-4.1887556e+03 -4.1937274e+03 -4.1367133e+03 -4.0439706e+03 -4.0442269e+03 -4.1207437e+03 -4.1522642e+03 -4.1607341e+03 -4.1722377e+03 -4.2142821e+03 -4.3215048e+03 -4.4305270e+03 -4.4380413e+03 -4.3597518e+03 -4.4352508e+03 -4.4359995e+03 -4.3424993e+03 -4.3312499e+03 -4.3304967e+03 -4.3372420e+03 -4.3225012e+03 -4.3115043e+03 -4.3024945e+03 -4.2775079e+03 -4.2487590e+03 -4.2494881e+03 -4.2497441e+03 -4.2265048e+03 -4.2065024e+03 -4.2129938e+03 -4.2034919e+03 -4.1857379e+03 -4.1557403e+03 -4.1119981e+03 -4.1089854e+03 -4.0924859e+03 -4.0822463e+03 -4.0679967e+03 -4.0527439e+03 -4.0102487e+03 -3.9672458e+03 -4.0002434e+03 -3.9877379e+03 -3.9607377e+03 -4.0025019e+03 -3.9995002e+03 -3.9370005e+03 -3.9240024e+03 -3.8884969e+03
-4.2442177e+03 -4.2150125e+03 -4.2159988e+03 -4.2156970e+03 -4.1662146e+03 -4.1734810e+03 -4.1887182e+03 -4.2037453e+03 -4.1682643e+03 -4.1797343e+03 -4.2892607e+03 -4.3067823e+03 -4.3397556e+03 -4.3649957e+03 -4.3915202e+03 -4.3935209e+03 -4.3305065e+03 -4.3152578e+03 -4.3387494e+03 -4.3435050e+03 -4.3185007e+03 -4.3202415e+03 -4.3339904e+03 -4.2984820e+03 -4.2702307e+03 -4.2697523e+03 -4.2602508e+03 -4.2474851e+03 -4.2149935e+03 -4.2177540e+03 -4.2152525e+03 -4.1972566e+03 -4.1665046e+03 -4.1269947e+03 -4.1210089e+03 -4.0940135e+03 -4.0835031e+03 -4.0700024e+03 -4.0545053e+03 -4.0302417e+03 -3.9937415e+03 -4.0189976e+03 -4.0022552e+03 -3.9710074e+03 -3.9702636e+03 -3.9782600e+03 -3.9135108e+03 -3.8425368e+03 -3.8552691e+03
-4.1900587e+03 -4.2217342e+03 -4.2679761e+03 -4.3135060e+03 -4.2669869e+03 -4.2154988e+03 -4.1877825e+03 -4.1577769e+03 -4.0875247e+03 -4.0660708e+03 -4.1173224e+03 -4.1825276e+03 -4.2870198e+03 -4.3392668e+03 -4.3255116e+03 -4.3170160e+03 -4.3444867e+03 -4.3379811e+03 -4.3262566e+03 -4.3195065e+03 -4.3102533e+03 -4.3417482e+03 -4.3567487e+03 -4.3287535e+03 -4.2562762e+03 -4.2197719e+03 -4.2594995e+03 -4.2642569e+03 -4.2167557e+03 -4.0628209e+03 -4.0600725e+03 -4.1835000e+03 -4.1702436e+03 -4.1662363e+03 -4.1422308e+03 -4.0987342e+03 -4.0827472e+03 -4.0597525e+03 -4.0227600e+03 -4.0005227e+03 -3.9830138e+03 -3.9935147e+03 -3.9852530e+03 -3.9592482e+03 -3.9467477e+03 -3.9727426e+03 -3.9182368e+03 -3.8282199e+03 -3.8357402e+03
-3.8893372e+03 -4.0391048e+03 -4.3387397e+03 -4.3402309e+03 -4.3012465e+03 -4.2642275e+03 -4.1764728e+03 -4.0302849e+03 -3.8980673e+03 -3.7143498e+03 -3.6666464e+03 -3.9513347e+03 -4.1997725e+03 -4.1845583e+03 -4.1705637e+03 -4.2622606e+03 -4.3145280e+03 -4.2962893e+03 -4.3449842e+03 -4.3372348e+03 -4.2935049e+03 -4.3302574e+03 -4.3629983e+03 -4.3339939e+03 -4.2337346e+03 -4.2107324e+03 -4.2337630e+03 -4.2142674e+03 -4.1767637e+03 -4.0476859e+03 -4.0519310e+03 -4.1670080e+03 -4.1610109e+03 -4.1407761e+03 -4.1257774e+03 -4.1052628e+03 -4.0717581e+03 -4.0572487e+03 -3.9847584e+03 -3.9247640e+03 -3.9315112e+03 -3.9032791e+03 -3.9167803e+03 -3.9744944e+03 -3.9939793e+03 -3.9730073e+03 -3.9372540e+03 -3.8612642e+03 -3.8112718e+03
-3.9131506e+03 -4.0463909e+03 -4.3367614e+03 -4.2668051e+03 -4.1730663e+03 -4.1515778e+03 -4.1495406e+03 -4.0529538e+03 -4.0111269e+03 -3.5597252e+03 -3.1713450e+03 -3.5511105e+03 -3.9461015e+03 -3.9887870e+03 -4.0619890e+03 -4.1962716e+03 -4.1697927e+03 -4.1665240e+03 -4.2723015e+03 -4.2997836e+03 -4.2640095e+03 -4.2710215e+03 -4.3185235e+03 -4.3230115e+03 -4.2580037e+03 -4.2327570e+03 -4.1582738e+03 -4.1487645e+03 -4.1385049e+03 -4.1197792e+03 -4.1375276e+03 -4.1187655e+03 -4.1052663e+03 -4.0812528e+03 -4.0772462e+03 -4.0812489e+03 -4.0629961e+03 -4.0510044e+03 -4.0267210e+03 -3.9407281e+03 -3.8705186e+03 -3.8140144e+03 -3.8120208e+03 -3.9182831e+03 -3.9747802e+03 -3.9320127e+03 -3.8850215e+03 -3.8367477e+03 -3.7862403e+03
-3.5295389e+03 -3.9094272e+03 -4.2637745e+03 -4.1115209e+03 -3.9777794e+03 -3.9415251e+03 -4.0510076e+03 -4.2022231e+03 -4.2147737e+03 -3.3448807e+03 -2.5951879e+03 -3.0913650e+03 -3.6293037e+03 -3.7873119e+03 -3.9240790e+03 -4.0228136e+03 -4.0757533e+03 -4.1339919e+03 -4.1697486e+03 -4.2030138e+03 -4.2290076e+03 -4.2444914e+03 -4.2417641e+03 -4.2462762e+03 -4.2335084e+03 -4.1887646e+03 -4.1197450e+03 -4.1062563e+03 -4.1080101e+03 -4.0632484e+03 -4.0590108e+03 -4.0627619e+03 -4.0472622e+03 -4.0720017e+03 -4.0770039e+03 -4.0622605e+03 -4.0517595e+03 -3.9920246e+03 -3.9895475e+03 -3.9225310e+03 -3.8065128e+03 -3.7572634e+03 -3.7070307e+03 -3.7520485e+03 -3.6998549e+03 -3.6853586e+03 -3.7465465e+03 -3.7250573e+03 -3.7200423e+03
-3.7823340e+03 -3.9707912e+03 -4.2115012e+03 -4.1062316e+03 -4.0309441e+03 -4.0649137e+03 -4.1456954e+03 -4.1380589e+03 -4.0088281e+03 -3.4320752e+03 -2.9483860e+03 -3.2480567e+03 -3.6774221e+03 -3.8666484e+03 -3.9529062e+03 -4.1066445e+03 -4.2486611e+03 -4.3284119e+03 -4.4393679e+03 -4.4408684e+03 -4.3266940e+03 -4.2210203e+03 -4.1127996e+03 -4.0605656e+03 -4.0988083e+03 -4.0855364e+03 -4.1045126e+03 -4.0505213e+03 -3.9972947e+03 -4.0160250e+03 -4.0065151e+03 -4.0287548e+03 -4.0279973e+03 -4.0300190e+03 -4.0107788e+03 -4.0077665e+03 -4.0070126e+03 -3.9794814e+03 -4.0289327e+03 -3.9644480e+03 -3.8132338e+03 -3.7027635e+03 -3.6305069e+03 -3.6967286e+03 -3.6491695e+03 -3.5876890e+03 -3.5882815e+03 -3.6072506e+03 -3.7689332e+03
-4.3788718e+03 -4.3510209e+03 -4.2709691e+03 -4.1517459e+03 -4.1295072e+03 -4.1752820e+03 -4.1500528e+03 -4.0869662e+03 -4.0111702e+03 -3.9514174e+03 -3.9456200e+03 -3.8748825e+03 -3.9087133e+03 -4.0844938e+03 -4.2481974e+03 -4.2887656e+03 -4.2500888e+03 -4.3133462e+03 -4.4098977e+03 -4.4126466e+03 -4.2883255e+03 -4.1862469e+03 -4.2066533e+03 -4.2540876e+03 -4.2731046e+03 -4.3243445e+03 -4.4058373e+03 -4.3725682e+03 -4.2783151e+03 -4.2421123e+03 -4.2051359e+03 -4.1646775e+03 -4.1556892e+03 -4.0584667e+03 -3.9579973e+03 -3.9120311e+03 -3.8258275e+03 -3.7548805e+03 -3.7954340e+03 -3.7426627e+03 -3.6835809e+03 -3.5800475e+03 -3.4993084e+03 -3.5920737e+03 -3.5421344e+03 -3.5590756e+03 -3.4757743e+03 -3.3581234e+03 -3.4502259e+03
-4.1537401e+03 -4.2685203e+03 -4.2735298e+03 -4.1595003e+03 -4.1319915e+03 -4.1724692e+03 -4.1466986e+03 -4.1360095e+03 -4.0990363e+03 -4.0707734e+03 -4.1077997e+03 -3.9823144e+03 -3.8967929e+03 -4.0007982e+03 -4.1003770e+03 -4.0688445e+03 -4.0565075e+03 -4.0567817e+03 -4.0542794e+03 -4.0777701e+03 -4.0775295e+03 -4.1087919e+03 -4.3090461e+03 -4.4150828e+03 -4.3548555e+03 -4.4688342e+03 -4.5248542e+03 -4.4563910e+03 -4.3696404e+03 -4.2836179e+03 -4.2118615e+03 -4.1625741e+03 -4.1733024e+03 -4.0705275e+03 -3.9639997e+03 -3.9002246e+03 -3.7784457e+03 -3.6923999e+03 -3.6886182e+03 -3.6816167e+03 -3.7586310e+03 -3.8153343e+03 -3.7985414e+03 -3.6496470e+03 -3.5318698e+03 -3.7298383e+03 -3.7208528e+03 -3.4695699e+03 -3.3483235e+03
-4.2137297e+03 -4.2085098e+03 -4.1957592e+03 -4.2552015e+03 -4.2337073e+03 -4.1397975e+03 -4.0785861e+03 -4.0937617e+03 -4.0977141e+03 -4.0574831e+03 -4.0087499e+03 -3.9257136e+03 -3.9321890e+03 -3.9274884e+03 -3.9327066e+03 -3.9959416e+03 -4.0659877e+03 -4.0946990e+03 -4.0976985e+03 -4.0464955e+03 -4.0324930e+03 -4.0942151e+03 -4.2557305e+03 -4.2142677e+03 -4.1260091e+03 -4.2395307e+03 -4.2003085e+03 -4.0867942e+03 -3.9972962e+03 -3.9740373e+03 -3.9315290e+03 -3.9507821e+03 -4.0095297e+03 -4.0030063e+03 -3.9827408e+03 -3.9255128e+03 -3.9022423e+03 -3.9094914e+03 -3.9335093e+03 -3.9699889e+03 -3.9870048e+03 -4.0453010e+03 -4.0635765e+03 -3.7992783e+03 -3.7300312e+03 -3.9350594e+03 -3.9490332e+03 -3.8524884e+03 -3.7907048e+03
-4.2455043e+03 -4.1917486e+03 -4.1999886e+03 -4.3632440e+03 -4.3412385e+03 -4.1154645e+03 -4.0489283e+03 -4.1022339e+03 -4.1275210e+03 -4.0949980e+03 -4.0244922e+03 -4.0244866e+03 -4.0694919e+03 -4.0454519e+03 -4.1301937e+03 -4.2161972e+03 -4.2041924e+03 -4.2389782e+03 -4.1627689e+03 -4.0460048e+03 -4.1237109e+03 -4.1450094e+03 -4.1465750e+03 -4.1912438e+03 -4.1869600e+03 -4.1277757e+03 -4.0122863e+03 -3.9755119e+03 -3.9392329e+03 -3.9264866e+03 -3.9279727e+03 -3.9224820e+03 -3.9307600e+03 -3.9775066e+03 -3.9687663e+03 -3.8730137e+03 -3.8837671e+03 -3.9020124e+03 -3.9254947e+03 -3.9000466e+03 -3.7726038e+03 -3.8600425e+03 -3.9127494e+03 -3.7422504e+03 -3.6552565e+03 -3.7817679e+03 -3.9139843e+03 -3.9397175e+03 -3.8887458e+03
-4.2587389e+03 -4.2377280e+03 -4.2359931e+03 -4.3532611e+03 -4.4119755e+03 -4.2637101e+03 -4.2114893e+03 -4.1947191e+03 -4.1054901e+03 -4.1067461e+03 -4.1147119e+03 -4.1299598e+03 -4.1477183e+03 -4.1375015e+03 -4.2227596e+03 -4.2937636e+03 -4.2642774e+03 -4.2475176e+03 -4.1517366e+03 -4.0792282e+03 -4.2679659e+03 -4.2214516e+03 -4.0409784e+03 -4.1960038e+03 -4.1977848e+03 -4.0385196e+03 -3.9819789e+03 -3.9662427e+03 -3.9490122e+03 -3.9395069e+03 -3.9565130e+03 -3.9175206e+03 -3.8650234e+03 -3.8860400e+03 -3.8845265e+03 -3.8275094e+03 -3.8612443e+03 -3.9054857e+03 -3.9022672e+03 -3.8672198e+03 -3.5540069e+03 -3.5051380e+03 -3.7770698e+03 -3.8184608e+03 -3.7474465e+03 -3.8344552e+03 -3.8550458e+03 -3.8330871e+03 -3.9357303e+03
-4.3277258e+03 -4.2974915e+03 -4.2714887e+03 -4.3245036e+03 -4.3465582e+03 -4.3467476e+03 -4.3714288e+03 -4.2962291e+03 -4.1627307e+03 -4.1872127e+03 -4.2382250e+03 -4.2414833e+03 -4.2234931e+03 -4.2157084e+03 -4.2669677e+03 -4.2642514e+03 -4.2162471e+03 -4.1722709e+03 -4.1232781e+03 -4.1279969e+03 -4.2677845e+03 -4.2597791e+03 -4.1014908e+03 -4.1405246e+03 -4.1347473e+03 -4.0149923e+03 -3.9975133e+03 -3.9889956e+03 -3.9489877e+03 -3.9250005e+03 -3.8905208e+03 -3.8750010e+03 -3.9152007e+03 -3.9809111e+03 -3.9946669e+03 -3.9534260e+03 -3.9682009e+03 -3.9007668e+03 -3.8297699e+03 -3.9140064e+03 -3.6297043e+03 -3.4566359e+03 -3.7879242e+03 -3.9262342e+03 -3.7667939e+03 -3.8065594e+03 -3.9066774e+03 -3.9091233e+03 -4.0384672e+03
-4.3754997e+03 -4.3467331e+03 -4.3109910e+03 -4.3342414e+03 -4.3052128e+03 -4.3532491e+03 -4.4635242e+03 -4.3974688e+03 -4.2764608e+03 -4.2707445e+03 -4.3127367e+03 -4.2887424e+03 -4.2839758e+03 -4.3139912e+03 -4.2920196e+03 -4.2827390e+03 -4.2522344e+03 -4.2034629e+03 -4.1617019e+03 -4.2039639e+03 -4.2664660e+03 -4.2369825e+03 -4.1155021e+03 -4.0540198e+03 -4.0830294e+03 -4.1164554e+03 -4.1009333e+03 -4.0312326e+03 -4.0484611e+03 -4.0419392e+03 -4.0229108e+03 -4.0439119e+03 -4.0722187e+03 -4.1087736e+03 -4.0807893e+03 -4.0317841e+03 -4.0719959e+03 -3.9994322e+03 -3.9154358e+03 -3.9637179e+03 -3.8449351e+03 -3.8629054e+03 -4.0566878e+03 -4.0347099e+03 -3.8416672e+03 -3.8694077e+03 -4.0764856e+03 -4.0972805e+03 -4.1219900e+03
-4.4107320e+03 -4.4007390e+03 -4.3839712e+03 -4.4117185e+03 -4.4182289e+03 -4.4327097e+03 -4.4724710e+03 -4.4724925e+03 -4.3922294e+03 -4.3849463e+03 -4.4304523e+03 -4.3657177e+03 -4.3854717e+03 -4.3429938e+03 -4.2939793e+03 -4.3417304e+03 -4.2962429e+03 -4.2834959e+03 -4.2812364e+03 -4.3709497e+03 -4.4024637e+03 -4.3002348e+03 -4.2746654e+03 -4.2748655e+03 -4.2131529e+03 -4.1850093e+03 -4.0915721e+03 -3.9907885e+03 -4.1230005e+03 -4.2219679e+03 -4.1565205e+03 -4.1088051e+03 -4.0832758e+03 -4.0365137e+03 -3.9982532e+03 -3.9655000e+03 -4.0245288e+03 -4.0700316e+03 -4.0469964e+03 -4.0722260e+03 -4.0634520e+03 -4.0834808e+03 -4.1272760e+03 -4.1332392e+03 -4.0647177e+03 -4.0689894e+03 -4.1517255e+03 -4.1456941e+03 -4.1664870e+03
-4.4614917e+03 -4.4649776e+03 -4.4707337e+03 -4.4567582e+03 -4.5019776e+03 -4.5704687e+03 -4.5100096e+03 -4.4355269e+03 -4.3572890e+03 -4.4425240e+03 -4.5879658e+03 -4.4884685e+03 -4.4220094e+03 -4.4432040e+03 -4.4521883e+03 -4.4144818e+03 -4.4556740e+03 -4.4911458e+03 -4.4046993e+03 -4.4197752e+03 -4.3912924e+03 -4.4082089e+03 -4.4804778e+03 -4.3523450e+03 -4.2328375e+03 -4.1645013e+03 -4.0569455e+03 -4.0169476e+03 -4.0755242e+03 -4.1258325e+03 -3.9910657e+03 -3.9332861e+03 -3.9760300e+03 -3.9895107e+03 -3.9585175e+03 -3.9237718e+03 -3.9685003e+03 -3.9962566e+03 -4.0572483e+03 -4.1299940e+03 -4.1515023e+03 -4.1117546e+03 -4.0862452e+03 -4.1105227e+03 -4.0400454e+03 -4.0520196e+03 -4.1862566e+03 -4.2609961e+03 -4.2349773e+03
-4.5514612e+03 -4.5754646e+03 -4.5557218e+03 -4.4839774e+03 -4.5307575e+03 -4.6312496e+03 -4.5579651e+03 -4.4314751e+03 -4.2964927e+03 -4.3820076e+03 -4.5687944e+03 -4.4498021e+03 -4.2550781e+03 -4.4043167e+03 -4.5864916e+03 -4.4492501e+03 -4.4560763e+03 -4.5183406e+03 -4.4475286e+03 -4.4706979e+03 -4.5088956e+03 -4.4817528e+03 -4.3815742e+03 -4.1742478e+03 -4.1646977e+03 -4.2127234e+03 -4.1430097e+03 -4.0700249e+03 -3.9582871e+03 -3.8947882e+03 -3.8265202e+03 -3.8192735e+03 -3.8877661e+03 -3.9595050e+03 -3.9534851e+03 -3.9559612e+03 -4.0122268e+03 -4.0037394e+03 -4.0212706e+03 -4.0962737e+03 -4.1432520e+03 -4.0840100e+03 -4.0710128e+03 -4.0924866e+03 -3.9937286e+03 -4.0642239e+03 -4.2452124e+03 -4.3177242e+03 -4.3387184e+03
-4.6434905e+03 -4.6634892e+03 -4.6289897e+03 -4.5637306e+03 -4.5272443e+03 -4.5772789e+03 -4.5347973e+03 -4.4145340e+03 -4.3564757e+03 -4.4264689e+03 -4.5052388e+03 -4.3854815e+03 -4.3148897e+03 -4.5183726e+03 -4.6712137e+03 -4.5764327e+03 -4.4169438e+03 -4.3080198e+03 -4.4132393e+03 -4.6696974e+03 -4.6265430e+03 -4.3753034e+03 -4.2892240e+03 -4.2457145e+03 -4.2904863e+03 -4.2692470e+03 -4.1264989e+03 -3.9462902e+03 -3.8430235e+03 -3.8532335e+03 -3.8412219e+03 -3.8731979e+03 -3.9239647e+03 -3.9759863e+03 -4.0147327e+03 -4.0497396e+03 -4.0757398e+03 -4.0782214e+03 -4.0871945e+03 -4.1184644e+03 -4.1404995e+03 -4.1284665e+03 -4.0837303e+03 -4.1000095e+03 -4.1282005e+03 -4.2002045e+03 -4.3399879e+03 -4.4157243e+03 -4.4159910e+03
-4.6295170e+03 -4.6805019e+03 -4.6897281e+03 -4.6382300e+03 -4.6137098e+03 -4.5502353e+03 -4.4877273e+03 -4.4606912e+03 -4.4714634e+03 -4.5377223e+03 -4.5382438e+03 -4.4162523e+03 -4.4865199e+03 -4.6013342e+03 -4.4361613e+03 -4.4548823e+03 -4.5557329e+03 -4.3354655e+03 -4.4060146e+03 -4.6183303e+03 -4.4587958e+03 -4.3739469e+03 -4.3947202e+03 -4.3584759e+03 -4.3035069e+03 -4.1912944e+03 -4.0475430e+03 -3.8412653e+03 -3.8704618e+03 -4.0246756e+03 -4.0141865e+03 -4.0382148e+03 -4.0232329e+03 -4.0144934e+03 -4.1009716e+03 -4.1302178e+03 -4.1254838e+03 -4.1524894e+03 -4.1917504e+03 -4.1939958e+03 -4.1759817e+03 -4.1715109e+03 -4.1349926e+03 -4.1559607e+03 -4.2722233e+03 -4.3019918e+03 -4.3382631e+03 -4.4330167e+03 -4.4305013e+03
